id,date,Team,Opponent,Location,Game Result,Team Score,Opponent Score,Team Logo,Opponent Logo,Team Rank,Opponent Rank,Team Conf ID,Opponent Conf ID,Overall Record,Conf Record,is_conf_game,type_id,notes_headline,status_type_name,home_conference_id,home_winner,home_current_rank,home_records,away_conference_id,away_winner,away_current_rank,away_records,groups_id,groups_short_name,Team Abbreviation,Opponent Abbreviation,Team Color,Opponent Color,Team Alt Color,Opponent Alt Color,home_abbreviation,home_color,home_alternate_color,away_abbreviation,away_color,away_alternate_color,game_json_url,game_date,PBP,team_box,player_box
401851449,2026-03-13T20:30Z,Princeton,Brown,Neutral,W,65,51,https://a.espncdn.com/i/teamlogos/ncaa/500/163.png,https://a.espncdn.com/i/teamlogos/ncaa/500/225.png,23,99,12,12,,,TRUE,6,Ivy League Tournament pres. by TIAA - Semifinal,STATUS_FINAL,12,TRUE,23,"[{'abbreviation': 'Game', 'name': 'overall', 'summary': '25-3', 'type': 'total'}
 {'abbreviation': None, 'name': 'Home', 'summary': '11-1', 'type': 'home'}
 {'abbreviation': None, 'name': 'Road', 'summary': '11-2', 'type': 'road'}
 {'abbreviation': None, 'name': 'vs. Conf.', 'summary': '12-2', 'type': 'vsconf'}]",12,FALSE,99,"[{'abbreviation': 'Game', 'name': 'overall', 'summary': '16-11', 'type': 'total'}
 {'abbreviation': None, 'name': 'Home', 'summary': '9-2', 'type': 'home'}
 {'abbreviation': None, 'name': 'Road', 'summary': '7-8', 'type': 'road'}
 {'abbreviation': None, 'name': 'vs. Conf.', 'summary': '8-6', 'type': 'vsconf'}]",12,Ivy,PRIN,BRWN,0,4.11E+11,ff6000,949300,PRIN,0,ff6000,BRWN,4.11E+11,949300,https://raw.githubusercontent.com/sportsdataverse/wehoop-wbb-raw/main/wbb/json/final/401851449.json,2026-03-13T20:30Z,TRUE,,
401851330,2026-03-09T23:00Z,UConn,Villanova,Neutral,W,90,51,https://a.espncdn.com/i/teamlogos/ncaa/500/41.png,https://a.espncdn.com/i/teamlogos/ncaa/500/222.png,1,99,4,4,,,TRUE,6,Big East Tournament - Final,STATUS_FINAL,4,TRUE,1,"[{'abbreviation': 'Game', 'name': 'overall', 'summary': '34-0', 'type': 'total'}
 {'abbreviation': None, 'name': 'Home', 'summary': '15-0', 'type': 'home'}
 {'abbreviation': None, 'name': 'Road', 'summary': '12-0', 'type': 'road'}
 {'abbreviation': None, 'name': 'vs. Conf.', 'summary': '20-0', 'type': 'vsconf'}]",4,FALSE,99,"[{'abbreviation': 'Game', 'name': 'overall', 'summary': '25-7', 'type': 'total'}
 {'abbreviation': None, 'name': 'Home', 'summary': '12-3', 'type': 'home'}
 {'abbreviation': None, 'name': 'Road', 'summary': '10-3', 'type': 'road'}
 {'abbreviation': None, 'name': 'vs. Conf.', 'summary': '16-4', 'type': 'vsconf'}]",4,Big East,CONN,VILL,0c2340,00205b,a2aaad,13b5ea,CONN,0c2340,a2aaad,VILL,00205b,13b5ea,https://raw.githubusercontent.com/sportsdataverse/wehoop-wbb-raw/main/wbb/json/final/401851330.json,2026-03-09T23:00Z,TRUE,,
401851330,2026-03-09T23:00Z,Villanova,UConn,Neutral,L,51,90,https://a.espncdn.com/i/teamlogos/ncaa/500/222.png,https://a.espncdn.com/i/teamlogos/ncaa/500/41.png,99,1,4,4,,,TRUE,6,Big East Tournament - Final,STATUS_FINAL,4,TRUE,1,"[{'abbreviation': 'Game', 'name': 'overall', 'summary': '34-0', 'type': 'total'}
 {'abbreviation': None, 'name': 'Home', 'summary': '15-0', 'type': 'home'}
 {'abbreviation': None, 'name': 'Road', 'summary': '12-0', 'type': 'road'}
 {'abbreviation': None, 'name': 'vs. Conf.', 'summary': '20-0', 'type': 'vsconf'}]",4,FALSE,99,"[{'abbreviation': 'Game', 'name': 'overall', 'summary': '25-7', 'type': 'total'}
 {'abbreviation': None, 'name': 'Home', 'summary': '12-3', 'type': 'home'}
 {'abbreviation': None, 'name': 'Road', 'summary': '10-3', 'type': 'road'}
 {'abbreviation': None, 'name': 'vs. Conf.', 'summary': '16-4', 'type': 'vsconf'}]",4,Big East,VILL,CONN,00205b,0c2340,13b5ea,a2aaad,CONN,0c2340,a2aaad,VILL,00205b,13b5ea,https://raw.githubusercontent.com/sportsdataverse/wehoop-wbb-raw/main/wbb/json/final/401851330.json,2026-03-09T23:00Z,TRUE,,
401851470,2026-03-09T22:00Z,Fairfield,Quinnipiac,Neutral,W,51,44,https://a.espncdn.com/i/teamlogos/ncaa/500/2217.png,https://a.espncdn.com/i/teamlogos/ncaa/500/2514.png,99,99,13,13,,,TRUE,6,MAAC Championship - Final,STATUS_FINAL,13,FALSE,99,"[{'abbreviation': 'Game', 'name': 'overall', 'summary': '26-6', 'type': 'total'}
 {'abbreviation': None, 'name': 'Home', 'summary': '10-4', 'type': 'home'}
 {'abbreviation': None, 'name': 'Road', 'summary': '14-1', 'type': 'road'}
 {'abbreviation': None, 'name': 'vs. Conf.', 'summary': '19-1', 'type': 'vsconf'}]",13,TRUE,99,"[{'abbreviation': 'Game', 'name': 'overall', 'summary': '28-4', 'type': 'total'}
 {'abbreviation': None, 'name': 'Home', 'summary': '12-1', 'type': 'home'}
 {'abbreviation': None, 'name': 'Road', 'summary': '12-2', 'type': 'road'}
 {'abbreviation': None, 'name': 'vs. Conf.', 'summary': '19-1', 'type': 'vsconf'}]",13,MAAC,FAIR,QUIN,0,041B43,ebebeb,,QUIN,041B43,,FAIR,0,ebebeb,https://raw.githubusercontent.com/sportsdataverse/wehoop-wbb-raw/main/wbb/json/final/401851470.json,2026-03-09T22:00Z,TRUE,,
401851761,2026-03-09T18:00Z,James Madison,Troy,Neutral,W,69,52,https://a.espncdn.com/i/teamlogos/ncaa/500/256.png,https://a.espncdn.com/i/teamlogos/ncaa/500/2653.png,99,99,27,27,,,TRUE,6,Sun Belt Championship - Final,STATUS_FINAL,27,FALSE,99,"[{'abbreviation': 'Game', 'name': 'overall', 'summary': '25-7', 'type': 'total'}
 {'abbreviation': None, 'name': 'Home', 'summary': '13-1', 'type': 'home'}
 {'abbreviation': None, 'name': 'Road', 'summary': '9-5', 'type': 'road'}
 {'abbreviation': None, 'name': 'vs. Conf.', 'summary': '15-3', 'type': 'vsconf'}]",27,TRUE,99,"[{'abbreviation': 'Game', 'name': 'overall', 'summary': '26-8', 'type': 'total'}
 {'abbreviation': None, 'name': 'Home', 'summary': '14-3', 'type': 'home'}
 {'abbreviation': None, 'name': 'Road', 'summary': '7-5', 'type': 'road'}
 {'abbreviation': None, 'name': 'vs. Conf.', 'summary': '14-4', 'type': 'vsconf'}]",27,Sun Belt,JMU,TROY,450084,862633,cbb677,b1b1b1,TROY,862633,b1b1b1,JMU,450084,cbb677,https://raw.githubusercontent.com/sportsdataverse/wehoop-wbb-raw/main/wbb/json/final/401851761.json,2026-03-09T18:00Z,TRUE,,
401851307,2026-03-08T21:00Z,West Virginia,TCU,Neutral,W,62,53,https://a.espncdn.com/i/teamlogos/ncaa/500/277.png,https://a.espncdn.com/i/teamlogos/ncaa/500/2628.png,15,10,8,8,,,TRUE,6,Phillips 66 Big 12 Tournament - Final,STATUS_FINAL,8,FALSE,10,"[{'abbreviation': 'Game', 'name': 'overall', 'summary': '29-5', 'type': 'total'}
 {'abbreviation': None, 'name': 'Home', 'summary': '18-0', 'type': 'home'}
 {'abbreviation': None, 'name': 'Road', 'summary': '7-3', 'type': 'road'}
 {'abbreviation': None, 'name': 'vs. Conf.', 'summary': '15-3', 'type': 'vsconf'}]",8,TRUE,15,"[{'abbreviation': 'Game', 'name': 'overall', 'summary': '27-6', 'type': 'total'}
 {'abbreviation': None, 'name': 'Home', 'summary': '14-3', 'type': 'home'}
 {'abbreviation': None, 'name': 'Road', 'summary': '8-2', 'type': 'road'}
 {'abbreviation': None, 'name': 'vs. Conf.', 'summary': '14-4', 'type': 'vsconf'}]",8,Big 12,WVU,TCU,eaaa00,4d1979,2855,ffffff,TCU,4d1979,ffffff,WVU,eaaa00,2855,https://raw.githubusercontent.com/sportsdataverse/wehoop-wbb-raw/main/wbb/json/final/401851307.json,2026-03-08T21:00Z,TRUE,,
401851328,2026-03-08T21:00Z,Villanova,Seton Hall,Neutral,W,62,48,https://a.espncdn.com/i/teamlogos/ncaa/500/222.png,https://a.espncdn.com/i/teamlogos/ncaa/500/2550.png,99,99,4,4,,,TRUE,6,Big East Tournament - Semifinal,STATUS_FINAL,4,TRUE,99,"[{'abbreviation': 'Game', 'name': 'overall', 'summary': '25-6', 'type': 'total'}
 {'abbreviation': None, 'name': 'Home', 'summary': '12-3', 'type': 'home'}
 {'abbreviation': None, 'name': 'Road', 'summary': '10-3', 'type': 'road'}
 {'abbreviation': None, 'name': 'vs. Conf.', 'summary': '16-4', 'type': 'vsconf'}]",4,FALSE,99,"[{'abbreviation': 'Game', 'name': 'overall', 'summary': '19-12', 'type': 'total'}
 {'abbreviation': None, 'name': 'Home', 'summary': '10-5', 'type': 'home'}
 {'abbreviation': None, 'name': 'Road', 'summary': '8-6', 'type': 'road'}
 {'abbreviation': None, 'name': 'vs. Conf.', 'summary': '12-8', 'type': 'vsconf'}]",4,Big East,VILL,HALL,00205b,0857B1,13b5ea,8a8d8f,VILL,00205b,13b5ea,HALL,0857B1,8a8d8f,https://raw.githubusercontent.com/sportsdataverse/wehoop-wbb-raw/main/wbb/json/final/401851328.json,2026-03-08T21:00Z,TRUE,,
401851307,2026-03-08T21:00Z,TCU,West Virginia,Neutral,L,53,62,https://a.espncdn.com/i/teamlogos/ncaa/500/2628.png,https://a.espncdn.com/i/teamlogos/ncaa/500/277.png,10,15,8,8,,,TRUE,6,Phillips 66 Big 12 Tournament - Final,STATUS_FINAL,8,FALSE,10,"[{'abbreviation': 'Game', 'name': 'overall', 'summary': '29-5', 'type': 'total'}
 {'abbreviation': None, 'name': 'Home', 'summary': '18-0', 'type': 'home'}
 {'abbreviation': None, 'name': 'Road', 'summary': '7-3', 'type': 'road'}
 {'abbreviation': None, 'name': 'vs. Conf.', 'summary': '15-3', 'type': 'vsconf'}]",8,TRUE,15,"[{'abbreviation': 'Game', 'name': 'overall', 'summary': '27-6', 'type': 'total'}
 {'abbreviation': None, 'name': 'Home', 'summary': '14-3', 'type': 'home'}
 {'abbreviation': None, 'name': 'Road', 'summary': '8-2', 'type': 'road'}
 {'abbreviation': None, 'name': 'vs. Conf.', 'summary': '14-4', 'type': 'vsconf'}]",8,Big 12,TCU,WVU,4d1979,eaaa00,ffffff,2855,TCU,4d1979,ffffff,WVU,eaaa00,2855,https://raw.githubusercontent.com/sportsdataverse/wehoop-wbb-raw/main/wbb/json/final/401851307.json,2026-03-08T21:00Z,TRUE,,
401851271,2026-03-08T20:00Z,Rhode Island,George Mason,Neutral,W,53,51,https://a.espncdn.com/i/teamlogos/ncaa/500/227.png,https://a.espncdn.com/i/teamlogos/ncaa/500/2244.png,99,99,3,3,,,TRUE,6,Betterment Atlantic 10 Championship - Final,STATUS_FINAL,3,TRUE,99,"[{'abbreviation': 'Game', 'name': 'overall', 'summary': '28-4', 'type': 'total'}
 {'abbreviation': None, 'name': 'Home', 'summary': '14-1', 'type': 'home'}
 {'abbreviation': None, 'name': 'Road', 'summary': '11-3', 'type': 'road'}
 {'abbreviation': None, 'name': 'vs. Conf.', 'summary': '16-2', 'type': 'vsconf'}]",3,FALSE,99,"[{'abbreviation': 'Game', 'name': 'overall', 'summary': '23-9', 'type': 'total'}
 {'abbreviation': None, 'name': 'Home', 'summary': '12-3', 'type': 'home'}
 {'abbreviation': None, 'name': 'Road', 'summary': '9-3', 'type': 'road'}
 {'abbreviation': None, 'name': 'vs. Conf.', 'summary': '16-2', 'type': 'vsconf'}]",3,A-10,URI,GMU,091f3f,16600,5ab3e8,ecb010,URI,091f3f,5ab3e8,GMU,16600,ecb010,https://raw.githubusercontent.com/sportsdataverse/wehoop-wbb-raw/main/wbb/json/final/401851271.json,2026-03-08T20:00Z,TRUE,,
401851618,2026-03-08T19:00Z,Texas,South Carolina,Neutral,W,78,61,https://a.espncdn.com/i/teamlogos/ncaa/500/251.png,https://a.espncdn.com/i/teamlogos/ncaa/500/2579.png,4,3,23,23,,,TRUE,6,SEC Tournament - Final,STATUS_FINAL,23,FALSE,3,"[{'abbreviation': 'Game', 'name': 'overall', 'summary': '31-3', 'type': 'total'}
 {'abbreviation': None, 'name': 'Home', 'summary': '16-0', 'type': 'home'}
 {'abbreviation': None, 'name': 'Road', 'summary': '11-1', 'type': 'road'}
 {'abbreviation': None, 'name': 'vs. Conf.', 'summary': '15-1', 'type': 'vsconf'}]",23,TRUE,4,"[{'abbreviation': 'Game', 'name': 'overall', 'summary': '31-3', 'type': 'total'}
 {'abbreviation': None, 'name': 'Home', 'summary': '18-0', 'type': 'home'}
 {'abbreviation': None, 'name': 'Road', 'summary': '7-3', 'type': 'road'}
 {'abbreviation': None, 'name': 'vs. Conf.', 'summary': '13-3', 'type': 'vsconf'}]",23,SEC,TEX,SC,af5c37,73000a,ffffff,0,SC,73000a,0,TEX,af5c37,ffffff,https://raw.githubusercontent.com/sportsdataverse/wehoop-wbb-raw/main/wbb/json/final/401851618.json,2026-03-08T19:00Z,TRUE,,
401851618,2026-03-08T19:00Z,South Carolina,Texas,Neutral,L,61,78,https://a.espncdn.com/i/teamlogos/ncaa/500/2579.png,https://a.espncdn.com/i/teamlogos/ncaa/500/251.png,3,4,23,23,,,TRUE,6,SEC Tournament - Final,STATUS_FINAL,23,FALSE,3,"[{'abbreviation': 'Game', 'name': 'overall', 'summary': '31-3', 'type': 'total'}
 {'abbreviation': None, 'name': 'Home', 'summary': '16-0', 'type': 'home'}
 {'abbreviation': None, 'name': 'Road', 'summary': '11-1', 'type': 'road'}
 {'abbreviation': None, 'name': 'vs. Conf.', 'summary': '15-1', 'type': 'vsconf'}]",23,TRUE,4,"[{'abbreviation': 'Game', 'name': 'overall', 'summary': '31-3', 'type': 'total'}
 {'abbreviation': None, 'name': 'Home', 'summary': '18-0', 'type': 'home'}
 {'abbreviation': None, 'name': 'Road', 'summary': '7-3', 'type': 'road'}
 {'abbreviation': None, 'name': 'vs. Conf.', 'summary': '13-3', 'type': 'vsconf'}]",23,SEC,SC,TEX,73000a,af5c37,0,ffffff,SC,73000a,0,TEX,af5c37,ffffff,https://raw.githubusercontent.com/sportsdataverse/wehoop-wbb-raw/main/wbb/json/final/401851618.json,2026-03-08T19:00Z,TRUE,,
401851469,2026-03-08T18:30Z,Fairfield,Merrimack,Neutral,W,65,48,https://a.espncdn.com/i/teamlogos/ncaa/500/2217.png,https://a.espncdn.com/i/teamlogos/ncaa/500/2771.png,25,99,13,13,,,TRUE,6,MAAC Championship - Semifinal,STATUS_FINAL,13,TRUE,25,"[{'abbreviation': 'Game', 'name': 'overall', 'summary': '27-4', 'type': 'total'}
 {'abbreviation': None, 'name': 'Home', 'summary': '12-1', 'type': 'home'}
 {'abbreviation': None, 'name': 'Road', 'summary': '12-2', 'type': 'road'}
 {'abbreviation': None, 'name': 'vs. Conf.', 'summary': '19-1', 'type': 'vsconf'}]",13,FALSE,99,"[{'abbreviation': 'Game', 'name': 'overall', 'summary': '19-12', 'type': 'total'}
 {'abbreviation': None, 'name': 'Home', 'summary': '11-3', 'type': 'home'}
 {'abbreviation': None, 'name': 'Road', 'summary': '7-8', 'type': 'road'}
 {'abbreviation': None, 'name': 'vs. Conf.', 'summary': '15-5', 'type': 'vsconf'}]",13,MAAC,FAIR,MRMK,0,2f4f93,ebebeb,e8c535,FAIR,0,ebebeb,MRMK,2f4f93,e8c535,https://raw.githubusercontent.com/sportsdataverse/wehoop-wbb-raw/main/wbb/json/final/401851469.json,2026-03-08T18:30Z,TRUE,,
401851327,2026-03-08T18:30Z,UConn,Creighton,Neutral,W,100,51,https://a.espncdn.com/i/teamlogos/ncaa/500/41.png,https://a.espncdn.com/i/teamlogos/ncaa/500/156.png,1,99,4,4,,,TRUE,6,Big East Tournament - Semifinal,STATUS_FINAL,4,TRUE,1,"[{'abbreviation': 'Game', 'name': 'overall', 'summary': '33-0', 'type': 'total'}
 {'abbreviation': None, 'name': 'Home', 'summary': '15-0', 'type': 'home'}
 {'abbreviation': None, 'name': 'Road', 'summary': '12-0', 'type': 'road'}
 {'abbreviation': None, 'name': 'vs. Conf.', 'summary': '20-0', 'type': 'vsconf'}]",4,FALSE,99,"[{'abbreviation': 'Game', 'name': 'overall', 'summary': '16-15', 'type': 'total'}
 {'abbreviation': None, 'name': 'Home', 'summary': '8-6', 'type': 'home'}
 {'abbreviation': None, 'name': 'Road', 'summary': '6-8', 'type': 'road'}
 {'abbreviation': None, 'name': 'vs. Conf.', 'summary': '11-9', 'type': 'vsconf'}]",4,Big East,CONN,CREI,0c2340,005ca9,a2aaad,6cadde,CONN,0c2340,a2aaad,CREI,005ca9,6cadde,https://raw.githubusercontent.com/sportsdataverse/wehoop-wbb-raw/main/wbb/json/final/401851327.json,2026-03-08T18:30Z,TRUE,,
401851399,2026-03-08T18:15Z,UCLA,Iowa,Neutral,W,96,45,https://a.espncdn.com/i/teamlogos/ncaa/500/26.png,https://a.espncdn.com/i/teamlogos/ncaa/500/2294.png,2,9,7,7,,,TRUE,6,Big Ten Tournament - Final,STATUS_FINAL,7,TRUE,2,"[{'abbreviation': 'Game', 'name': 'overall', 'summary': '31-1', 'type': 'total'}
 {'abbreviation': None, 'name': 'Home', 'summary': '14-0', 'type': 'home'}
 {'abbreviation': None, 'name': 'Road', 'summary': '9-0', 'type': 'road'}
 {'abbreviation': None, 'name': 'vs. Conf.', 'summary': '18-0', 'type': 'vsconf'}]",7,FALSE,9,"[{'abbreviation': 'Game', 'name': 'overall', 'summary': '26-6', 'type': 'total'}
 {'abbreviation': None, 'name': 'Home', 'summary': '14-1', 'type': 'home'}
 {'abbreviation': None, 'name': 'Road', 'summary': '8-3', 'type': 'road'}
 {'abbreviation': None, 'name': 'vs. Conf.', 'summary': '15-3', 'type': 'vsconf'}]",7,Big Ten,UCLA,IOWA,2774ae,231f20,f2a900,fcd116,UCLA,2774ae,f2a900,IOWA,231f20,fcd116,https://raw.githubusercontent.com/sportsdataverse/wehoop-wbb-raw/main/wbb/json/final/401851399.json,2026-03-08T18:15Z,TRUE,,
401851399,2026-03-08T18:15Z,Iowa,UCLA,Neutral,L,45,96,https://a.espncdn.com/i/teamlogos/ncaa/500/2294.png,https://a.espncdn.com/i/teamlogos/ncaa/500/26.png,9,2,7,7,,,TRUE,6,Big Ten Tournament - Final,STATUS_FINAL,7,TRUE,2,"[{'abbreviation': 'Game', 'name': 'overall', 'summary': '31-1', 'type': 'total'}
 {'abbreviation': None, 'name': 'Home', 'summary': '14-0', 'type': 'home'}
 {'abbreviation': None, 'name': 'Road', 'summary': '9-0', 'type': 'road'}
 {'abbreviation': None, 'name': 'vs. Conf.', 'summary': '18-0', 'type': 'vsconf'}]",7,FALSE,9,"[{'abbreviation': 'Game', 'name': 'overall', 'summary': '26-6', 'type': 'total'}
 {'abbreviation': None, 'name': 'Home', 'summary': '14-1', 'type': 'home'}
 {'abbreviation': None, 'name': 'Road', 'summary': '8-3', 'type': 'road'}
 {'abbreviation': None, 'name': 'vs. Conf.', 'summary': '15-3', 'type': 'vsconf'}]",7,Big Ten,IOWA,UCLA,231f20,2774ae,fcd116,f2a900,UCLA,2774ae,f2a900,IOWA,231f20,fcd116,https://raw.githubusercontent.com/sportsdataverse/wehoop-wbb-raw/main/wbb/json/final/401851399.json,2026-03-08T18:15Z,TRUE,,
401851197,2026-03-08T17:00Z,Louisville,Duke,Neutral,L,65,70,https://a.espncdn.com/i/teamlogos/ncaa/500/97.png,https://a.espncdn.com/i/teamlogos/ncaa/500/150.png,12,13,2,2,,,TRUE,6,Ally ACC Tournament - Final,STATUS_FINAL,2,TRUE,13,"[{'abbreviation': 'Game', 'name': 'overall', 'summary': '24-8', 'type': 'total'}
 {'abbreviation': None, 'name': 'Home', 'summary': '12-1', 'type': 'home'}
 {'abbreviation': None, 'name': 'Road', 'summary': '9-3', 'type': 'road'}
 {'abbreviation': None, 'name': 'vs. Conf.', 'summary': '16-2', 'type': 'vsconf'}]",2,FALSE,12,"[{'abbreviation': 'Game', 'name': 'overall', 'summary': '27-7', 'type': 'total'}
 {'abbreviation': None, 'name': 'Home', 'summary': '14-5', 'type': 'home'}
 {'abbreviation': None, 'name': 'Road', 'summary': '9-0', 'type': 'road'}
 {'abbreviation': None, 'name': 'vs. Conf.', 'summary': '15-3', 'type': 'vsconf'}]",2,ACC,LOU,DUKE,c9001f,00539b,ffffff,ffffff,DUKE,00539b,ffffff,LOU,c9001f,ffffff,https://raw.githubusercontent.com/sportsdataverse/wehoop-wbb-raw/main/wbb/json/final/401851197.json,2026-03-08T17:00Z,TRUE,,
401851197,2026-03-08T17:00Z,Duke,Louisville,Neutral,W,70,65,https://a.espncdn.com/i/teamlogos/ncaa/500/150.png,https://a.espncdn.com/i/teamlogos/ncaa/500/97.png,13,12,2,2,,,TRUE,6,Ally ACC Tournament - Final,STATUS_FINAL,2,TRUE,13,"[{'abbreviation': 'Game', 'name': 'overall', 'summary': '24-8', 'type': 'total'}
 {'abbreviation': None, 'name': 'Home', 'summary': '12-1', 'type': 'home'}
 {'abbreviation': None, 'name': 'Road', 'summary': '9-3', 'type': 'road'}
 {'abbreviation': None, 'name': 'vs. Conf.', 'summary': '16-2', 'type': 'vsconf'}]",2,FALSE,12,"[{'abbreviation': 'Game', 'name': 'overall', 'summary': '27-7', 'type': 'total'}
 {'abbreviation': None, 'name': 'Home', 'summary': '14-5', 'type': 'home'}
 {'abbreviation': None, 'name': 'Road', 'summary': '9-0', 'type': 'road'}
 {'abbreviation': None, 'name': 'vs. Conf.', 'summary': '15-3', 'type': 'vsconf'}]",2,ACC,DUKE,LOU,00539b,c9001f,ffffff,ffffff,DUKE,00539b,ffffff,LOU,c9001f,ffffff,https://raw.githubusercontent.com/sportsdataverse/wehoop-wbb-raw/main/wbb/json/final/401851197.json,2026-03-08T17:00Z,TRUE,,
401851755,2026-03-08T16:30Z,James Madison,Georgia Southern,Neutral,W,81,53,https://a.espncdn.com/i/teamlogos/ncaa/500/256.png,https://a.espncdn.com/i/teamlogos/ncaa/500/290.png,99,99,27,27,,,TRUE,6,Sun Belt Championship - Semifinal,STATUS_FINAL,27,FALSE,99,"[{'abbreviation': 'Game', 'name': 'overall', 'summary': '23-7', 'type': 'total'}
 {'abbreviation': None, 'name': 'Home', 'summary': '14-1', 'type': 'home'}
 {'abbreviation': None, 'name': 'Road', 'summary': '9-5', 'type': 'road'}
 {'abbreviation': None, 'name': 'vs. Conf.', 'summary': '16-2', 'type': 'vsconf'}]",27,TRUE,99,"[{'abbreviation': 'Game', 'name': 'overall', 'summary': '25-8', 'type': 'total'}
 {'abbreviation': None, 'name': 'Home', 'summary': '14-3', 'type': 'home'}
 {'abbreviation': None, 'name': 'Road', 'summary': '7-5', 'type': 'road'}
 {'abbreviation': None, 'name': 'vs. Conf.', 'summary': '14-4', 'type': 'vsconf'}]",27,Sun Belt,JMU,GASO,450084,4.10E+43,cbb677,a3aaae,GASO,4.10E+43,a3aaae,JMU,450084,cbb677,https://raw.githubusercontent.com/sportsdataverse/wehoop-wbb-raw/main/wbb/json/final/401851755.json,2026-03-08T16:30Z,TRUE,,
401851617,2026-03-08T00:00Z,Ole Miss,Texas,Neutral,L,68,85,https://a.espncdn.com/i/teamlogos/ncaa/500/145.png,https://a.espncdn.com/i/teamlogos/ncaa/500/251.png,24,4,23,23,,,TRUE,6,SEC Tournament - Semifinal,STATUS_FINAL,23,TRUE,4,"[{'abbreviation': 'Game', 'name': 'overall', 'summary': '30-3', 'type': 'total'}
 {'abbreviation': None, 'name': 'Home', 'summary': '18-0', 'type': 'home'}
 {'abbreviation': None, 'name': 'Road', 'summary': '7-3', 'type': 'road'}
 {'abbreviation': None, 'name': 'vs. Conf.', 'summary': '13-3', 'type': 'vsconf'}]",23,FALSE,24,"[{'abbreviation': 'Game', 'name': 'overall', 'summary': '23-11', 'type': 'total'}
 {'abbreviation': None, 'name': 'Home', 'summary': '12-2', 'type': 'home'}
 {'abbreviation': None, 'name': 'Road', 'summary': '4-5', 'type': 'road'}
 {'abbreviation': None, 'name': 'vs. Conf.', 'summary': '8-8', 'type': 'vsconf'}]",23,SEC,MISS,TEX,13294b,af5c37,cf142b,ffffff,TEX,af5c37,ffffff,MISS,13294b,cf142b,https://raw.githubusercontent.com/sportsdataverse/wehoop-wbb-raw/main/wbb/json/final/401851617.json,2026-03-08T00:00Z,TRUE,,
401851617,2026-03-08T00:00Z,Texas,Ole Miss,Neutral,W,85,68,https://a.espncdn.com/i/teamlogos/ncaa/500/251.png,https://a.espncdn.com/i/teamlogos/ncaa/500/145.png,4,24,23,23,,,TRUE,6,SEC Tournament - Semifinal,STATUS_FINAL,23,TRUE,4,"[{'abbreviation': 'Game', 'name': 'overall', 'summary': '30-3', 'type': 'total'}
 {'abbreviation': None, 'name': 'Home', 'summary': '18-0', 'type': 'home'}
 {'abbreviation': None, 'name': 'Road', 'summary': '7-3', 'type': 'road'}
 {'abbreviation': None, 'name': 'vs. Conf.', 'summary': '13-3', 'type': 'vsconf'}]",23,FALSE,24,"[{'abbreviation': 'Game', 'name': 'overall', 'summary': '23-11', 'type': 'total'}
 {'abbreviation': None, 'name': 'Home', 'summary': '12-2', 'type': 'home'}
 {'abbreviation': None, 'name': 'Road', 'summary': '4-5', 'type': 'road'}
 {'abbreviation': None, 'name': 'vs. Conf.', 'summary': '8-8', 'type': 'vsconf'}]",23,SEC,TEX,MISS,af5c37,13294b,ffffff,cf142b,TEX,af5c37,ffffff,MISS,13294b,cf142b,https://raw.githubusercontent.com/sportsdataverse/wehoop-wbb-raw/main/wbb/json/final/401851617.json,2026-03-08T00:00Z,TRUE,,
401851323,2026-03-08T00:00Z,Villanova,Providence,Neutral,W,73,65,https://a.espncdn.com/i/teamlogos/ncaa/500/222.png,https://a.espncdn.com/i/teamlogos/ncaa/500/2507.png,99,99,4,4,,,TRUE,6,Big East Tournament - Quarterfinal,STATUS_FINAL,4,TRUE,99,"[{'abbreviation': 'Game', 'name': 'overall', 'summary': '24-6', 'type': 'total'}
 {'abbreviation': None, 'name': 'Home', 'summary': '12-3', 'type': 'home'}
 {'abbreviation': None, 'name': 'Road', 'summary': '10-3', 'type': 'road'}
 {'abbreviation': None, 'name': 'vs. Conf.', 'summary': '16-4', 'type': 'vsconf'}]",4,FALSE,99,"[{'abbreviation': 'Game', 'name': 'overall', 'summary': '15-18', 'type': 'total'}
 {'abbreviation': None, 'name': 'Home', 'summary': '11-7', 'type': 'home'}
 {'abbreviation': None, 'name': 'Road', 'summary': '3-9', 'type': 'road'}
 {'abbreviation': None, 'name': 'vs. Conf.', 'summary': '7-13', 'type': 'vsconf'}]",4,Big East,VILL,PROV,00205b,0,13b5ea,a3a19e,VILL,00205b,13b5ea,PROV,0,a3a19e,https://raw.githubusercontent.com/sportsdataverse/wehoop-wbb-raw/main/wbb/json/final/401851323.json,2026-03-08T00:00Z,TRUE,,
401851303,2026-03-07T23:30Z,West Virginia,Colorado,Neutral,W,48,47,https://a.espncdn.com/i/teamlogos/ncaa/500/277.png,https://a.espncdn.com/i/teamlogos/ncaa/500/38.png,15,99,8,8,,,TRUE,6,Phillips 66 Big 12 Tournament - Semifinal,STATUS_FINAL,8,TRUE,15,"[{'abbreviation': 'Game', 'name': 'overall', 'summary': '26-6', 'type': 'total'}
 {'abbreviation': None, 'name': 'Home', 'summary': '14-3', 'type': 'home'}
 {'abbreviation': None, 'name': 'Road', 'summary': '8-2', 'type': 'road'}
 {'abbreviation': None, 'name': 'vs. Conf.', 'summary': '14-4', 'type': 'vsconf'}]",8,FALSE,99,"[{'abbreviation': 'Game', 'name': 'overall', 'summary': '22-11', 'type': 'total'}
 {'abbreviation': None, 'name': 'Home', 'summary': '14-3', 'type': 'home'}
 {'abbreviation': None, 'name': 'Road', 'summary': '4-6', 'type': 'road'}
 {'abbreviation': None, 'name': 'vs. Conf.', 'summary': '11-7', 'type': 'vsconf'}]",8,Big 12,WVU,COLO,eaaa00,cfb87c,2855,0,WVU,eaaa00,2855,COLO,cfb87c,0,https://raw.githubusercontent.com/sportsdataverse/wehoop-wbb-raw/main/wbb/json/final/401851303.json,2026-03-07T23:30Z,TRUE,,
401851303,2026-03-07T23:30Z,Colorado,West Virginia,Neutral,L,47,48,https://a.espncdn.com/i/teamlogos/ncaa/500/38.png,https://a.espncdn.com/i/teamlogos/ncaa/500/277.png,99,15,8,8,,,TRUE,6,Phillips 66 Big 12 Tournament - Semifinal,STATUS_FINAL,8,TRUE,15,"[{'abbreviation': 'Game', 'name': 'overall', 'summary': '26-6', 'type': 'total'}
 {'abbreviation': None, 'name': 'Home', 'summary': '14-3', 'type': 'home'}
 {'abbreviation': None, 'name': 'Road', 'summary': '8-2', 'type': 'road'}
 {'abbreviation': None, 'name': 'vs. Conf.', 'summary': '14-4', 'type': 'vsconf'}]",8,FALSE,99,"[{'abbreviation': 'Game', 'name': 'overall', 'summary': '22-11', 'type': 'total'}
 {'abbreviation': None, 'name': 'Home', 'summary': '14-3', 'type': 'home'}
 {'abbreviation': None, 'name': 'Road', 'summary': '4-6', 'type': 'road'}
 {'abbreviation': None, 'name': 'vs. Conf.', 'summary': '11-7', 'type': 'vsconf'}]",8,Big 12,COLO,WVU,cfb87c,eaaa00,0,2855,WVU,eaaa00,2855,COLO,cfb87c,0,https://raw.githubusercontent.com/sportsdataverse/wehoop-wbb-raw/main/wbb/json/final/401851303.json,2026-03-07T23:30Z,TRUE,,
401851616,2026-03-07T21:30Z,South Carolina,LSU,Neutral,W,83,77,https://a.espncdn.com/i/teamlogos/ncaa/500/2579.png,https://a.espncdn.com/i/teamlogos/ncaa/500/99.png,3,6,23,23,,,TRUE,6,SEC Tournament - Semifinal,STATUS_FINAL,23,TRUE,3,"[{'abbreviation': 'Game', 'name': 'overall', 'summary': '31-2', 'type': 'total'}
 {'abbreviation': None, 'name': 'Home', 'summary': '16-0', 'type': 'home'}
 {'abbreviation': None, 'name': 'Road', 'summary': '11-1', 'type': 'road'}
 {'abbreviation': None, 'name': 'vs. Conf.', 'summary': '15-1', 'type': 'vsconf'}]",23,FALSE,6,"[{'abbreviation': 'Game', 'name': 'overall', 'summary': '27-5', 'type': 'total'}
 {'abbreviation': None, 'name': 'Home', 'summary': '13-2', 'type': 'home'}
 {'abbreviation': None, 'name': 'Road', 'summary': '10-2', 'type': 'road'}
 {'abbreviation': None, 'name': 'vs. Conf.', 'summary': '12-4', 'type': 'vsconf'}]",23,SEC,SC,LSU,73000a,461d76,0,fdd023,SC,73000a,0,LSU,461d76,fdd023,https://raw.githubusercontent.com/sportsdataverse/wehoop-wbb-raw/main/wbb/json/final/401851616.json,2026-03-07T21:30Z,TRUE,,
401851616,2026-03-07T21:30Z,LSU,South Carolina,Neutral,L,77,83,https://a.espncdn.com/i/teamlogos/ncaa/500/99.png,https://a.espncdn.com/i/teamlogos/ncaa/500/2579.png,6,3,23,23,,,TRUE,6,SEC Tournament - Semifinal,STATUS_FINAL,23,TRUE,3,"[{'abbreviation': 'Game', 'name': 'overall', 'summary': '31-2', 'type': 'total'}
 {'abbreviation': None, 'name': 'Home', 'summary': '16-0', 'type': 'home'}
 {'abbreviation': None, 'name': 'Road', 'summary': '11-1', 'type': 'road'}
 {'abbreviation': None, 'name': 'vs. Conf.', 'summary': '15-1', 'type': 'vsconf'}]",23,FALSE,6,"[{'abbreviation': 'Game', 'name': 'overall', 'summary': '27-5', 'type': 'total'}
 {'abbreviation': None, 'name': 'Home', 'summary': '13-2', 'type': 'home'}
 {'abbreviation': None, 'name': 'Road', 'summary': '10-2', 'type': 'road'}
 {'abbreviation': None, 'name': 'vs. Conf.', 'summary': '12-4', 'type': 'vsconf'}]",23,SEC,LSU,SC,461d76,73000a,fdd023,0,SC,73000a,0,LSU,461d76,fdd023,https://raw.githubusercontent.com/sportsdataverse/wehoop-wbb-raw/main/wbb/json/final/401851616.json,2026-03-07T21:30Z,TRUE,,
401851396,2026-03-07T21:30Z,Iowa,Michigan,Neutral,W,59,42,https://a.espncdn.com/i/teamlogos/ncaa/500/2294.png,https://a.espncdn.com/i/teamlogos/ncaa/500/130.png,9,8,7,7,,,TRUE,6,Big Ten Tournament - Semifinal,STATUS_FINAL,7,TRUE,9,"[{'abbreviation': 'Game', 'name': 'overall', 'summary': '26-5', 'type': 'total'}
 {'abbreviation': None, 'name': 'Home', 'summary': '14-1', 'type': 'home'}
 {'abbreviation': None, 'name': 'Road', 'summary': '8-3', 'type': 'road'}
 {'abbreviation': None, 'name': 'vs. Conf.', 'summary': '15-3', 'type': 'vsconf'}]",7,FALSE,8,"[{'abbreviation': 'Game', 'name': 'overall', 'summary': '25-6', 'type': 'total'}
 {'abbreviation': None, 'name': 'Home', 'summary': '14-1', 'type': 'home'}
 {'abbreviation': None, 'name': 'Road', 'summary': '8-2', 'type': 'road'}
 {'abbreviation': None, 'name': 'vs. Conf.', 'summary': '15-3', 'type': 'vsconf'}]",7,Big Ten,IOWA,MICH,231f20,00274c,fcd116,ffcb05,IOWA,231f20,fcd116,MICH,00274c,ffcb05,https://raw.githubusercontent.com/sportsdataverse/wehoop-wbb-raw/main/wbb/json/final/401851396.json,2026-03-07T21:30Z,TRUE,,
401851396,2026-03-07T21:30Z,Michigan,Iowa,Neutral,L,42,59,https://a.espncdn.com/i/teamlogos/ncaa/500/130.png,https://a.espncdn.com/i/teamlogos/ncaa/500/2294.png,8,9,7,7,,,TRUE,6,Big Ten Tournament - Semifinal,STATUS_FINAL,7,TRUE,9,"[{'abbreviation': 'Game', 'name': 'overall', 'summary': '26-5', 'type': 'total'}
 {'abbreviation': None, 'name': 'Home', 'summary': '14-1', 'type': 'home'}
 {'abbreviation': None, 'name': 'Road', 'summary': '8-3', 'type': 'road'}
 {'abbreviation': None, 'name': 'vs. Conf.', 'summary': '15-3', 'type': 'vsconf'}]",7,FALSE,8,"[{'abbreviation': 'Game', 'name': 'overall', 'summary': '25-6', 'type': 'total'}
 {'abbreviation': None, 'name': 'Home', 'summary': '14-1', 'type': 'home'}
 {'abbreviation': None, 'name': 'Road', 'summary': '8-2', 'type': 'road'}
 {'abbreviation': None, 'name': 'vs. Conf.', 'summary': '15-3', 'type': 'vsconf'}]",7,Big Ten,MICH,IOWA,00274c,231f20,ffcb05,fcd116,IOWA,231f20,fcd116,MICH,00274c,ffcb05,https://raw.githubusercontent.com/sportsdataverse/wehoop-wbb-raw/main/wbb/json/final/401851396.json,2026-03-07T21:30Z,TRUE,,
401851301,2026-03-07T21:00Z,TCU,Kansas State,Neutral,W,74,62,https://a.espncdn.com/i/teamlogos/ncaa/500/2628.png,https://a.espncdn.com/i/teamlogos/ncaa/500/2306.png,10,99,8,8,,,TRUE,6,Phillips 66 Big 12 Tournament - Semifinal,STATUS_FINAL,8,TRUE,10,"[{'abbreviation': 'Game', 'name': 'overall', 'summary': '29-4', 'type': 'total'}
 {'abbreviation': None, 'name': 'Home', 'summary': '18-0', 'type': 'home'}
 {'abbreviation': None, 'name': 'Road', 'summary': '7-3', 'type': 'road'}
 {'abbreviation': None, 'name': 'vs. Conf.', 'summary': '15-3', 'type': 'vsconf'}]",8,FALSE,99,"[{'abbreviation': 'Game', 'name': 'overall', 'summary': '18-17', 'type': 'total'}
 {'abbreviation': None, 'name': 'Home', 'summary': '7-8', 'type': 'home'}
 {'abbreviation': None, 'name': 'Road', 'summary': '6-6', 'type': 'road'}
 {'abbreviation': None, 'name': 'vs. Conf.', 'summary': '8-10', 'type': 'vsconf'}]",8,Big 12,TCU,KSU,4d1979,330a57,ffffff,e2e3e4,TCU,4d1979,ffffff,KSU,330a57,e2e3e4,https://raw.githubusercontent.com/sportsdataverse/wehoop-wbb-raw/main/wbb/json/final/401851301.json,2026-03-07T21:00Z,TRUE,,
401851196,2026-03-07T19:30Z,Louisville,UNC,Neutral,W,65,57,https://a.espncdn.com/i/teamlogos/ncaa/500/97.png,https://a.espncdn.com/i/teamlogos/ncaa/500/153.png,12,16,2,2,,,TRUE,6,Ally ACC Tournament - Semifinal,STATUS_FINAL,2,TRUE,12,"[{'abbreviation': 'Game', 'name': 'overall', 'summary': '27-6', 'type': 'total'}
 {'abbreviation': None, 'name': 'Home', 'summary': '14-5', 'type': 'home'}
 {'abbreviation': None, 'name': 'Road', 'summary': '9-0', 'type': 'road'}
 {'abbreviation': None, 'name': 'vs. Conf.', 'summary': '15-3', 'type': 'vsconf'}]",2,FALSE,16,"[{'abbreviation': 'Game', 'name': 'overall', 'summary': '26-7', 'type': 'total'}
 {'abbreviation': None, 'name': 'Home', 'summary': '13-2', 'type': 'home'}
 {'abbreviation': None, 'name': 'Road', 'summary': '8-3', 'type': 'road'}
 {'abbreviation': None, 'name': 'vs. Conf.', 'summary': '14-4', 'type': 'vsconf'}]",2,ACC,LOU,UNC,c9001f,7bafd4,ffffff,13294b,LOU,c9001f,ffffff,UNC,7bafd4,13294b,https://raw.githubusercontent.com/sportsdataverse/wehoop-wbb-raw/main/wbb/json/final/401851196.json,2026-03-07T19:30Z,TRUE,,
401851196,2026-03-07T19:30Z,UNC,Louisville,Neutral,L,57,65,https://a.espncdn.com/i/teamlogos/ncaa/500/153.png,https://a.espncdn.com/i/teamlogos/ncaa/500/97.png,16,12,2,2,,,TRUE,6,Ally ACC Tournament - Semifinal,STATUS_FINAL,2,TRUE,12,"[{'abbreviation': 'Game', 'name': 'overall', 'summary': '27-6', 'type': 'total'}
 {'abbreviation': None, 'name': 'Home', 'summary': '14-5', 'type': 'home'}
 {'abbreviation': None, 'name': 'Road', 'summary': '9-0', 'type': 'road'}
 {'abbreviation': None, 'name': 'vs. Conf.', 'summary': '15-3', 'type': 'vsconf'}]",2,FALSE,16,"[{'abbreviation': 'Game', 'name': 'overall', 'summary': '26-7', 'type': 'total'}
 {'abbreviation': None, 'name': 'Home', 'summary': '13-2', 'type': 'home'}
 {'abbreviation': None, 'name': 'Road', 'summary': '8-3', 'type': 'road'}
 {'abbreviation': None, 'name': 'vs. Conf.', 'summary': '14-4', 'type': 'vsconf'}]",2,ACC,UNC,LOU,7bafd4,c9001f,13294b,ffffff,LOU,c9001f,ffffff,UNC,7bafd4,13294b,https://raw.githubusercontent.com/sportsdataverse/wehoop-wbb-raw/main/wbb/json/final/401851196.json,2026-03-07T19:30Z,TRUE,,
401851390,2026-03-07T19:00Z,UCLA,Ohio State,Neutral,W,72,62,https://a.espncdn.com/i/teamlogos/ncaa/500/26.png,https://a.espncdn.com/i/teamlogos/ncaa/500/194.png,2,11,7,7,,,TRUE,6,Big Ten Tournament - Semifinal,STATUS_FINAL,7,TRUE,2,"[{'abbreviation': 'Game', 'name': 'overall', 'summary': '30-1', 'type': 'total'}
 {'abbreviation': None, 'name': 'Home', 'summary': '14-0', 'type': 'home'}
 {'abbreviation': None, 'name': 'Road', 'summary': '9-0', 'type': 'road'}
 {'abbreviation': None, 'name': 'vs. Conf.', 'summary': '18-0', 'type': 'vsconf'}]",7,FALSE,11,"[{'abbreviation': 'Game', 'name': 'overall', 'summary': '26-7', 'type': 'total'}
 {'abbreviation': None, 'name': 'Home', 'summary': '14-3', 'type': 'home'}
 {'abbreviation': None, 'name': 'Road', 'summary': '7-3', 'type': 'road'}
 {'abbreviation': None, 'name': 'vs. Conf.', 'summary': '13-5', 'type': 'vsconf'}]",7,Big Ten,UCLA,OSU,2774ae,ba0c2f,f2a900,a8adb4,UCLA,2774ae,f2a900,OSU,ba0c2f,a8adb4,https://raw.githubusercontent.com/sportsdataverse/wehoop-wbb-raw/main/wbb/json/final/401851390.json,2026-03-07T19:00Z,TRUE,,
401824109,2026-03-07T19:00Z,Princeton,Yale,Home,W,78,55,https://a.espncdn.com/i/teamlogos/ncaa/500/163.png,https://a.espncdn.com/i/teamlogos/ncaa/500/43.png,23,99,12,12,,,TRUE,1,,STATUS_FINAL,12,TRUE,23,"[{'abbreviation': 'Game', 'name': 'overall', 'summary': '24-3', 'type': 'total'}
 {'abbreviation': None, 'name': 'Home', 'summary': '11-1', 'type': 'home'}
 {'abbreviation': None, 'name': 'Road', 'summary': '11-2', 'type': 'road'}
 {'abbreviation': None, 'name': 'vs. Conf.', 'summary': '12-2', 'type': 'vsconf'}]",12,FALSE,99,"[{'abbreviation': 'Game', 'name': 'overall', 'summary': '7-20', 'type': 'total'}
 {'abbreviation': None, 'name': 'Home', 'summary': '3-9', 'type': 'home'}
 {'abbreviation': None, 'name': 'Road', 'summary': '4-11', 'type': 'road'}
 {'abbreviation': None, 'name': 'vs. Conf.', 'summary': '3-11', 'type': 'vsconf'}]",12,Ivy,PRIN,YALE,0,004a81,ff6000,286dc0,PRIN,0,ff6000,YALE,004a81,286dc0,https://raw.githubusercontent.com/sportsdataverse/wehoop-wbb-raw/main/wbb/json/final/401824109.json,2026-03-07T19:00Z,TRUE,,
401851390,2026-03-07T19:00Z,Ohio State,UCLA,Neutral,L,62,72,https://a.espncdn.com/i/teamlogos/ncaa/500/194.png,https://a.espncdn.com/i/teamlogos/ncaa/500/26.png,11,2,7,7,,,TRUE,6,Big Ten Tournament - Semifinal,STATUS_FINAL,7,TRUE,2,"[{'abbreviation': 'Game', 'name': 'overall', 'summary': '30-1', 'type': 'total'}
 {'abbreviation': None, 'name': 'Home', 'summary': '14-0', 'type': 'home'}
 {'abbreviation': None, 'name': 'Road', 'summary': '9-0', 'type': 'road'}
 {'abbreviation': None, 'name': 'vs. Conf.', 'summary': '18-0', 'type': 'vsconf'}]",7,FALSE,11,"[{'abbreviation': 'Game', 'name': 'overall', 'summary': '26-7', 'type': 'total'}
 {'abbreviation': None, 'name': 'Home', 'summary': '14-3', 'type': 'home'}
 {'abbreviation': None, 'name': 'Road', 'summary': '7-3', 'type': 'road'}
 {'abbreviation': None, 'name': 'vs. Conf.', 'summary': '13-5', 'type': 'vsconf'}]",7,Big Ten,OSU,UCLA,ba0c2f,2774ae,a8adb4,f2a900,UCLA,2774ae,f2a900,OSU,ba0c2f,a8adb4,https://raw.githubusercontent.com/sportsdataverse/wehoop-wbb-raw/main/wbb/json/final/401851390.json,2026-03-07T19:00Z,TRUE,,
401851269,2026-03-07T18:30Z,Richmond,George Mason,Neutral,L,45,60,https://a.espncdn.com/i/teamlogos/ncaa/500/257.png,https://a.espncdn.com/i/teamlogos/ncaa/500/2244.png,99,99,3,3,,,TRUE,6,Betterment Atlantic 10 Championship - Semifinal,STATUS_FINAL,3,TRUE,99,"[{'abbreviation': 'Game', 'name': 'overall', 'summary': '23-8', 'type': 'total'}
 {'abbreviation': None, 'name': 'Home', 'summary': '12-3', 'type': 'home'}
 {'abbreviation': None, 'name': 'Road', 'summary': '9-3', 'type': 'road'}
 {'abbreviation': None, 'name': 'vs. Conf.', 'summary': '16-2', 'type': 'vsconf'}]",3,FALSE,99,"[{'abbreviation': 'Game', 'name': 'overall', 'summary': '26-7', 'type': 'total'}
 {'abbreviation': None, 'name': 'Home', 'summary': '13-1', 'type': 'home'}
 {'abbreviation': None, 'name': 'Road', 'summary': '9-4', 'type': 'road'}
 {'abbreviation': None, 'name': 'vs. Conf.', 'summary': '15-3', 'type': 'vsconf'}]",3,A-10,RICH,GMU,9e0712,16600,b90b2e,ecb010,GMU,16600,ecb010,RICH,9e0712,b90b2e,https://raw.githubusercontent.com/sportsdataverse/wehoop-wbb-raw/main/wbb/json/final/401851269.json,2026-03-07T18:30Z,TRUE,,
401851751,2026-03-07T18:00Z,James Madison,South Alabama,Neutral,W,79,54,https://a.espncdn.com/i/teamlogos/ncaa/500/256.png,https://a.espncdn.com/i/teamlogos/ncaa/500/6.png,99,99,27,27,,,TRUE,6,Sun Belt Championship - Quarterfinal,STATUS_FINAL,27,TRUE,99,"[{'abbreviation': 'Game', 'name': 'overall', 'summary': '24-8', 'type': 'total'}
 {'abbreviation': None, 'name': 'Home', 'summary': '14-3', 'type': 'home'}
 {'abbreviation': None, 'name': 'Road', 'summary': '7-5', 'type': 'road'}
 {'abbreviation': None, 'name': 'vs. Conf.', 'summary': '14-4', 'type': 'vsconf'}]",27,FALSE,99,"[{'abbreviation': 'Game', 'name': 'overall', 'summary': '16-18', 'type': 'total'}
 {'abbreviation': None, 'name': 'Home', 'summary': '9-7', 'type': 'home'}
 {'abbreviation': None, 'name': 'Road', 'summary': '3-10', 'type': 'road'}
 {'abbreviation': None, 'name': 'vs. Conf.', 'summary': '5-13', 'type': 'vsconf'}]",27,Sun Belt,JMU,USA,450084,00205b,cbb677,bf0d3e,JMU,450084,cbb677,USA,00205b,bf0d3e,https://raw.githubusercontent.com/sportsdataverse/wehoop-wbb-raw/main/wbb/json/final/401851751.json,2026-03-07T18:00Z,TRUE,,
401851195,2026-03-07T17:00Z,Duke,Notre Dame,Neutral,W,65,63,https://a.espncdn.com/i/teamlogos/ncaa/500/150.png,https://a.espncdn.com/i/teamlogos/ncaa/500/87.png,13,99,2,2,,,TRUE,6,Ally ACC Tournament - Semifinal,STATUS_FINAL,2,TRUE,13,"[{'abbreviation': 'Game', 'name': 'overall', 'summary': '23-8', 'type': 'total'}
 {'abbreviation': None, 'name': 'Home', 'summary': '12-1', 'type': 'home'}
 {'abbreviation': None, 'name': 'Road', 'summary': '9-3', 'type': 'road'}
 {'abbreviation': None, 'name': 'vs. Conf.', 'summary': '16-2', 'type': 'vsconf'}]",2,FALSE,99,"[{'abbreviation': 'Game', 'name': 'overall', 'summary': '22-10', 'type': 'total'}
 {'abbreviation': None, 'name': 'Home', 'summary': '14-2', 'type': 'home'}
 {'abbreviation': None, 'name': 'Road', 'summary': '6-6', 'type': 'road'}
 {'abbreviation': None, 'name': 'vs. Conf.', 'summary': '12-6', 'type': 'vsconf'}]",2,ACC,DUKE,ND,00539b,62340,ffffff,c99700,DUKE,00539b,ffffff,ND,62340,c99700,https://raw.githubusercontent.com/sportsdataverse/wehoop-wbb-raw/main/wbb/json/final/401851195.json,2026-03-07T17:00Z,TRUE,,
401851321,2026-03-07T17:00Z,UConn,Georgetown,Neutral,W,84,39,https://a.espncdn.com/i/teamlogos/ncaa/500/41.png,https://a.espncdn.com/i/teamlogos/ncaa/500/46.png,1,99,4,4,,,TRUE,6,Big East Tournament - Quarterfinal,STATUS_FINAL,4,TRUE,1,"[{'abbreviation': 'Game', 'name': 'overall', 'summary': '32-0', 'type': 'total'}
 {'abbreviation': None, 'name': 'Home', 'summary': '15-0', 'type': 'home'}
 {'abbreviation': None, 'name': 'Road', 'summary': '12-0', 'type': 'road'}
 {'abbreviation': None, 'name': 'vs. Conf.', 'summary': '20-0', 'type': 'vsconf'}]",4,FALSE,99,"[{'abbreviation': 'Game', 'name': 'overall', 'summary': '14-17', 'type': 'total'}
 {'abbreviation': None, 'name': 'Home', 'summary': '8-8', 'type': 'home'}
 {'abbreviation': None, 'name': 'Road', 'summary': '5-8', 'type': 'road'}
 {'abbreviation': None, 'name': 'vs. Conf.', 'summary': '6-14', 'type': 'vsconf'}]",4,Big East,CONN,GTWN,0c2340,1.10E+44,a2aaad,001c58,CONN,0c2340,a2aaad,GTWN,1.10E+44,001c58,https://raw.githubusercontent.com/sportsdataverse/wehoop-wbb-raw/main/wbb/json/final/401851321.json,2026-03-07T17:00Z,TRUE,,
401851195,2026-03-07T17:00Z,Notre Dame,Duke,Neutral,L,63,65,https://a.espncdn.com/i/teamlogos/ncaa/500/87.png,https://a.espncdn.com/i/teamlogos/ncaa/500/150.png,99,13,2,2,,,TRUE,6,Ally ACC Tournament - Semifinal,STATUS_FINAL,2,TRUE,13,"[{'abbreviation': 'Game', 'name': 'overall', 'summary': '23-8', 'type': 'total'}
 {'abbreviation': None, 'name': 'Home', 'summary': '12-1', 'type': 'home'}
 {'abbreviation': None, 'name': 'Road', 'summary': '9-3', 'type': 'road'}
 {'abbreviation': None, 'name': 'vs. Conf.', 'summary': '16-2', 'type': 'vsconf'}]",2,FALSE,99,"[{'abbreviation': 'Game', 'name': 'overall', 'summary': '22-10', 'type': 'total'}
 {'abbreviation': None, 'name': 'Home', 'summary': '14-2', 'type': 'home'}
 {'abbreviation': None, 'name': 'Road', 'summary': '6-6', 'type': 'road'}
 {'abbreviation': None, 'name': 'vs. Conf.', 'summary': '12-6', 'type': 'vsconf'}]",2,ACC,ND,DUKE,62340,00539b,c99700,ffffff,DUKE,00539b,ffffff,ND,62340,c99700,https://raw.githubusercontent.com/sportsdataverse/wehoop-wbb-raw/main/wbb/json/final/401851195.json,2026-03-07T17:00Z,TRUE,,
401851267,2026-03-07T16:00Z,Rhode Island,Davidson,Neutral,W,55,46,https://a.espncdn.com/i/teamlogos/ncaa/500/227.png,https://a.espncdn.com/i/teamlogos/ncaa/500/2166.png,99,99,3,3,,,TRUE,6,Betterment Atlantic 10 Championship - Semifinal,STATUS_FINAL,3,TRUE,99,"[{'abbreviation': 'Game', 'name': 'overall', 'summary': '27-4', 'type': 'total'}
 {'abbreviation': None, 'name': 'Home', 'summary': '14-1', 'type': 'home'}
 {'abbreviation': None, 'name': 'Road', 'summary': '11-3', 'type': 'road'}
 {'abbreviation': None, 'name': 'vs. Conf.', 'summary': '16-2', 'type': 'vsconf'}]",3,FALSE,99,"[{'abbreviation': 'Game', 'name': 'overall', 'summary': '21-12', 'type': 'total'}
 {'abbreviation': None, 'name': 'Home', 'summary': '13-3', 'type': 'home'}
 {'abbreviation': None, 'name': 'Road', 'summary': '7-6', 'type': 'road'}
 {'abbreviation': None, 'name': 'vs. Conf.', 'summary': '12-6', 'type': 'vsconf'}]",3,A-10,URI,DAV,091f3f,0,5ab3e8,e51837,URI,091f3f,5ab3e8,DAV,0,e51837,https://raw.githubusercontent.com/sportsdataverse/wehoop-wbb-raw/main/wbb/json/final/401851267.json,2026-03-07T16:00Z,TRUE,,
401851298,2026-03-07T02:00Z,Baylor,Colorado,Neutral,L,53,62,https://a.espncdn.com/i/teamlogos/ncaa/500/239.png,https://a.espncdn.com/i/teamlogos/ncaa/500/38.png,20,99,8,8,,,TRUE,6,Phillips 66 Big 12 Tournament - Quarterfinal,STATUS_FINAL,8,FALSE,20,"[{'abbreviation': 'Game', 'name': 'overall', 'summary': '24-8', 'type': 'total'}
 {'abbreviation': None, 'name': 'Home', 'summary': '15-2', 'type': 'home'}
 {'abbreviation': None, 'name': 'Road', 'summary': '7-3', 'type': 'road'}
 {'abbreviation': None, 'name': 'vs. Conf.', 'summary': '13-5', 'type': 'vsconf'}]",8,TRUE,99,"[{'abbreviation': 'Game', 'name': 'overall', 'summary': '22-10', 'type': 'total'}
 {'abbreviation': None, 'name': 'Home', 'summary': '14-3', 'type': 'home'}
 {'abbreviation': None, 'name': 'Road', 'summary': '4-6', 'type': 'road'}
 {'abbreviation': None, 'name': 'vs. Conf.', 'summary': '11-7', 'type': 'vsconf'}]",8,Big 12,BAY,COLO,154734,cfb87c,ffb81c,0,BAY,154734,ffb81c,COLO,cfb87c,0,https://raw.githubusercontent.com/sportsdataverse/wehoop-wbb-raw/main/wbb/json/final/401851298.json,2026-03-07T02:00Z,TRUE,,
401851298,2026-03-07T02:00Z,Colorado,Baylor,Neutral,W,62,53,https://a.espncdn.com/i/teamlogos/ncaa/500/38.png,https://a.espncdn.com/i/teamlogos/ncaa/500/239.png,99,20,8,8,,,TRUE,6,Phillips 66 Big 12 Tournament - Quarterfinal,STATUS_FINAL,8,FALSE,20,"[{'abbreviation': 'Game', 'name': 'overall', 'summary': '24-8', 'type': 'total'}
 {'abbreviation': None, 'name': 'Home', 'summary': '15-2', 'type': 'home'}
 {'abbreviation': None, 'name': 'Road', 'summary': '7-3', 'type': 'road'}
 {'abbreviation': None, 'name': 'vs. Conf.', 'summary': '13-5', 'type': 'vsconf'}]",8,TRUE,99,"[{'abbreviation': 'Game', 'name': 'overall', 'summary': '22-10', 'type': 'total'}
 {'abbreviation': None, 'name': 'Home', 'summary': '14-3', 'type': 'home'}
 {'abbreviation': None, 'name': 'Road', 'summary': '4-6', 'type': 'road'}
 {'abbreviation': None, 'name': 'vs. Conf.', 'summary': '11-7', 'type': 'vsconf'}]",8,Big 12,COLO,BAY,cfb87c,154734,0,ffb81c,BAY,154734,ffb81c,COLO,cfb87c,0,https://raw.githubusercontent.com/sportsdataverse/wehoop-wbb-raw/main/wbb/json/final/401851298.json,2026-03-07T02:00Z,TRUE,,
401851389,2026-03-07T02:00Z,Oregon,Michigan,Neutral,L,58,80,https://a.espncdn.com/i/teamlogos/ncaa/500/2483.png,https://a.espncdn.com/i/teamlogos/ncaa/500/130.png,99,8,7,7,,,TRUE,6,Big Ten Tournament - Quarterfinal,STATUS_FINAL,7,TRUE,8,"[{'abbreviation': 'Game', 'name': 'overall', 'summary': '25-5', 'type': 'total'}
 {'abbreviation': None, 'name': 'Home', 'summary': '14-1', 'type': 'home'}
 {'abbreviation': None, 'name': 'Road', 'summary': '8-2', 'type': 'road'}
 {'abbreviation': None, 'name': 'vs. Conf.', 'summary': '15-3', 'type': 'vsconf'}]",7,FALSE,99,"[{'abbreviation': 'Game', 'name': 'overall', 'summary': '22-12', 'type': 'total'}
 {'abbreviation': None, 'name': 'Home', 'summary': '12-5', 'type': 'home'}
 {'abbreviation': None, 'name': 'Road', 'summary': '6-5', 'type': 'road'}
 {'abbreviation': None, 'name': 'vs. Conf.', 'summary': '8-10', 'type': 'vsconf'}]",7,Big Ten,ORE,MICH,00934b,00274c,fff41b,ffcb05,MICH,00274c,ffcb05,ORE,00934b,fff41b,https://raw.githubusercontent.com/sportsdataverse/wehoop-wbb-raw/main/wbb/json/final/401851389.json,2026-03-07T02:00Z,TRUE,,
401851389,2026-03-07T02:00Z,Michigan,Oregon,Neutral,W,80,58,https://a.espncdn.com/i/teamlogos/ncaa/500/130.png,https://a.espncdn.com/i/teamlogos/ncaa/500/2483.png,8,99,7,7,,,TRUE,6,Big Ten Tournament - Quarterfinal,STATUS_FINAL,7,TRUE,8,"[{'abbreviation': 'Game', 'name': 'overall', 'summary': '25-5', 'type': 'total'}
 {'abbreviation': None, 'name': 'Home', 'summary': '14-1', 'type': 'home'}
 {'abbreviation': None, 'name': 'Road', 'summary': '8-2', 'type': 'road'}
 {'abbreviation': None, 'name': 'vs. Conf.', 'summary': '15-3', 'type': 'vsconf'}]",7,FALSE,99,"[{'abbreviation': 'Game', 'name': 'overall', 'summary': '22-12', 'type': 'total'}
 {'abbreviation': None, 'name': 'Home', 'summary': '12-5', 'type': 'home'}
 {'abbreviation': None, 'name': 'Road', 'summary': '6-5', 'type': 'road'}
 {'abbreviation': None, 'name': 'vs. Conf.', 'summary': '8-10', 'type': 'vsconf'}]",7,Big Ten,MICH,ORE,00274c,00934b,ffcb05,fff41b,MICH,00274c,ffcb05,ORE,00934b,fff41b,https://raw.githubusercontent.com/sportsdataverse/wehoop-wbb-raw/main/wbb/json/final/401851389.json,2026-03-07T02:00Z,TRUE,,
401851615,2026-03-07T01:30Z,Texas,Alabama,Neutral,W,83,60,https://a.espncdn.com/i/teamlogos/ncaa/500/251.png,https://a.espncdn.com/i/teamlogos/ncaa/500/333.png,4,99,23,23,,,TRUE,6,SEC Tournament - Quarterfinal,STATUS_FINAL,23,TRUE,4,"[{'abbreviation': 'Game', 'name': 'overall', 'summary': '29-3', 'type': 'total'}
 {'abbreviation': None, 'name': 'Home', 'summary': '18-0', 'type': 'home'}
 {'abbreviation': None, 'name': 'Road', 'summary': '7-3', 'type': 'road'}
 {'abbreviation': None, 'name': 'vs. Conf.', 'summary': '13-3', 'type': 'vsconf'}]",23,FALSE,99,"[{'abbreviation': 'Game', 'name': 'overall', 'summary': '23-10', 'type': 'total'}
 {'abbreviation': None, 'name': 'Home', 'summary': '16-4', 'type': 'home'}
 {'abbreviation': None, 'name': 'Road', 'summary': '3-5', 'type': 'road'}
 {'abbreviation': None, 'name': 'vs. Conf.', 'summary': '7-9', 'type': 'vsconf'}]",23,SEC,TEX,ALA,af5c37,9e1b32,ffffff,ffffff,TEX,af5c37,ffffff,ALA,9e1b32,ffffff,https://raw.githubusercontent.com/sportsdataverse/wehoop-wbb-raw/main/wbb/json/final/401851615.json,2026-03-07T01:30Z,TRUE,,
401851615,2026-03-07T01:30Z,Alabama,Texas,Neutral,L,60,83,https://a.espncdn.com/i/teamlogos/ncaa/500/333.png,https://a.espncdn.com/i/teamlogos/ncaa/500/251.png,99,4,23,23,,,TRUE,6,SEC Tournament - Quarterfinal,STATUS_FINAL,23,TRUE,4,"[{'abbreviation': 'Game', 'name': 'overall', 'summary': '29-3', 'type': 'total'}
 {'abbreviation': None, 'name': 'Home', 'summary': '18-0', 'type': 'home'}
 {'abbreviation': None, 'name': 'Road', 'summary': '7-3', 'type': 'road'}
 {'abbreviation': None, 'name': 'vs. Conf.', 'summary': '13-3', 'type': 'vsconf'}]",23,FALSE,99,"[{'abbreviation': 'Game', 'name': 'overall', 'summary': '23-10', 'type': 'total'}
 {'abbreviation': None, 'name': 'Home', 'summary': '16-4', 'type': 'home'}
 {'abbreviation': None, 'name': 'Road', 'summary': '3-5', 'type': 'road'}
 {'abbreviation': None, 'name': 'vs. Conf.', 'summary': '7-9', 'type': 'vsconf'}]",23,SEC,ALA,TEX,9e1b32,af5c37,ffffff,ffffff,TEX,af5c37,ffffff,ALA,9e1b32,ffffff,https://raw.githubusercontent.com/sportsdataverse/wehoop-wbb-raw/main/wbb/json/final/401851615.json,2026-03-07T01:30Z,TRUE,,
401851194,2026-03-07T00:30Z,Virginia Tech,UNC,Neutral,L,68,85,https://a.espncdn.com/i/teamlogos/ncaa/500/259.png,https://a.espncdn.com/i/teamlogos/ncaa/500/153.png,99,16,2,2,,,TRUE,6,Ally ACC Tournament - Quarterfinal,STATUS_FINAL,2,TRUE,16,"[{'abbreviation': 'Game', 'name': 'overall', 'summary': '26-6', 'type': 'total'}
 {'abbreviation': None, 'name': 'Home', 'summary': '13-2', 'type': 'home'}
 {'abbreviation': None, 'name': 'Road', 'summary': '8-3', 'type': 'road'}
 {'abbreviation': None, 'name': 'vs. Conf.', 'summary': '14-4', 'type': 'vsconf'}]",2,FALSE,99,"[{'abbreviation': 'Game', 'name': 'overall', 'summary': '23-9', 'type': 'total'}
 {'abbreviation': None, 'name': 'Home', 'summary': '14-4', 'type': 'home'}
 {'abbreviation': None, 'name': 'Road', 'summary': '7-3', 'type': 'road'}
 {'abbreviation': None, 'name': 'vs. Conf.', 'summary': '12-6', 'type': 'vsconf'}]",2,ACC,VT,UNC,6a2c3e,7bafd4,cf4520,13294b,UNC,7bafd4,13294b,VT,6a2c3e,cf4520,https://raw.githubusercontent.com/sportsdataverse/wehoop-wbb-raw/main/wbb/json/final/401851194.json,2026-03-07T00:30Z,TRUE,,
401851265,2026-03-07T00:30Z,Richmond,La Salle,Neutral,W,70,51,https://a.espncdn.com/i/teamlogos/ncaa/500/257.png,https://a.espncdn.com/i/teamlogos/ncaa/500/2325.png,99,99,3,3,,,TRUE,6,Betterment Atlantic 10 Championship - Quarterfinal,STATUS_FINAL,3,TRUE,99,"[{'abbreviation': 'Game', 'name': 'overall', 'summary': '26-6', 'type': 'total'}
 {'abbreviation': None, 'name': 'Home', 'summary': '13-1', 'type': 'home'}
 {'abbreviation': None, 'name': 'Road', 'summary': '9-4', 'type': 'road'}
 {'abbreviation': None, 'name': 'vs. Conf.', 'summary': '15-3', 'type': 'vsconf'}]",3,FALSE,99,"[{'abbreviation': 'Game', 'name': 'overall', 'summary': '18-13', 'type': 'total'}
 {'abbreviation': None, 'name': 'Home', 'summary': '8-6', 'type': 'home'}
 {'abbreviation': None, 'name': 'Road', 'summary': '9-5', 'type': 'road'}
 {'abbreviation': None, 'name': 'vs. Conf.', 'summary': '10-8', 'type': 'vsconf'}]",3,A-10,RICH,LAS,9e0712,3356,b90b2e,ffce00,RICH,9e0712,b90b2e,LAS,3356,ffce00,https://raw.githubusercontent.com/sportsdataverse/wehoop-wbb-raw/main/wbb/json/final/401851265.json,2026-03-07T00:30Z,TRUE,,
401851194,2026-03-07T00:30Z,UNC,Virginia Tech,Neutral,W,85,68,https://a.espncdn.com/i/teamlogos/ncaa/500/153.png,https://a.espncdn.com/i/teamlogos/ncaa/500/259.png,16,99,2,2,,,TRUE,6,Ally ACC Tournament - Quarterfinal,STATUS_FINAL,2,TRUE,16,"[{'abbreviation': 'Game', 'name': 'overall', 'summary': '26-6', 'type': 'total'}
 {'abbreviation': None, 'name': 'Home', 'summary': '13-2', 'type': 'home'}
 {'abbreviation': None, 'name': 'Road', 'summary': '8-3', 'type': 'road'}
 {'abbreviation': None, 'name': 'vs. Conf.', 'summary': '14-4', 'type': 'vsconf'}]",2,FALSE,99,"[{'abbreviation': 'Game', 'name': 'overall', 'summary': '23-9', 'type': 'total'}
 {'abbreviation': None, 'name': 'Home', 'summary': '14-4', 'type': 'home'}
 {'abbreviation': None, 'name': 'Road', 'summary': '7-3', 'type': 'road'}
 {'abbreviation': None, 'name': 'vs. Conf.', 'summary': '12-6', 'type': 'vsconf'}]",2,ACC,UNC,VT,7bafd4,6a2c3e,13294b,cf4520,UNC,7bafd4,13294b,VT,6a2c3e,cf4520,https://raw.githubusercontent.com/sportsdataverse/wehoop-wbb-raw/main/wbb/json/final/401851194.json,2026-03-07T00:30Z,TRUE,,
401851387,2026-03-06T23:30Z,Illinois,Iowa,Neutral,L,58,64,https://a.espncdn.com/i/teamlogos/ncaa/500/356.png,https://a.espncdn.com/i/teamlogos/ncaa/500/2294.png,99,9,7,7,,,TRUE,6,Big Ten Tournament - Quarterfinal,STATUS_FINAL,7,TRUE,9,"[{'abbreviation': 'Game', 'name': 'overall', 'summary': '25-5', 'type': 'total'}
 {'abbreviation': None, 'name': 'Home', 'summary': '14-1', 'type': 'home'}
 {'abbreviation': None, 'name': 'Road', 'summary': '8-3', 'type': 'road'}
 {'abbreviation': None, 'name': 'vs. Conf.', 'summary': '15-3', 'type': 'vsconf'}]",7,FALSE,99,"[{'abbreviation': 'Game', 'name': 'overall', 'summary': '21-11', 'type': 'total'}
 {'abbreviation': None, 'name': 'Home', 'summary': '13-4', 'type': 'home'}
 {'abbreviation': None, 'name': 'Road', 'summary': '6-6', 'type': 'road'}
 {'abbreviation': None, 'name': 'vs. Conf.', 'summary': '9-9', 'type': 'vsconf'}]",7,Big Ten,ILL,IOWA,ff5f05,231f20,13294b,fcd116,IOWA,231f20,fcd116,ILL,ff5f05,13294b,https://raw.githubusercontent.com/sportsdataverse/wehoop-wbb-raw/main/wbb/json/final/401851387.json,2026-03-06T23:30Z,TRUE,,
401851387,2026-03-06T23:30Z,Iowa,Illinois,Neutral,W,64,58,https://a.espncdn.com/i/teamlogos/ncaa/500/2294.png,https://a.espncdn.com/i/teamlogos/ncaa/500/356.png,9,99,7,7,,,TRUE,6,Big Ten Tournament - Quarterfinal,STATUS_FINAL,7,TRUE,9,"[{'abbreviation': 'Game', 'name': 'overall', 'summary': '25-5', 'type': 'total'}
 {'abbreviation': None, 'name': 'Home', 'summary': '14-1', 'type': 'home'}
 {'abbreviation': None, 'name': 'Road', 'summary': '8-3', 'type': 'road'}
 {'abbreviation': None, 'name': 'vs. Conf.', 'summary': '15-3', 'type': 'vsconf'}]",7,FALSE,99,"[{'abbreviation': 'Game', 'name': 'overall', 'summary': '21-11', 'type': 'total'}
 {'abbreviation': None, 'name': 'Home', 'summary': '13-4', 'type': 'home'}
 {'abbreviation': None, 'name': 'Road', 'summary': '6-6', 'type': 'road'}
 {'abbreviation': None, 'name': 'vs. Conf.', 'summary': '9-9', 'type': 'vsconf'}]",7,Big Ten,IOWA,ILL,231f20,ff5f05,fcd116,13294b,IOWA,231f20,fcd116,ILL,ff5f05,13294b,https://raw.githubusercontent.com/sportsdataverse/wehoop-wbb-raw/main/wbb/json/final/401851387.json,2026-03-06T23:30Z,TRUE,,
401851297,2026-03-06T23:30Z,West Virginia,Arizona State,Neutral,W,67,54,https://a.espncdn.com/i/teamlogos/ncaa/500/277.png,https://a.espncdn.com/i/teamlogos/ncaa/500/9.png,15,99,8,8,,,TRUE,6,Phillips 66 Big 12 Tournament - Quarterfinal,STATUS_FINAL,8,TRUE,15,"[{'abbreviation': 'Game', 'name': 'overall', 'summary': '25-6', 'type': 'total'}
 {'abbreviation': None, 'name': 'Home', 'summary': '14-3', 'type': 'home'}
 {'abbreviation': None, 'name': 'Road', 'summary': '8-2', 'type': 'road'}
 {'abbreviation': None, 'name': 'vs. Conf.', 'summary': '14-4', 'type': 'vsconf'}]",8,FALSE,99,"[{'abbreviation': 'Game', 'name': 'overall', 'summary': '24-10', 'type': 'total'}
 {'abbreviation': None, 'name': 'Home', 'summary': '15-2', 'type': 'home'}
 {'abbreviation': None, 'name': 'Road', 'summary': '7-7', 'type': 'road'}
 {'abbreviation': None, 'name': 'vs. Conf.', 'summary': '9-9', 'type': 'vsconf'}]",8,Big 12,WVU,ASU,eaaa00,ffc627,2855,8c1d40,WVU,eaaa00,2855,ASU,ffc627,8c1d40,https://raw.githubusercontent.com/sportsdataverse/wehoop-wbb-raw/main/wbb/json/final/401851297.json,2026-03-06T23:30Z,TRUE,,
401851613,2026-03-06T23:00Z,Vanderbilt,Ole Miss,Neutral,L,78,89,https://a.espncdn.com/i/teamlogos/ncaa/500/238.png,https://a.espncdn.com/i/teamlogos/ncaa/500/145.png,5,24,23,23,,,TRUE,6,SEC Tournament - Quarterfinal,STATUS_FINAL,23,FALSE,5,"[{'abbreviation': 'Game', 'name': 'overall', 'summary': '27-4', 'type': 'total'}
 {'abbreviation': None, 'name': 'Home', 'summary': '16-0', 'type': 'home'}
 {'abbreviation': None, 'name': 'Road', 'summary': '7-2', 'type': 'road'}
 {'abbreviation': None, 'name': 'vs. Conf.', 'summary': '13-3', 'type': 'vsconf'}]",23,TRUE,24,"[{'abbreviation': 'Game', 'name': 'overall', 'summary': '23-10', 'type': 'total'}
 {'abbreviation': None, 'name': 'Home', 'summary': '12-2', 'type': 'home'}
 {'abbreviation': None, 'name': 'Road', 'summary': '4-5', 'type': 'road'}
 {'abbreviation': None, 'name': 'vs. Conf.', 'summary': '8-8', 'type': 'vsconf'}]",23,SEC,VAN,MISS,0,13294b,cfae70,cf142b,VAN,0,cfae70,MISS,13294b,cf142b,https://raw.githubusercontent.com/sportsdataverse/wehoop-wbb-raw/main/wbb/json/final/401851613.json,2026-03-06T23:00Z,TRUE,,
401851613,2026-03-06T23:00Z,Ole Miss,Vanderbilt,Neutral,W,89,78,https://a.espncdn.com/i/teamlogos/ncaa/500/145.png,https://a.espncdn.com/i/teamlogos/ncaa/500/238.png,24,5,23,23,,,TRUE,6,SEC Tournament - Quarterfinal,STATUS_FINAL,23,FALSE,5,"[{'abbreviation': 'Game', 'name': 'overall', 'summary': '27-4', 'type': 'total'}
 {'abbreviation': None, 'name': 'Home', 'summary': '16-0', 'type': 'home'}
 {'abbreviation': None, 'name': 'Road', 'summary': '7-2', 'type': 'road'}
 {'abbreviation': None, 'name': 'vs. Conf.', 'summary': '13-3', 'type': 'vsconf'}]",23,TRUE,24,"[{'abbreviation': 'Game', 'name': 'overall', 'summary': '23-10', 'type': 'total'}
 {'abbreviation': None, 'name': 'Home', 'summary': '12-2', 'type': 'home'}
 {'abbreviation': None, 'name': 'Road', 'summary': '4-5', 'type': 'road'}
 {'abbreviation': None, 'name': 'vs. Conf.', 'summary': '8-8', 'type': 'vsconf'}]",23,SEC,MISS,VAN,13294b,0,cf142b,cfae70,VAN,0,cfae70,MISS,13294b,cf142b,https://raw.githubusercontent.com/sportsdataverse/wehoop-wbb-raw/main/wbb/json/final/401851613.json,2026-03-06T23:00Z,TRUE,,
401851193,2026-03-06T22:00Z,Syracuse,Louisville,Neutral,L,61,87,https://a.espncdn.com/i/teamlogos/ncaa/500/183.png,https://a.espncdn.com/i/teamlogos/ncaa/500/97.png,99,12,2,2,,,TRUE,6,Ally ACC Tournament - Quarterfinal,STATUS_FINAL,2,TRUE,12,"[{'abbreviation': 'Game', 'name': 'overall', 'summary': '26-6', 'type': 'total'}
 {'abbreviation': None, 'name': 'Home', 'summary': '14-5', 'type': 'home'}
 {'abbreviation': None, 'name': 'Road', 'summary': '9-0', 'type': 'road'}
 {'abbreviation': None, 'name': 'vs. Conf.', 'summary': '15-3', 'type': 'vsconf'}]",2,FALSE,99,"[{'abbreviation': 'Game', 'name': 'overall', 'summary': '23-8', 'type': 'total'}
 {'abbreviation': None, 'name': 'Home', 'summary': '15-3', 'type': 'home'}
 {'abbreviation': None, 'name': 'Road', 'summary': '6-3', 'type': 'road'}
 {'abbreviation': None, 'name': 'vs. Conf.', 'summary': '12-6', 'type': 'vsconf'}]",2,ACC,SYR,LOU,0.00E+00,c9001f,ff431b,ffffff,LOU,c9001f,ffffff,SYR,0.00E+00,ff431b,https://raw.githubusercontent.com/sportsdataverse/wehoop-wbb-raw/main/wbb/json/final/401851193.json,2026-03-06T22:00Z,TRUE,,
401851193,2026-03-06T22:00Z,Louisville,Syracuse,Neutral,W,87,61,https://a.espncdn.com/i/teamlogos/ncaa/500/97.png,https://a.espncdn.com/i/teamlogos/ncaa/500/183.png,12,99,2,2,,,TRUE,6,Ally ACC Tournament - Quarterfinal,STATUS_FINAL,2,TRUE,12,"[{'abbreviation': 'Game', 'name': 'overall', 'summary': '26-6', 'type': 'total'}
 {'abbreviation': None, 'name': 'Home', 'summary': '14-5', 'type': 'home'}
 {'abbreviation': None, 'name': 'Road', 'summary': '9-0', 'type': 'road'}
 {'abbreviation': None, 'name': 'vs. Conf.', 'summary': '15-3', 'type': 'vsconf'}]",2,FALSE,99,"[{'abbreviation': 'Game', 'name': 'overall', 'summary': '23-8', 'type': 'total'}
 {'abbreviation': None, 'name': 'Home', 'summary': '15-3', 'type': 'home'}
 {'abbreviation': None, 'name': 'Road', 'summary': '6-3', 'type': 'road'}
 {'abbreviation': None, 'name': 'vs. Conf.', 'summary': '12-6', 'type': 'vsconf'}]",2,ACC,LOU,SYR,c9001f,0.00E+00,ffffff,ff431b,LOU,c9001f,ffffff,SYR,0.00E+00,ff431b,https://raw.githubusercontent.com/sportsdataverse/wehoop-wbb-raw/main/wbb/json/final/401851193.json,2026-03-06T22:00Z,TRUE,,
401851385,2026-03-06T19:30Z,Ohio State,Minnesota,Neutral,W,60,55,https://a.espncdn.com/i/teamlogos/ncaa/500/194.png,https://a.espncdn.com/i/teamlogos/ncaa/500/135.png,11,19,7,7,,,TRUE,6,Big Ten Tournament - Quarterfinal,STATUS_FINAL,7,FALSE,19,"[{'abbreviation': 'Game', 'name': 'overall', 'summary': '22-8', 'type': 'total'}
 {'abbreviation': None, 'name': 'Home', 'summary': '13-3', 'type': 'home'}
 {'abbreviation': None, 'name': 'Road', 'summary': '8-3', 'type': 'road'}
 {'abbreviation': None, 'name': 'vs. Conf.', 'summary': '13-5', 'type': 'vsconf'}]",7,TRUE,11,"[{'abbreviation': 'Game', 'name': 'overall', 'summary': '26-6', 'type': 'total'}
 {'abbreviation': None, 'name': 'Home', 'summary': '14-3', 'type': 'home'}
 {'abbreviation': None, 'name': 'Road', 'summary': '7-3', 'type': 'road'}
 {'abbreviation': None, 'name': 'vs. Conf.', 'summary': '13-5', 'type': 'vsconf'}]",7,Big Ten,OSU,MINN,ba0c2f,5e0a2f,a8adb4,fab41c,MINN,5e0a2f,fab41c,OSU,ba0c2f,a8adb4,https://raw.githubusercontent.com/sportsdataverse/wehoop-wbb-raw/main/wbb/json/final/401851385.json,2026-03-06T19:30Z,TRUE,,
401851461,2026-03-06T19:30Z,Fairfield,Sacred Heart,Neutral,W,69,53,https://a.espncdn.com/i/teamlogos/ncaa/500/2217.png,https://a.espncdn.com/i/teamlogos/ncaa/500/2529.png,25,99,13,13,,,TRUE,6,MAAC Championship - Quarterfinal,STATUS_FINAL,13,TRUE,25,"[{'abbreviation': 'Game', 'name': 'overall', 'summary': '26-4', 'type': 'total'}
 {'abbreviation': None, 'name': 'Home', 'summary': '12-1', 'type': 'home'}
 {'abbreviation': None, 'name': 'Road', 'summary': '12-2', 'type': 'road'}
 {'abbreviation': None, 'name': 'vs. Conf.', 'summary': '19-1', 'type': 'vsconf'}]",13,FALSE,99,"[{'abbreviation': 'Game', 'name': 'overall', 'summary': '13-18', 'type': 'total'}
 {'abbreviation': None, 'name': 'Home', 'summary': '7-7', 'type': 'home'}
 {'abbreviation': None, 'name': 'Road', 'summary': '5-10', 'type': 'road'}
 {'abbreviation': None, 'name': 'vs. Conf.', 'summary': '10-10', 'type': 'vsconf'}]",13,MAAC,FAIR,SHU,0,a40012,ebebeb,c29472,FAIR,0,ebebeb,SHU,a40012,c29472,https://raw.githubusercontent.com/sportsdataverse/wehoop-wbb-raw/main/wbb/json/final/401851461.json,2026-03-06T19:30Z,TRUE,,
401851385,2026-03-06T19:30Z,Minnesota,Ohio State,Neutral,L,55,60,https://a.espncdn.com/i/teamlogos/ncaa/500/135.png,https://a.espncdn.com/i/teamlogos/ncaa/500/194.png,19,11,7,7,,,TRUE,6,Big Ten Tournament - Quarterfinal,STATUS_FINAL,7,FALSE,19,"[{'abbreviation': 'Game', 'name': 'overall', 'summary': '22-8', 'type': 'total'}
 {'abbreviation': None, 'name': 'Home', 'summary': '13-3', 'type': 'home'}
 {'abbreviation': None, 'name': 'Road', 'summary': '8-3', 'type': 'road'}
 {'abbreviation': None, 'name': 'vs. Conf.', 'summary': '13-5', 'type': 'vsconf'}]",7,TRUE,11,"[{'abbreviation': 'Game', 'name': 'overall', 'summary': '26-6', 'type': 'total'}
 {'abbreviation': None, 'name': 'Home', 'summary': '14-3', 'type': 'home'}
 {'abbreviation': None, 'name': 'Road', 'summary': '7-3', 'type': 'road'}
 {'abbreviation': None, 'name': 'vs. Conf.', 'summary': '13-5', 'type': 'vsconf'}]",7,Big Ten,MINN,OSU,5e0a2f,ba0c2f,fab41c,a8adb4,MINN,5e0a2f,fab41c,OSU,ba0c2f,a8adb4,https://raw.githubusercontent.com/sportsdataverse/wehoop-wbb-raw/main/wbb/json/final/401851385.json,2026-03-06T19:30Z,TRUE,,
401851295,2026-03-06T19:30Z,TCU,BYU,Neutral,W,63,46,https://a.espncdn.com/i/teamlogos/ncaa/500/2628.png,https://a.espncdn.com/i/teamlogos/ncaa/500/252.png,10,99,8,8,,,TRUE,6,Phillips 66 Big 12 Tournament - Quarterfinal,STATUS_FINAL,8,TRUE,10,"[{'abbreviation': 'Game', 'name': 'overall', 'summary': '28-4', 'type': 'total'}
 {'abbreviation': None, 'name': 'Home', 'summary': '18-0', 'type': 'home'}
 {'abbreviation': None, 'name': 'Road', 'summary': '7-3', 'type': 'road'}
 {'abbreviation': None, 'name': 'vs. Conf.', 'summary': '15-3', 'type': 'vsconf'}]",8,FALSE,99,"[{'abbreviation': 'Game', 'name': 'overall', 'summary': '22-11', 'type': 'total'}
 {'abbreviation': None, 'name': 'Home', 'summary': '13-4', 'type': 'home'}
 {'abbreviation': None, 'name': 'Road', 'summary': '6-5', 'type': 'road'}
 {'abbreviation': None, 'name': 'vs. Conf.', 'summary': '9-9', 'type': 'vsconf'}]",8,Big 12,TCU,BYU,4d1979,0047ba,ffffff,002e5d,TCU,4d1979,ffffff,BYU,0047ba,002e5d,https://raw.githubusercontent.com/sportsdataverse/wehoop-wbb-raw/main/wbb/json/final/401851295.json,2026-03-06T19:30Z,TRUE,,
401851610,2026-03-06T19:30Z,LSU,Oklahoma,Neutral,W,112,78,https://a.espncdn.com/i/teamlogos/ncaa/500/99.png,https://a.espncdn.com/i/teamlogos/ncaa/500/201.png,6,7,23,23,,,TRUE,6,SEC Tournament - Quarterfinal,STATUS_FINAL,23,TRUE,6,"[{'abbreviation': 'Game', 'name': 'overall', 'summary': '27-4', 'type': 'total'}
 {'abbreviation': None, 'name': 'Home', 'summary': '13-2', 'type': 'home'}
 {'abbreviation': None, 'name': 'Road', 'summary': '10-2', 'type': 'road'}
 {'abbreviation': None, 'name': 'vs. Conf.', 'summary': '12-4', 'type': 'vsconf'}]",23,FALSE,7,"[{'abbreviation': 'Game', 'name': 'overall', 'summary': '24-7', 'type': 'total'}
 {'abbreviation': None, 'name': 'Home', 'summary': '14-2', 'type': 'home'}
 {'abbreviation': None, 'name': 'Road', 'summary': '6-3', 'type': 'road'}
 {'abbreviation': None, 'name': 'vs. Conf.', 'summary': '11-5', 'type': 'vsconf'}]",23,SEC,LSU,OU,461d76,990000,fdd023,ffffff,LSU,461d76,fdd023,OU,990000,ffffff,https://raw.githubusercontent.com/sportsdataverse/wehoop-wbb-raw/main/wbb/json/final/401851610.json,2026-03-06T19:30Z,TRUE,,
401851610,2026-03-06T19:30Z,Oklahoma,LSU,Neutral,L,78,112,https://a.espncdn.com/i/teamlogos/ncaa/500/201.png,https://a.espncdn.com/i/teamlogos/ncaa/500/99.png,7,6,23,23,,,TRUE,6,SEC Tournament - Quarterfinal,STATUS_FINAL,23,TRUE,6,"[{'abbreviation': 'Game', 'name': 'overall', 'summary': '27-4', 'type': 'total'}
 {'abbreviation': None, 'name': 'Home', 'summary': '13-2', 'type': 'home'}
 {'abbreviation': None, 'name': 'Road', 'summary': '10-2', 'type': 'road'}
 {'abbreviation': None, 'name': 'vs. Conf.', 'summary': '12-4', 'type': 'vsconf'}]",23,FALSE,7,"[{'abbreviation': 'Game', 'name': 'overall', 'summary': '24-7', 'type': 'total'}
 {'abbreviation': None, 'name': 'Home', 'summary': '14-2', 'type': 'home'}
 {'abbreviation': None, 'name': 'Road', 'summary': '6-3', 'type': 'road'}
 {'abbreviation': None, 'name': 'vs. Conf.', 'summary': '11-5', 'type': 'vsconf'}]",23,SEC,OU,LSU,990000,461d76,ffffff,fdd023,LSU,461d76,fdd023,OU,990000,ffffff,https://raw.githubusercontent.com/sportsdataverse/wehoop-wbb-raw/main/wbb/json/final/401851610.json,2026-03-06T19:30Z,TRUE,,
401851192,2026-03-06T18:30Z,Notre Dame,NC State,Neutral,W,81,63,https://a.espncdn.com/i/teamlogos/ncaa/500/87.png,https://a.espncdn.com/i/teamlogos/ncaa/500/152.png,99,99,2,2,,,TRUE,6,Ally ACC Tournament - Quarterfinal,STATUS_FINAL,2,FALSE,99,"[{'abbreviation': 'Game', 'name': 'overall', 'summary': '20-10', 'type': 'total'}
 {'abbreviation': None, 'name': 'Home', 'summary': '10-4', 'type': 'home'}
 {'abbreviation': None, 'name': 'Road', 'summary': '7-4', 'type': 'road'}
 {'abbreviation': None, 'name': 'vs. Conf.', 'summary': '13-5', 'type': 'vsconf'}]",2,TRUE,99,"[{'abbreviation': 'Game', 'name': 'overall', 'summary': '22-9', 'type': 'total'}
 {'abbreviation': None, 'name': 'Home', 'summary': '14-2', 'type': 'home'}
 {'abbreviation': None, 'name': 'Road', 'summary': '6-6', 'type': 'road'}
 {'abbreviation': None, 'name': 'vs. Conf.', 'summary': '12-6', 'type': 'vsconf'}]",2,ACC,ND,NCSU,6.23E+04,cc0000,c99700,ffffff,NCSU,cc0000,ffffff,ND,62340,c99700,https://raw.githubusercontent.com/sportsdataverse/wehoop-wbb-raw/main/wbb/json/final/401851192.json,2026-03-06T18:30Z,TRUE,,
401851192,2026-03-06T18:30Z,NC State,Notre Dame,Neutral,L,63,81,https://a.espncdn.com/i/teamlogos/ncaa/500/152.png,https://a.espncdn.com/i/teamlogos/ncaa/500/87.png,99,99,2,2,,,TRUE,6,Ally ACC Tournament - Quarterfinal,STATUS_FINAL,2,FALSE,99,"[{'abbreviation': 'Game', 'name': 'overall', 'summary': '20-10', 'type': 'total'}
 {'abbreviation': None, 'name': 'Home', 'summary': '10-4', 'type': 'home'}
 {'abbreviation': None, 'name': 'Road', 'summary': '7-4', 'type': 'road'}
 {'abbreviation': None, 'name': 'vs. Conf.', 'summary': '13-5', 'type': 'vsconf'}]",2,TRUE,99,"[{'abbreviation': 'Game', 'name': 'overall', 'summary': '22-9', 'type': 'total'}
 {'abbreviation': None, 'name': 'Home', 'summary': '14-2', 'type': 'home'}
 {'abbreviation': None, 'name': 'Road', 'summary': '6-6', 'type': 'road'}
 {'abbreviation': None, 'name': 'vs. Conf.', 'summary': '12-6', 'type': 'vsconf'}]",2,ACC,NCSU,ND,cc0000,62340,ffffff,c99700,NCSU,cc0000,ffffff,ND,62340,c99700,https://raw.githubusercontent.com/sportsdataverse/wehoop-wbb-raw/main/wbb/json/final/401851192.json,2026-03-06T18:30Z,TRUE,,
401851609,2026-03-06T17:00Z,South Carolina,Kentucky,Neutral,W,87,64,https://a.espncdn.com/i/teamlogos/ncaa/500/2579.png,https://a.espncdn.com/i/teamlogos/ncaa/500/96.png,3,17,23,23,,,TRUE,6,SEC Tournament - Quarterfinal,STATUS_FINAL,23,TRUE,3,"[{'abbreviation': 'Game', 'name': 'overall', 'summary': '30-2', 'type': 'total'}
 {'abbreviation': None, 'name': 'Home', 'summary': '16-0', 'type': 'home'}
 {'abbreviation': None, 'name': 'Road', 'summary': '11-1', 'type': 'road'}
 {'abbreviation': None, 'name': 'vs. Conf.', 'summary': '15-1', 'type': 'vsconf'}]",23,FALSE,17,"[{'abbreviation': 'Game', 'name': 'overall', 'summary': '23-10', 'type': 'total'}
 {'abbreviation': None, 'name': 'Home', 'summary': '12-3', 'type': 'home'}
 {'abbreviation': None, 'name': 'Road', 'summary': '8-5', 'type': 'road'}
 {'abbreviation': None, 'name': 'vs. Conf.', 'summary': '8-8', 'type': 'vsconf'}]",23,SEC,SC,UK,73000a,0033a0,0,ffffff,SC,73000a,0,UK,0033a0,ffffff,https://raw.githubusercontent.com/sportsdataverse/wehoop-wbb-raw/main/wbb/json/final/401851609.json,2026-03-06T17:00Z,TRUE,,
401851379,2026-03-06T17:00Z,UCLA,Washington,Neutral,W,78,60,https://a.espncdn.com/i/teamlogos/ncaa/500/26.png,https://a.espncdn.com/i/teamlogos/ncaa/500/264.png,2,99,7,7,,,TRUE,6,Big Ten Tournament - Quarterfinal,STATUS_FINAL,7,TRUE,2,"[{'abbreviation': 'Game', 'name': 'overall', 'summary': '29-1', 'type': 'total'}
 {'abbreviation': None, 'name': 'Home', 'summary': '14-0', 'type': 'home'}
 {'abbreviation': None, 'name': 'Road', 'summary': '9-0', 'type': 'road'}
 {'abbreviation': None, 'name': 'vs. Conf.', 'summary': '18-0', 'type': 'vsconf'}]",7,FALSE,99,"[{'abbreviation': 'Game', 'name': 'overall', 'summary': '21-10', 'type': 'total'}
 {'abbreviation': None, 'name': 'Home', 'summary': '13-4', 'type': 'home'}
 {'abbreviation': None, 'name': 'Road', 'summary': '7-5', 'type': 'road'}
 {'abbreviation': None, 'name': 'vs. Conf.', 'summary': '10-8', 'type': 'vsconf'}]",7,Big Ten,UCLA,WASH,2774ae,33006f,f2a900,e8d3a2,UCLA,2774ae,f2a900,WASH,33006f,e8d3a2,https://raw.githubusercontent.com/sportsdataverse/wehoop-wbb-raw/main/wbb/json/final/401851379.json,2026-03-06T17:00Z,TRUE,,
401851292,2026-03-06T17:00Z,Oklahoma State,Kansas State,Neutral,L,73,74,https://a.espncdn.com/i/teamlogos/ncaa/500/197.png,https://a.espncdn.com/i/teamlogos/ncaa/500/2306.png,99,99,8,8,,,TRUE,6,Phillips 66 Big 12 Tournament - Quarterfinal,STATUS_FINAL,8,FALSE,99,"[{'abbreviation': 'Game', 'name': 'overall', 'summary': '23-9', 'type': 'total'}
 {'abbreviation': None, 'name': 'Home', 'summary': '16-1', 'type': 'home'}
 {'abbreviation': None, 'name': 'Road', 'summary': '5-6', 'type': 'road'}
 {'abbreviation': None, 'name': 'vs. Conf.', 'summary': '12-6', 'type': 'vsconf'}]",8,TRUE,99,"[{'abbreviation': 'Game', 'name': 'overall', 'summary': '18-16', 'type': 'total'}
 {'abbreviation': None, 'name': 'Home', 'summary': '7-8', 'type': 'home'}
 {'abbreviation': None, 'name': 'Road', 'summary': '6-6', 'type': 'road'}
 {'abbreviation': None, 'name': 'vs. Conf.', 'summary': '8-10', 'type': 'vsconf'}]",8,Big 12,OKST,KSU,fe5c00,330a57,0,e2e3e4,OKST,fe5c00,0,KSU,330a57,e2e3e4,https://raw.githubusercontent.com/sportsdataverse/wehoop-wbb-raw/main/wbb/json/final/401851292.json,2026-03-06T17:00Z,TRUE,,
401851379,2026-03-06T17:00Z,Washington,UCLA,Neutral,L,60,78,https://a.espncdn.com/i/teamlogos/ncaa/500/264.png,https://a.espncdn.com/i/teamlogos/ncaa/500/26.png,99,2,7,7,,,TRUE,6,Big Ten Tournament - Quarterfinal,STATUS_FINAL,7,TRUE,2,"[{'abbreviation': 'Game', 'name': 'overall', 'summary': '29-1', 'type': 'total'}
 {'abbreviation': None, 'name': 'Home', 'summary': '14-0', 'type': 'home'}
 {'abbreviation': None, 'name': 'Road', 'summary': '9-0', 'type': 'road'}
 {'abbreviation': None, 'name': 'vs. Conf.', 'summary': '18-0', 'type': 'vsconf'}]",7,FALSE,99,"[{'abbreviation': 'Game', 'name': 'overall', 'summary': '21-10', 'type': 'total'}
 {'abbreviation': None, 'name': 'Home', 'summary': '13-4', 'type': 'home'}
 {'abbreviation': None, 'name': 'Road', 'summary': '7-5', 'type': 'road'}
 {'abbreviation': None, 'name': 'vs. Conf.', 'summary': '10-8', 'type': 'vsconf'}]",7,Big Ten,WASH,UCLA,33006f,2774ae,e8d3a2,f2a900,UCLA,2774ae,f2a900,WASH,33006f,e8d3a2,https://raw.githubusercontent.com/sportsdataverse/wehoop-wbb-raw/main/wbb/json/final/401851379.json,2026-03-06T17:00Z,TRUE,,
401851609,2026-03-06T17:00Z,Kentucky,South Carolina,Neutral,L,64,87,https://a.espncdn.com/i/teamlogos/ncaa/500/96.png,https://a.espncdn.com/i/teamlogos/ncaa/500/2579.png,17,3,23,23,,,TRUE,6,SEC Tournament - Quarterfinal,STATUS_FINAL,23,TRUE,3,"[{'abbreviation': 'Game', 'name': 'overall', 'summary': '30-2', 'type': 'total'}
 {'abbreviation': None, 'name': 'Home', 'summary': '16-0', 'type': 'home'}
 {'abbreviation': None, 'name': 'Road', 'summary': '11-1', 'type': 'road'}
 {'abbreviation': None, 'name': 'vs. Conf.', 'summary': '15-1', 'type': 'vsconf'}]",23,FALSE,17,"[{'abbreviation': 'Game', 'name': 'overall', 'summary': '23-10', 'type': 'total'}
 {'abbreviation': None, 'name': 'Home', 'summary': '12-3', 'type': 'home'}
 {'abbreviation': None, 'name': 'Road', 'summary': '8-5', 'type': 'road'}
 {'abbreviation': None, 'name': 'vs. Conf.', 'summary': '8-8', 'type': 'vsconf'}]",23,SEC,UK,SC,0033a0,73000a,ffffff,0,SC,73000a,0,UK,0033a0,ffffff,https://raw.githubusercontent.com/sportsdataverse/wehoop-wbb-raw/main/wbb/json/final/401851609.json,2026-03-06T17:00Z,TRUE,,
401851259,2026-03-06T16:00Z,Rhode Island,Loyola Chicago,Neutral,W,71,64,https://a.espncdn.com/i/teamlogos/ncaa/500/227.png,https://a.espncdn.com/i/teamlogos/ncaa/500/2350.png,99,99,3,3,,,TRUE,6,Betterment Atlantic 10 Championship - Quarterfinal,STATUS_FINAL,3,TRUE,99,"[{'abbreviation': 'Game', 'name': 'overall', 'summary': '26-4', 'type': 'total'}
 {'abbreviation': None, 'name': 'Home', 'summary': '14-1', 'type': 'home'}
 {'abbreviation': None, 'name': 'Road', 'summary': '11-3', 'type': 'road'}
 {'abbreviation': None, 'name': 'vs. Conf.', 'summary': '16-2', 'type': 'vsconf'}]",3,FALSE,99,"[{'abbreviation': 'Game', 'name': 'overall', 'summary': '14-17', 'type': 'total'}
 {'abbreviation': None, 'name': 'Home', 'summary': '5-10', 'type': 'home'}
 {'abbreviation': None, 'name': 'Road', 'summary': '8-6', 'type': 'road'}
 {'abbreviation': None, 'name': 'vs. Conf.', 'summary': '9-9', 'type': 'vsconf'}]",3,A-10,URI,LUC,091f3f,9d1244,5ab3e8,,URI,091f3f,5ab3e8,LUC,9d1244,,https://raw.githubusercontent.com/sportsdataverse/wehoop-wbb-raw/main/wbb/json/final/401851259.json,2026-03-06T16:00Z,TRUE,,
401851191,2026-03-06T16:00Z,Clemson,Duke,Neutral,L,46,60,https://a.espncdn.com/i/teamlogos/ncaa/500/228.png,https://a.espncdn.com/i/teamlogos/ncaa/500/150.png,99,13,2,2,,,TRUE,6,Ally ACC Tournament - Quarterfinal,STATUS_FINAL,2,TRUE,13,"[{'abbreviation': 'Game', 'name': 'overall', 'summary': '22-8', 'type': 'total'}
 {'abbreviation': None, 'name': 'Home', 'summary': '12-1', 'type': 'home'}
 {'abbreviation': None, 'name': 'Road', 'summary': '9-3', 'type': 'road'}
 {'abbreviation': None, 'name': 'vs. Conf.', 'summary': '16-2', 'type': 'vsconf'}]",2,FALSE,99,"[{'abbreviation': 'Game', 'name': 'overall', 'summary': '21-11', 'type': 'total'}
 {'abbreviation': None, 'name': 'Home', 'summary': '12-1', 'type': 'home'}
 {'abbreviation': None, 'name': 'Road', 'summary': '7-8', 'type': 'road'}
 {'abbreviation': None, 'name': 'vs. Conf.', 'summary': '11-7', 'type': 'vsconf'}]",2,ACC,CLEM,DUKE,f56600,00539b,ffffff,ffffff,DUKE,00539b,ffffff,CLEM,f56600,ffffff,https://raw.githubusercontent.com/sportsdataverse/wehoop-wbb-raw/main/wbb/json/final/401851191.json,2026-03-06T16:00Z,TRUE,,
401851191,2026-03-06T16:00Z,Duke,Clemson,Neutral,W,60,46,https://a.espncdn.com/i/teamlogos/ncaa/500/150.png,https://a.espncdn.com/i/teamlogos/ncaa/500/228.png,13,99,2,2,,,TRUE,6,Ally ACC Tournament - Quarterfinal,STATUS_FINAL,2,TRUE,13,"[{'abbreviation': 'Game', 'name': 'overall', 'summary': '22-8', 'type': 'total'}
 {'abbreviation': None, 'name': 'Home', 'summary': '12-1', 'type': 'home'}
 {'abbreviation': None, 'name': 'Road', 'summary': '9-3', 'type': 'road'}
 {'abbreviation': None, 'name': 'vs. Conf.', 'summary': '16-2', 'type': 'vsconf'}]",2,FALSE,99,"[{'abbreviation': 'Game', 'name': 'overall', 'summary': '21-11', 'type': 'total'}
 {'abbreviation': None, 'name': 'Home', 'summary': '12-1', 'type': 'home'}
 {'abbreviation': None, 'name': 'Road', 'summary': '7-8', 'type': 'road'}
 {'abbreviation': None, 'name': 'vs. Conf.', 'summary': '11-7', 'type': 'vsconf'}]",2,ACC,DUKE,CLEM,00539b,f56600,ffffff,ffffff,DUKE,00539b,ffffff,CLEM,f56600,ffffff,https://raw.githubusercontent.com/sportsdataverse/wehoop-wbb-raw/main/wbb/json/final/401851191.json,2026-03-06T16:00Z,TRUE,,
401851290,2026-03-06T02:30Z,Colorado,Kansas,Neutral,W,55,48,https://a.espncdn.com/i/teamlogos/ncaa/500/38.png,https://a.espncdn.com/i/teamlogos/ncaa/500/2305.png,99,99,8,8,,,TRUE,6,Phillips 66 Big 12 Tournament - 2nd Round,STATUS_FINAL,8,TRUE,99,"[{'abbreviation': 'Game', 'name': 'overall', 'summary': '21-10', 'type': 'total'}
 {'abbreviation': None, 'name': 'Home', 'summary': '14-3', 'type': 'home'}
 {'abbreviation': None, 'name': 'Road', 'summary': '4-6', 'type': 'road'}
 {'abbreviation': None, 'name': 'vs. Conf.', 'summary': '11-7', 'type': 'vsconf'}]",8,FALSE,99,"[{'abbreviation': 'Game', 'name': 'overall', 'summary': '19-13', 'type': 'total'}
 {'abbreviation': None, 'name': 'Home', 'summary': '12-4', 'type': 'home'}
 {'abbreviation': None, 'name': 'Road', 'summary': '5-6', 'type': 'road'}
 {'abbreviation': None, 'name': 'vs. Conf.', 'summary': '8-10', 'type': 'vsconf'}]",8,Big 12,COLO,KU,cfb87c,0051ba,0,e8000d,COLO,cfb87c,0,KU,0051ba,e8000d,https://raw.githubusercontent.com/sportsdataverse/wehoop-wbb-raw/main/wbb/json/final/401851290.json,2026-03-06T02:30Z,TRUE,,
401851374,2026-03-06T02:00Z,Oregon,Maryland,Neutral,W,73,68,https://a.espncdn.com/i/teamlogos/ncaa/500/2483.png,https://a.espncdn.com/i/teamlogos/ncaa/500/120.png,99,14,7,7,,,TRUE,6,Big Ten Tournament - 2nd Round,STATUS_FINAL,7,FALSE,14,"[{'abbreviation': 'Game', 'name': 'overall', 'summary': '23-8', 'type': 'total'}
 {'abbreviation': None, 'name': 'Home', 'summary': '15-4', 'type': 'home'}
 {'abbreviation': None, 'name': 'Road', 'summary': '6-3', 'type': 'road'}
 {'abbreviation': None, 'name': 'vs. Conf.', 'summary': '11-7', 'type': 'vsconf'}]",7,TRUE,99,"[{'abbreviation': 'Game', 'name': 'overall', 'summary': '22-11', 'type': 'total'}
 {'abbreviation': None, 'name': 'Home', 'summary': '12-5', 'type': 'home'}
 {'abbreviation': None, 'name': 'Road', 'summary': '6-5', 'type': 'road'}
 {'abbreviation': None, 'name': 'vs. Conf.', 'summary': '8-10', 'type': 'vsconf'}]",7,Big Ten,ORE,MD,00934b,ce1126,fff41b,ffffff,MD,ce1126,ffffff,ORE,00934b,fff41b,https://raw.githubusercontent.com/sportsdataverse/wehoop-wbb-raw/main/wbb/json/final/401851374.json,2026-03-06T02:00Z,TRUE,,
401851374,2026-03-06T02:00Z,Maryland,Oregon,Neutral,L,68,73,https://a.espncdn.com/i/teamlogos/ncaa/500/120.png,https://a.espncdn.com/i/teamlogos/ncaa/500/2483.png,14,99,7,7,,,TRUE,6,Big Ten Tournament - 2nd Round,STATUS_FINAL,7,FALSE,14,"[{'abbreviation': 'Game', 'name': 'overall', 'summary': '23-8', 'type': 'total'}
 {'abbreviation': None, 'name': 'Home', 'summary': '15-4', 'type': 'home'}
 {'abbreviation': None, 'name': 'Road', 'summary': '6-3', 'type': 'road'}
 {'abbreviation': None, 'name': 'vs. Conf.', 'summary': '11-7', 'type': 'vsconf'}]",7,TRUE,99,"[{'abbreviation': 'Game', 'name': 'overall', 'summary': '22-11', 'type': 'total'}
 {'abbreviation': None, 'name': 'Home', 'summary': '12-5', 'type': 'home'}
 {'abbreviation': None, 'name': 'Road', 'summary': '6-5', 'type': 'road'}
 {'abbreviation': None, 'name': 'vs. Conf.', 'summary': '8-10', 'type': 'vsconf'}]",7,Big Ten,MD,ORE,ce1126,00934b,ffffff,fff41b,MD,ce1126,ffffff,ORE,00934b,fff41b,https://raw.githubusercontent.com/sportsdataverse/wehoop-wbb-raw/main/wbb/json/final/401851374.json,2026-03-06T02:00Z,TRUE,,
401851606,2026-03-06T01:30Z,Alabama,Tennessee,Neutral,W,76,64,https://a.espncdn.com/i/teamlogos/ncaa/500/333.png,https://a.espncdn.com/i/teamlogos/ncaa/500/2633_ncw.png,99,99,23,23,,,TRUE,6,SEC Tournament - 2nd Round,STATUS_FINAL,23,FALSE,99,"[{'abbreviation': 'Game', 'name': 'overall', 'summary': '16-13', 'type': 'total'}
 {'abbreviation': None, 'name': 'Home', 'summary': '9-4', 'type': 'home'}
 {'abbreviation': None, 'name': 'Road', 'summary': '7-6', 'type': 'road'}
 {'abbreviation': None, 'name': 'vs. Conf.', 'summary': '8-8', 'type': 'vsconf'}]",23,TRUE,99,"[{'abbreviation': 'Game', 'name': 'overall', 'summary': '23-9', 'type': 'total'}
 {'abbreviation': None, 'name': 'Home', 'summary': '16-4', 'type': 'home'}
 {'abbreviation': None, 'name': 'Road', 'summary': '3-5', 'type': 'road'}
 {'abbreviation': None, 'name': 'vs. Conf.', 'summary': '7-9', 'type': 'vsconf'}]",23,SEC,ALA,TENN,9e1b32,ff8200,ffffff,ffffff,TENN,ff8200,ffffff,ALA,9e1b32,ffffff,https://raw.githubusercontent.com/sportsdataverse/wehoop-wbb-raw/main/wbb/json/final/401851606.json,2026-03-06T01:30Z,TRUE,,
401851606,2026-03-06T01:30Z,Tennessee,Alabama,Neutral,L,64,76,https://a.espncdn.com/i/teamlogos/ncaa/500/2633_ncw.png,https://a.espncdn.com/i/teamlogos/ncaa/500/333.png,99,99,23,23,,,TRUE,6,SEC Tournament - 2nd Round,STATUS_FINAL,23,FALSE,99,"[{'abbreviation': 'Game', 'name': 'overall', 'summary': '16-13', 'type': 'total'}
 {'abbreviation': None, 'name': 'Home', 'summary': '9-4', 'type': 'home'}
 {'abbreviation': None, 'name': 'Road', 'summary': '7-6', 'type': 'road'}
 {'abbreviation': None, 'name': 'vs. Conf.', 'summary': '8-8', 'type': 'vsconf'}]",23,TRUE,99,"[{'abbreviation': 'Game', 'name': 'overall', 'summary': '23-9', 'type': 'total'}
 {'abbreviation': None, 'name': 'Home', 'summary': '16-4', 'type': 'home'}
 {'abbreviation': None, 'name': 'Road', 'summary': '3-5', 'type': 'road'}
 {'abbreviation': None, 'name': 'vs. Conf.', 'summary': '7-9', 'type': 'vsconf'}]",23,SEC,TENN,ALA,ff8200,9e1b32,ffffff,ffffff,TENN,ff8200,ffffff,ALA,9e1b32,ffffff,https://raw.githubusercontent.com/sportsdataverse/wehoop-wbb-raw/main/wbb/json/final/401851606.json,2026-03-06T01:30Z,TRUE,,
401851190,2026-03-06T00:30Z,Virginia Tech,Georgia Tech,Neutral,W,62,54,https://a.espncdn.com/i/teamlogos/ncaa/500/259.png,https://a.espncdn.com/i/teamlogos/ncaa/500/59.png,99,99,2,2,,,TRUE,6,Ally ACC Tournament - 2nd Round,STATUS_FINAL,2,TRUE,99,"[{'abbreviation': 'Game', 'name': 'overall', 'summary': '23-8', 'type': 'total'}
 {'abbreviation': None, 'name': 'Home', 'summary': '14-4', 'type': 'home'}
 {'abbreviation': None, 'name': 'Road', 'summary': '7-3', 'type': 'road'}
 {'abbreviation': None, 'name': 'vs. Conf.', 'summary': '12-6', 'type': 'vsconf'}]",2,FALSE,99,"[{'abbreviation': 'Game', 'name': 'overall', 'summary': '14-18', 'type': 'total'}
 {'abbreviation': None, 'name': 'Home', 'summary': '10-6', 'type': 'home'}
 {'abbreviation': None, 'name': 'Road', 'summary': '3-9', 'type': 'road'}
 {'abbreviation': None, 'name': 'vs. Conf.', 'summary': '8-10', 'type': 'vsconf'}]",2,ACC,VT,GT,6a2c3e,b3a369,cf4520,ffffff,VT,6a2c3e,cf4520,GT,b3a369,ffffff,https://raw.githubusercontent.com/sportsdataverse/wehoop-wbb-raw/main/wbb/json/final/401851190.json,2026-03-06T00:30Z,TRUE,,
401851373,2026-03-05T23:30Z,Illinois,Michigan State,Neutral,W,71,69,https://a.espncdn.com/i/teamlogos/ncaa/500/356.png,https://a.espncdn.com/i/teamlogos/ncaa/500/127.png,99,18,7,7,,,TRUE,6,Big Ten Tournament - 2nd Round,STATUS_FINAL,7,FALSE,18,"[{'abbreviation': 'Game', 'name': 'overall', 'summary': '22-8', 'type': 'total'}
 {'abbreviation': None, 'name': 'Home', 'summary': '11-4', 'type': 'home'}
 {'abbreviation': None, 'name': 'Road', 'summary': '7-3', 'type': 'road'}
 {'abbreviation': None, 'name': 'vs. Conf.', 'summary': '11-7', 'type': 'vsconf'}]",7,TRUE,99,"[{'abbreviation': 'Game', 'name': 'overall', 'summary': '21-10', 'type': 'total'}
 {'abbreviation': None, 'name': 'Home', 'summary': '13-4', 'type': 'home'}
 {'abbreviation': None, 'name': 'Road', 'summary': '6-6', 'type': 'road'}
 {'abbreviation': None, 'name': 'vs. Conf.', 'summary': '9-9', 'type': 'vsconf'}]",7,Big Ten,ILL,MSU,ff5f05,173f35,13294b,ffffff,MSU,173f35,ffffff,ILL,ff5f05,13294b,https://raw.githubusercontent.com/sportsdataverse/wehoop-wbb-raw/main/wbb/json/final/401851373.json,2026-03-05T23:30Z,TRUE,,
401851288,2026-03-05T23:30Z,Iowa State,Arizona State,Neutral,L,68,77,https://a.espncdn.com/i/teamlogos/ncaa/500/66.png,https://a.espncdn.com/i/teamlogos/ncaa/500/9.png,99,99,8,8,,,TRUE,6,Phillips 66 Big 12 Tournament - 2nd Round,STATUS_FINAL,8,FALSE,99,"[{'abbreviation': 'Game', 'name': 'overall', 'summary': '22-9', 'type': 'total'}
 {'abbreviation': None, 'name': 'Home', 'summary': '15-3', 'type': 'home'}
 {'abbreviation': None, 'name': 'Road', 'summary': '5-5', 'type': 'road'}
 {'abbreviation': None, 'name': 'vs. Conf.', 'summary': '10-8', 'type': 'vsconf'}]",8,TRUE,99,"[{'abbreviation': 'Game', 'name': 'overall', 'summary': '24-9', 'type': 'total'}
 {'abbreviation': None, 'name': 'Home', 'summary': '15-2', 'type': 'home'}
 {'abbreviation': None, 'name': 'Road', 'summary': '7-7', 'type': 'road'}
 {'abbreviation': None, 'name': 'vs. Conf.', 'summary': '9-9', 'type': 'vsconf'}]",8,Big 12,ISU,ASU,ae192d,ffc627,ffc72a,8c1d40,ISU,ae192d,ffc72a,ASU,ffc627,8c1d40,https://raw.githubusercontent.com/sportsdataverse/wehoop-wbb-raw/main/wbb/json/final/401851288.json,2026-03-05T23:30Z,TRUE,,
401851373,2026-03-05T23:30Z,Michigan State,Illinois,Neutral,L,69,71,https://a.espncdn.com/i/teamlogos/ncaa/500/127.png,https://a.espncdn.com/i/teamlogos/ncaa/500/356.png,18,99,7,7,,,TRUE,6,Big Ten Tournament - 2nd Round,STATUS_FINAL,7,FALSE,18,"[{'abbreviation': 'Game', 'name': 'overall', 'summary': '22-8', 'type': 'total'}
 {'abbreviation': None, 'name': 'Home', 'summary': '11-4', 'type': 'home'}
 {'abbreviation': None, 'name': 'Road', 'summary': '7-3', 'type': 'road'}
 {'abbreviation': None, 'name': 'vs. Conf.', 'summary': '11-7', 'type': 'vsconf'}]",7,TRUE,99,"[{'abbreviation': 'Game', 'name': 'overall', 'summary': '21-10', 'type': 'total'}
 {'abbreviation': None, 'name': 'Home', 'summary': '13-4', 'type': 'home'}
 {'abbreviation': None, 'name': 'Road', 'summary': '6-6', 'type': 'road'}
 {'abbreviation': None, 'name': 'vs. Conf.', 'summary': '9-9', 'type': 'vsconf'}]",7,Big Ten,MSU,ILL,173f35,ff5f05,ffffff,13294b,MSU,173f35,ffffff,ILL,ff5f05,13294b,https://raw.githubusercontent.com/sportsdataverse/wehoop-wbb-raw/main/wbb/json/final/401851373.json,2026-03-05T23:30Z,TRUE,,
401851605,2026-03-05T23:00Z,Ole Miss,Auburn,Neutral,W,73,57,https://a.espncdn.com/i/teamlogos/ncaa/500/145.png,https://a.espncdn.com/i/teamlogos/ncaa/500/2.png,24,99,23,23,,,TRUE,6,SEC Tournament - 2nd Round,STATUS_FINAL,23,TRUE,24,"[{'abbreviation': 'Game', 'name': 'overall', 'summary': '22-10', 'type': 'total'}
 {'abbreviation': None, 'name': 'Home', 'summary': '12-2', 'type': 'home'}
 {'abbreviation': None, 'name': 'Road', 'summary': '4-5', 'type': 'road'}
 {'abbreviation': None, 'name': 'vs. Conf.', 'summary': '8-8', 'type': 'vsconf'}]",23,FALSE,99,"[{'abbreviation': 'Game', 'name': 'overall', 'summary': '15-17', 'type': 'total'}
 {'abbreviation': None, 'name': 'Home', 'summary': '9-7', 'type': 'home'}
 {'abbreviation': None, 'name': 'Road', 'summary': '3-8', 'type': 'road'}
 {'abbreviation': None, 'name': 'vs. Conf.', 'summary': '3-13', 'type': 'vsconf'}]",23,SEC,MISS,AUB,13294b,002b5c,cf142b,f26522,MISS,13294b,cf142b,AUB,002b5c,f26522,https://raw.githubusercontent.com/sportsdataverse/wehoop-wbb-raw/main/wbb/json/final/401851605.json,2026-03-05T23:00Z,TRUE,,
401851189,2026-03-05T22:00Z,Syracuse,California,Neutral,W,70,59,https://a.espncdn.com/i/teamlogos/ncaa/500/183.png,https://a.espncdn.com/i/teamlogos/ncaa/500/25.png,99,99,2,2,,,TRUE,6,Ally ACC Tournament - 2nd Round,STATUS_FINAL,2,TRUE,99,"[{'abbreviation': 'Game', 'name': 'overall', 'summary': '23-7', 'type': 'total'}
 {'abbreviation': None, 'name': 'Home', 'summary': '15-3', 'type': 'home'}
 {'abbreviation': None, 'name': 'Road', 'summary': '6-3', 'type': 'road'}
 {'abbreviation': None, 'name': 'vs. Conf.', 'summary': '12-6', 'type': 'vsconf'}]",2,FALSE,99,"[{'abbreviation': 'Game', 'name': 'overall', 'summary': '19-14', 'type': 'total'}
 {'abbreviation': None, 'name': 'Home', 'summary': '13-4', 'type': 'home'}
 {'abbreviation': None, 'name': 'Road', 'summary': '4-6', 'type': 'road'}
 {'abbreviation': None, 'name': 'vs. Conf.', 'summary': '9-9', 'type': 'vsconf'}]",2,ACC,SYR,CAL,0.00E+00,4.10E+43,ff431b,ffc72c,SYR,0.00E+00,ff431b,CAL,4.10E+43,ffc72c,https://raw.githubusercontent.com/sportsdataverse/wehoop-wbb-raw/main/wbb/json/final/401851189.json,2026-03-05T22:00Z,TRUE,,
401851372,2026-03-05T19:30Z,Ohio State,Indiana,Neutral,W,83,59,https://a.espncdn.com/i/teamlogos/ncaa/500/194.png,https://a.espncdn.com/i/teamlogos/ncaa/500/84.png,11,99,7,7,,,TRUE,6,Big Ten Tournament - 2nd Round,STATUS_FINAL,7,TRUE,11,"[{'abbreviation': 'Game', 'name': 'overall', 'summary': '25-6', 'type': 'total'}
 {'abbreviation': None, 'name': 'Home', 'summary': '14-3', 'type': 'home'}
 {'abbreviation': None, 'name': 'Road', 'summary': '7-3', 'type': 'road'}
 {'abbreviation': None, 'name': 'vs. Conf.', 'summary': '13-5', 'type': 'vsconf'}]",7,FALSE,99,"[{'abbreviation': 'Game', 'name': 'overall', 'summary': '18-14', 'type': 'total'}
 {'abbreviation': None, 'name': 'Home', 'summary': '12-5', 'type': 'home'}
 {'abbreviation': None, 'name': 'Road', 'summary': '4-7', 'type': 'road'}
 {'abbreviation': None, 'name': 'vs. Conf.', 'summary': '6-12', 'type': 'vsconf'}]",7,Big Ten,OSU,IU,ba0c2f,970310,a8adb4,ffffff,OSU,ba0c2f,a8adb4,IU,970310,ffffff,https://raw.githubusercontent.com/sportsdataverse/wehoop-wbb-raw/main/wbb/json/final/401851372.json,2026-03-05T19:30Z,TRUE,,
401851603,2026-03-05T18:30Z,Oklahoma,Florida,Neutral,W,82,64,https://a.espncdn.com/i/teamlogos/ncaa/500/201.png,https://a.espncdn.com/i/teamlogos/ncaa/500/57.png,7,99,23,23,,,TRUE,6,SEC Tournament - 2nd Round,STATUS_FINAL,23,TRUE,7,"[{'abbreviation': 'Game', 'name': 'overall', 'summary': '24-6', 'type': 'total'}
 {'abbreviation': None, 'name': 'Home', 'summary': '14-2', 'type': 'home'}
 {'abbreviation': None, 'name': 'Road', 'summary': '6-3', 'type': 'road'}
 {'abbreviation': None, 'name': 'vs. Conf.', 'summary': '11-5', 'type': 'vsconf'}]",23,FALSE,99,"[{'abbreviation': 'Game', 'name': 'overall', 'summary': '18-15', 'type': 'total'}
 {'abbreviation': None, 'name': 'Home', 'summary': '12-5', 'type': 'home'}
 {'abbreviation': None, 'name': 'Road', 'summary': '2-9', 'type': 'road'}
 {'abbreviation': None, 'name': 'vs. Conf.', 'summary': '5-11', 'type': 'vsconf'}]",23,SEC,OU,FLA,990000,0021a5,ffffff,fa4616,OU,990000,ffffff,FLA,0021a5,fa4616,https://raw.githubusercontent.com/sportsdataverse/wehoop-wbb-raw/main/wbb/json/final/401851603.json,2026-03-05T18:30Z,TRUE,,
401851603,2026-03-05T18:30Z,Florida,Oklahoma,Neutral,L,64,82,https://a.espncdn.com/i/teamlogos/ncaa/500/57.png,https://a.espncdn.com/i/teamlogos/ncaa/500/201.png,99,7,23,23,,,TRUE,6,SEC Tournament - 2nd Round,STATUS_FINAL,23,TRUE,7,"[{'abbreviation': 'Game', 'name': 'overall', 'summary': '24-6', 'type': 'total'}
 {'abbreviation': None, 'name': 'Home', 'summary': '14-2', 'type': 'home'}
 {'abbreviation': None, 'name': 'Road', 'summary': '6-3', 'type': 'road'}
 {'abbreviation': None, 'name': 'vs. Conf.', 'summary': '11-5', 'type': 'vsconf'}]",23,FALSE,99,"[{'abbreviation': 'Game', 'name': 'overall', 'summary': '18-15', 'type': 'total'}
 {'abbreviation': None, 'name': 'Home', 'summary': '12-5', 'type': 'home'}
 {'abbreviation': None, 'name': 'Road', 'summary': '2-9', 'type': 'road'}
 {'abbreviation': None, 'name': 'vs. Conf.', 'summary': '5-11', 'type': 'vsconf'}]",23,SEC,FLA,OU,0021a5,990000,fa4616,ffffff,OU,990000,ffffff,FLA,0021a5,fa4616,https://raw.githubusercontent.com/sportsdataverse/wehoop-wbb-raw/main/wbb/json/final/401851603.json,2026-03-05T18:30Z,TRUE,,
401851188,2026-03-05T18:30Z,Notre Dame,Miami (FL),Neutral,W,69,54,https://a.espncdn.com/i/teamlogos/ncaa/500/87.png,https://a.espncdn.com/i/teamlogos/ncaa/500/2390.png,99,99,2,2,,,TRUE,6,Ally ACC Tournament - 2nd Round,STATUS_FINAL,2,TRUE,99,"[{'abbreviation': 'Game', 'name': 'overall', 'summary': '21-9', 'type': 'total'}
 {'abbreviation': None, 'name': 'Home', 'summary': '14-2', 'type': 'home'}
 {'abbreviation': None, 'name': 'Road', 'summary': '6-6', 'type': 'road'}
 {'abbreviation': None, 'name': 'vs. Conf.', 'summary': '12-6', 'type': 'vsconf'}]",2,FALSE,99,"[{'abbreviation': 'Game', 'name': 'overall', 'summary': '17-14', 'type': 'total'}
 {'abbreviation': None, 'name': 'Home', 'summary': '10-6', 'type': 'home'}
 {'abbreviation': None, 'name': 'Road', 'summary': '4-5', 'type': 'road'}
 {'abbreviation': None, 'name': 'vs. Conf.', 'summary': '8-10', 'type': 'vsconf'}]",2,ACC,ND,MIA,62340,f47423,c99700,35131,ND,62340,c99700,MIA,f47423,35131,https://raw.githubusercontent.com/sportsdataverse/wehoop-wbb-raw/main/wbb/json/final/401851188.json,2026-03-05T18:30Z,TRUE,,
401851371,2026-03-05T17:00Z,Washington,USC,Neutral,W,76,64,https://a.espncdn.com/i/teamlogos/ncaa/500/264.png,https://a.espncdn.com/i/teamlogos/ncaa/500/30.png,99,99,7,7,,,TRUE,6,Big Ten Tournament - 2nd Round,STATUS_FINAL,7,TRUE,99,"[{'abbreviation': 'Game', 'name': 'overall', 'summary': '21-9', 'type': 'total'}
 {'abbreviation': None, 'name': 'Home', 'summary': '13-4', 'type': 'home'}
 {'abbreviation': None, 'name': 'Road', 'summary': '7-5', 'type': 'road'}
 {'abbreviation': None, 'name': 'vs. Conf.', 'summary': '10-8', 'type': 'vsconf'}]",7,FALSE,99,"[{'abbreviation': 'Game', 'name': 'overall', 'summary': '17-13', 'type': 'total'}
 {'abbreviation': None, 'name': 'Home', 'summary': '12-4', 'type': 'home'}
 {'abbreviation': None, 'name': 'Road', 'summary': '3-7', 'type': 'road'}
 {'abbreviation': None, 'name': 'vs. Conf.', 'summary': '9-9', 'type': 'vsconf'}]",7,Big Ten,WASH,USC,33006f,9d2235,e8d3a2,ffc72c,WASH,33006f,e8d3a2,USC,9d2235,ffc72c,https://raw.githubusercontent.com/sportsdataverse/wehoop-wbb-raw/main/wbb/json/final/401851371.json,2026-03-05T17:00Z,TRUE,,
401851284,2026-03-05T17:00Z,Texas Tech,Kansas State,Neutral,L,51,58,https://a.espncdn.com/i/teamlogos/ncaa/500/2641.png,https://a.espncdn.com/i/teamlogos/ncaa/500/2306.png,21,99,8,8,,,TRUE,6,Phillips 66 Big 12 Tournament - 2nd Round,STATUS_FINAL,8,FALSE,21,"[{'abbreviation': 'Game', 'name': 'overall', 'summary': '25-7', 'type': 'total'}
 {'abbreviation': None, 'name': 'Home', 'summary': '15-2', 'type': 'home'}
 {'abbreviation': None, 'name': 'Road', 'summary': '7-4', 'type': 'road'}
 {'abbreviation': None, 'name': 'vs. Conf.', 'summary': '12-6', 'type': 'vsconf'}]",8,TRUE,99,"[{'abbreviation': 'Game', 'name': 'overall', 'summary': '17-16', 'type': 'total'}
 {'abbreviation': None, 'name': 'Home', 'summary': '7-8', 'type': 'home'}
 {'abbreviation': None, 'name': 'Road', 'summary': '6-6', 'type': 'road'}
 {'abbreviation': None, 'name': 'vs. Conf.', 'summary': '8-10', 'type': 'vsconf'}]",8,Big 12,TTU,KSU,da291c,330a57,0,e2e3e4,TTU,da291c,0,KSU,330a57,e2e3e4,https://raw.githubusercontent.com/sportsdataverse/wehoop-wbb-raw/main/wbb/json/final/401851284.json,2026-03-05T17:00Z,TRUE,,
401851371,2026-03-05T17:00Z,USC,Washington,Neutral,L,64,76,https://a.espncdn.com/i/teamlogos/ncaa/500/30.png,https://a.espncdn.com/i/teamlogos/ncaa/500/264.png,99,99,7,7,,,TRUE,6,Big Ten Tournament - 2nd Round,STATUS_FINAL,7,TRUE,99,"[{'abbreviation': 'Game', 'name': 'overall', 'summary': '21-9', 'type': 'total'}
 {'abbreviation': None, 'name': 'Home', 'summary': '13-4', 'type': 'home'}
 {'abbreviation': None, 'name': 'Road', 'summary': '7-5', 'type': 'road'}
 {'abbreviation': None, 'name': 'vs. Conf.', 'summary': '10-8', 'type': 'vsconf'}]",7,FALSE,99,"[{'abbreviation': 'Game', 'name': 'overall', 'summary': '17-13', 'type': 'total'}
 {'abbreviation': None, 'name': 'Home', 'summary': '12-4', 'type': 'home'}
 {'abbreviation': None, 'name': 'Road', 'summary': '3-7', 'type': 'road'}
 {'abbreviation': None, 'name': 'vs. Conf.', 'summary': '9-9', 'type': 'vsconf'}]",7,Big Ten,USC,WASH,9d2235,33006f,ffc72c,e8d3a2,WASH,33006f,e8d3a2,USC,9d2235,ffc72c,https://raw.githubusercontent.com/sportsdataverse/wehoop-wbb-raw/main/wbb/json/final/401851371.json,2026-03-05T17:00Z,TRUE,,
401851187,2026-03-05T16:00Z,Virginia,Clemson,Neutral,L,50,63,https://a.espncdn.com/i/teamlogos/ncaa/500/258.png,https://a.espncdn.com/i/teamlogos/ncaa/500/228.png,99,99,2,2,,,TRUE,6,Ally ACC Tournament - 2nd Round,STATUS_FINAL,2,FALSE,99,"[{'abbreviation': 'Game', 'name': 'overall', 'summary': '19-11', 'type': 'total'}
 {'abbreviation': None, 'name': 'Home', 'summary': '12-5', 'type': 'home'}
 {'abbreviation': None, 'name': 'Road', 'summary': '6-4', 'type': 'road'}
 {'abbreviation': None, 'name': 'vs. Conf.', 'summary': '11-7', 'type': 'vsconf'}]",2,TRUE,99,"[{'abbreviation': 'Game', 'name': 'overall', 'summary': '21-10', 'type': 'total'}
 {'abbreviation': None, 'name': 'Home', 'summary': '12-1', 'type': 'home'}
 {'abbreviation': None, 'name': 'Road', 'summary': '7-8', 'type': 'road'}
 {'abbreviation': None, 'name': 'vs. Conf.', 'summary': '11-7', 'type': 'vsconf'}]",2,ACC,UVA,CLEM,f84c1e,f56600,232d4b,ffffff,UVA,f84c1e,232d4b,CLEM,f56600,ffffff,https://raw.githubusercontent.com/sportsdataverse/wehoop-wbb-raw/main/wbb/json/final/401851187.json,2026-03-05T16:00Z,TRUE,,
401851601,2026-03-05T16:00Z,Georgia,Kentucky,Neutral,L,61,76,https://a.espncdn.com/i/teamlogos/ncaa/500/61.png,https://a.espncdn.com/i/teamlogos/ncaa/500/96.png,22,17,23,23,,,TRUE,6,SEC Tournament - 2nd Round,STATUS_FINAL,23,FALSE,22,"[{'abbreviation': 'Game', 'name': 'overall', 'summary': '22-9', 'type': 'total'}
 {'abbreviation': None, 'name': 'Home', 'summary': '12-4', 'type': 'home'}
 {'abbreviation': None, 'name': 'Road', 'summary': '6-4', 'type': 'road'}
 {'abbreviation': None, 'name': 'vs. Conf.', 'summary': '8-8', 'type': 'vsconf'}]",23,TRUE,17,"[{'abbreviation': 'Game', 'name': 'overall', 'summary': '23-9', 'type': 'total'}
 {'abbreviation': None, 'name': 'Home', 'summary': '12-3', 'type': 'home'}
 {'abbreviation': None, 'name': 'Road', 'summary': '8-5', 'type': 'road'}
 {'abbreviation': None, 'name': 'vs. Conf.', 'summary': '8-8', 'type': 'vsconf'}]",23,SEC,UGA,UK,ba0c2f,0033a0,2c2a29,ffffff,UGA,ba0c2f,2c2a29,UK,0033a0,ffffff,https://raw.githubusercontent.com/sportsdataverse/wehoop-wbb-raw/main/wbb/json/final/401851601.json,2026-03-05T16:00Z,TRUE,,
401851187,2026-03-05T16:00Z,Clemson,Virginia,Neutral,W,63,50,https://a.espncdn.com/i/teamlogos/ncaa/500/228.png,https://a.espncdn.com/i/teamlogos/ncaa/500/258.png,99,99,2,2,,,TRUE,6,Ally ACC Tournament - 2nd Round,STATUS_FINAL,2,FALSE,99,"[{'abbreviation': 'Game', 'name': 'overall', 'summary': '19-11', 'type': 'total'}
 {'abbreviation': None, 'name': 'Home', 'summary': '12-5', 'type': 'home'}
 {'abbreviation': None, 'name': 'Road', 'summary': '6-4', 'type': 'road'}
 {'abbreviation': None, 'name': 'vs. Conf.', 'summary': '11-7', 'type': 'vsconf'}]",2,TRUE,99,"[{'abbreviation': 'Game', 'name': 'overall', 'summary': '21-10', 'type': 'total'}
 {'abbreviation': None, 'name': 'Home', 'summary': '12-1', 'type': 'home'}
 {'abbreviation': None, 'name': 'Road', 'summary': '7-8', 'type': 'road'}
 {'abbreviation': None, 'name': 'vs. Conf.', 'summary': '11-7', 'type': 'vsconf'}]",2,ACC,CLEM,UVA,f56600,f84c1e,ffffff,232d4b,UVA,f84c1e,232d4b,CLEM,f56600,ffffff,https://raw.githubusercontent.com/sportsdataverse/wehoop-wbb-raw/main/wbb/json/final/401851187.json,2026-03-05T16:00Z,TRUE,,
401851601,2026-03-05T16:00Z,Kentucky,Georgia,Neutral,W,76,61,https://a.espncdn.com/i/teamlogos/ncaa/500/96.png,https://a.espncdn.com/i/teamlogos/ncaa/500/61.png,17,22,23,23,,,TRUE,6,SEC Tournament - 2nd Round,STATUS_FINAL,23,FALSE,22,"[{'abbreviation': 'Game', 'name': 'overall', 'summary': '22-9', 'type': 'total'}
 {'abbreviation': None, 'name': 'Home', 'summary': '12-4', 'type': 'home'}
 {'abbreviation': None, 'name': 'Road', 'summary': '6-4', 'type': 'road'}
 {'abbreviation': None, 'name': 'vs. Conf.', 'summary': '8-8', 'type': 'vsconf'}]",23,TRUE,17,"[{'abbreviation': 'Game', 'name': 'overall', 'summary': '23-9', 'type': 'total'}
 {'abbreviation': None, 'name': 'Home', 'summary': '12-3', 'type': 'home'}
 {'abbreviation': None, 'name': 'Road', 'summary': '8-5', 'type': 'road'}
 {'abbreviation': None, 'name': 'vs. Conf.', 'summary': '8-8', 'type': 'vsconf'}]",23,SEC,UK,UGA,0033a0,ba0c2f,ffffff,2c2a29,UGA,ba0c2f,2c2a29,UK,0033a0,ffffff,https://raw.githubusercontent.com/sportsdataverse/wehoop-wbb-raw/main/wbb/json/final/401851601.json,2026-03-05T16:00Z,TRUE,,
401851368,2026-03-05T01:30Z,Oregon,Purdue,Neutral,W,82,64,https://a.espncdn.com/i/teamlogos/ncaa/500/2483.png,https://a.espncdn.com/i/teamlogos/ncaa/500/2509.png,99,99,7,7,,,TRUE,6,Big Ten Tournament - 1st Round,STATUS_FINAL,7,TRUE,99,"[{'abbreviation': 'Game', 'name': 'overall', 'summary': '21-11', 'type': 'total'}
 {'abbreviation': None, 'name': 'Home', 'summary': '12-5', 'type': 'home'}
 {'abbreviation': None, 'name': 'Road', 'summary': '6-5', 'type': 'road'}
 {'abbreviation': None, 'name': 'vs. Conf.', 'summary': '8-10', 'type': 'vsconf'}]",7,FALSE,99,"[{'abbreviation': 'Game', 'name': 'overall', 'summary': '13-17', 'type': 'total'}
 {'abbreviation': None, 'name': 'Home', 'summary': '11-6', 'type': 'home'}
 {'abbreviation': None, 'name': 'Road', 'summary': '2-10', 'type': 'road'}
 {'abbreviation': None, 'name': 'vs. Conf.', 'summary': '5-13', 'type': 'vsconf'}]",7,Big Ten,ORE,PUR,00934b,ceb888,fff41b,0,ORE,00934b,fff41b,PUR,ceb888,0,https://raw.githubusercontent.com/sportsdataverse/wehoop-wbb-raw/main/wbb/json/final/401851368.json,2026-03-05T01:30Z,TRUE,,
401851600,2026-03-05T01:30Z,Alabama,Missouri,Neutral,W,65,48,https://a.espncdn.com/i/teamlogos/ncaa/500/333.png,https://a.espncdn.com/i/teamlogos/ncaa/500/142.png,99,99,23,23,,,TRUE,6,SEC Tournament - 1st Round,STATUS_FINAL,23,TRUE,99,"[{'abbreviation': 'Game', 'name': 'overall', 'summary': '22-9', 'type': 'total'}
 {'abbreviation': None, 'name': 'Home', 'summary': '16-4', 'type': 'home'}
 {'abbreviation': None, 'name': 'Road', 'summary': '3-5', 'type': 'road'}
 {'abbreviation': None, 'name': 'vs. Conf.', 'summary': '7-9', 'type': 'vsconf'}]",23,FALSE,99,"[{'abbreviation': 'Game', 'name': 'overall', 'summary': '16-16', 'type': 'total'}
 {'abbreviation': None, 'name': 'Home', 'summary': '9-8', 'type': 'home'}
 {'abbreviation': None, 'name': 'Road', 'summary': '4-6', 'type': 'road'}
 {'abbreviation': None, 'name': 'vs. Conf.', 'summary': '4-12', 'type': 'vsconf'}]",23,SEC,ALA,MIZ,9e1b32,f1b82d,ffffff,0,ALA,9e1b32,ffffff,MIZ,f1b82d,0,https://raw.githubusercontent.com/sportsdataverse/wehoop-wbb-raw/main/wbb/json/final/401851600.json,2026-03-05T01:30Z,TRUE,,
401851366,2026-03-04T23:00Z,Illinois,Wisconsin,Neutral,W,82,70,https://a.espncdn.com/i/teamlogos/ncaa/500/356.png,https://a.espncdn.com/i/teamlogos/ncaa/500/275.png,99,99,7,7,,,TRUE,6,Big Ten Tournament - 1st Round,STATUS_FINAL,7,TRUE,99,"[{'abbreviation': 'Game', 'name': 'overall', 'summary': '20-10', 'type': 'total'}
 {'abbreviation': None, 'name': 'Home', 'summary': '13-4', 'type': 'home'}
 {'abbreviation': None, 'name': 'Road', 'summary': '6-6', 'type': 'road'}
 {'abbreviation': None, 'name': 'vs. Conf.', 'summary': '9-9', 'type': 'vsconf'}]",7,FALSE,99,"[{'abbreviation': 'Game', 'name': 'overall', 'summary': '13-17', 'type': 'total'}
 {'abbreviation': None, 'name': 'Home', 'summary': '11-5', 'type': 'home'}
 {'abbreviation': None, 'name': 'Road', 'summary': '2-9', 'type': 'road'}
 {'abbreviation': None, 'name': 'vs. Conf.', 'summary': '5-13', 'type': 'vsconf'}]",7,Big Ten,ILL,WIS,ff5f05,a00000,13294b,ffffff,ILL,ff5f05,13294b,WIS,a00000,ffffff,https://raw.githubusercontent.com/sportsdataverse/wehoop-wbb-raw/main/wbb/json/final/401851366.json,2026-03-04T23:00Z,TRUE,,
401851364,2026-03-04T20:30Z,Nebraska,Indiana,Neutral,L,69,72,https://a.espncdn.com/i/teamlogos/ncaa/500/158.png,https://a.espncdn.com/i/teamlogos/ncaa/500/84.png,99,99,7,7,,,TRUE,6,Big Ten Tournament - 1st Round,STATUS_FINAL,7,FALSE,99,"[{'abbreviation': 'Game', 'name': 'overall', 'summary': '18-12', 'type': 'total'}
 {'abbreviation': None, 'name': 'Home', 'summary': '13-4', 'type': 'home'}
 {'abbreviation': None, 'name': 'Road', 'summary': '2-7', 'type': 'road'}
 {'abbreviation': None, 'name': 'vs. Conf.', 'summary': '7-11', 'type': 'vsconf'}]",7,TRUE,99,"[{'abbreviation': 'Game', 'name': 'overall', 'summary': '18-13', 'type': 'total'}
 {'abbreviation': None, 'name': 'Home', 'summary': '12-5', 'type': 'home'}
 {'abbreviation': None, 'name': 'Road', 'summary': '4-7', 'type': 'road'}
 {'abbreviation': None, 'name': 'vs. Conf.', 'summary': '6-12', 'type': 'vsconf'}]",7,Big Ten,NEB,IU,e31937,970310,ffffff,ffffff,NEB,e31937,ffffff,IU,970310,ffffff,https://raw.githubusercontent.com/sportsdataverse/wehoop-wbb-raw/main/wbb/json/final/401851364.json,2026-03-04T20:30Z,TRUE,,
401851598,2026-03-04T18:30Z,Florida,Mississippi State,Neutral,W,86,68,https://a.espncdn.com/i/teamlogos/ncaa/500/57.png,https://a.espncdn.com/i/teamlogos/ncaa/500/344.png,99,99,23,23,,,TRUE,6,SEC Tournament - 1st Round,STATUS_FINAL,23,TRUE,99,"[{'abbreviation': 'Game', 'name': 'overall', 'summary': '18-14', 'type': 'total'}
 {'abbreviation': None, 'name': 'Home', 'summary': '12-5', 'type': 'home'}
 {'abbreviation': None, 'name': 'Road', 'summary': '2-9', 'type': 'road'}
 {'abbreviation': None, 'name': 'vs. Conf.', 'summary': '5-11', 'type': 'vsconf'}]",23,FALSE,99,"[{'abbreviation': 'Game', 'name': 'overall', 'summary': '18-13', 'type': 'total'}
 {'abbreviation': None, 'name': 'Home', 'summary': '14-5', 'type': 'home'}
 {'abbreviation': None, 'name': 'Road', 'summary': '3-7', 'type': 'road'}
 {'abbreviation': None, 'name': 'vs. Conf.', 'summary': '5-11', 'type': 'vsconf'}]",23,SEC,FLA,MSST,0021a5,5d1725,fa4616,c1c6c8,FLA,0021a5,fa4616,MSST,5d1725,c1c6c8,https://raw.githubusercontent.com/sportsdataverse/wehoop-wbb-raw/main/wbb/json/final/401851598.json,2026-03-04T18:30Z,TRUE,,
401851598,2026-03-04T18:30Z,Mississippi State,Florida,Neutral,L,68,86,https://a.espncdn.com/i/teamlogos/ncaa/500/344.png,https://a.espncdn.com/i/teamlogos/ncaa/500/57.png,99,99,23,23,,,TRUE,6,SEC Tournament - 1st Round,STATUS_FINAL,23,TRUE,99,"[{'abbreviation': 'Game', 'name': 'overall', 'summary': '18-14', 'type': 'total'}
 {'abbreviation': None, 'name': 'Home', 'summary': '12-5', 'type': 'home'}
 {'abbreviation': None, 'name': 'Road', 'summary': '2-9', 'type': 'road'}
 {'abbreviation': None, 'name': 'vs. Conf.', 'summary': '5-11', 'type': 'vsconf'}]",23,FALSE,99,"[{'abbreviation': 'Game', 'name': 'overall', 'summary': '18-13', 'type': 'total'}
 {'abbreviation': None, 'name': 'Home', 'summary': '14-5', 'type': 'home'}
 {'abbreviation': None, 'name': 'Road', 'summary': '3-7', 'type': 'road'}
 {'abbreviation': None, 'name': 'vs. Conf.', 'summary': '5-11', 'type': 'vsconf'}]",23,SEC,MSST,FLA,5d1725,0021a5,c1c6c8,fa4616,FLA,0021a5,fa4616,MSST,5d1725,c1c6c8,https://raw.githubusercontent.com/sportsdataverse/wehoop-wbb-raw/main/wbb/json/final/401851598.json,2026-03-04T18:30Z,TRUE,,
401851597,2026-03-04T16:00Z,Kentucky,Arkansas,Neutral,W,94,64,https://a.espncdn.com/i/teamlogos/ncaa/500/96.png,https://a.espncdn.com/i/teamlogos/ncaa/500/8.png,17,99,23,23,,,TRUE,6,SEC Tournament - 1st Round,STATUS_FINAL,23,TRUE,17,"[{'abbreviation': 'Game', 'name': 'overall', 'summary': '22-9', 'type': 'total'}
 {'abbreviation': None, 'name': 'Home', 'summary': '12-3', 'type': 'home'}
 {'abbreviation': None, 'name': 'Road', 'summary': '8-5', 'type': 'road'}
 {'abbreviation': None, 'name': 'vs. Conf.', 'summary': '8-8', 'type': 'vsconf'}]",23,FALSE,99,"[{'abbreviation': 'Game', 'name': 'overall', 'summary': '12-20', 'type': 'total'}
 {'abbreviation': None, 'name': 'Home', 'summary': '9-9', 'type': 'home'}
 {'abbreviation': None, 'name': 'Road', 'summary': '1-10', 'type': 'road'}
 {'abbreviation': None, 'name': 'vs. Conf.', 'summary': '1-15', 'type': 'vsconf'}]",23,SEC,UK,ARK,0033a0,a32136,ffffff,ffffff,UK,0033a0,ffffff,ARK,a32136,ffffff,https://raw.githubusercontent.com/sportsdataverse/wehoop-wbb-raw/main/wbb/json/final/401851597.json,2026-03-04T16:00Z,TRUE,,
401851184,2026-03-04T16:00Z,Stanford,Miami (FL),Neutral,L,76,83,https://a.espncdn.com/i/teamlogos/ncaa/500/24.png,https://a.espncdn.com/i/teamlogos/ncaa/500/2390.png,99,99,2,2,,,TRUE,6,Ally ACC Tournament - 1st Round,STATUS_FINAL,2,TRUE,99,"[{'abbreviation': 'Game', 'name': 'overall', 'summary': '17-13', 'type': 'total'}
 {'abbreviation': None, 'name': 'Home', 'summary': '10-6', 'type': 'home'}
 {'abbreviation': None, 'name': 'Road', 'summary': '4-5', 'type': 'road'}
 {'abbreviation': None, 'name': 'vs. Conf.', 'summary': '8-10', 'type': 'vsconf'}]",2,FALSE,99,"[{'abbreviation': 'Game', 'name': 'overall', 'summary': '19-13', 'type': 'total'}
 {'abbreviation': None, 'name': 'Home', 'summary': '11-6', 'type': 'home'}
 {'abbreviation': None, 'name': 'Road', 'summary': '6-5', 'type': 'road'}
 {'abbreviation': None, 'name': 'vs. Conf.', 'summary': '8-10', 'type': 'vsconf'}]",2,ACC,STAN,MIA,8c1515,f47423,ffffff,35131,MIA,f47423,35131,STAN,8c1515,ffffff,https://raw.githubusercontent.com/sportsdataverse/wehoop-wbb-raw/main/wbb/json/final/401851184.json,2026-03-04T16:00Z,TRUE,,
401825703,2026-03-02T00:30Z,UConn,St. John's,Away,W,85,49,https://a.espncdn.com/i/teamlogos/ncaa/500/41.png,https://a.espncdn.com/i/teamlogos/ncaa/500/2599.png,1,99,4,4,,,TRUE,1,,STATUS_FINAL,4,FALSE,99,"[{'abbreviation': 'Game', 'name': 'overall', 'summary': '21-10', 'type': 'total'}
 {'abbreviation': None, 'name': 'Home', 'summary': '11-4', 'type': 'home'}
 {'abbreviation': None, 'name': 'Road', 'summary': '8-6', 'type': 'road'}
 {'abbreviation': None, 'name': 'vs. Conf.', 'summary': '11-9', 'type': 'vsconf'}]",4,TRUE,1,"[{'abbreviation': 'Game', 'name': 'overall', 'summary': '31-0', 'type': 'total'}
 {'abbreviation': None, 'name': 'Home', 'summary': '15-0', 'type': 'home'}
 {'abbreviation': None, 'name': 'Road', 'summary': '12-0', 'type': 'road'}
 {'abbreviation': None, 'name': 'vs. Conf.', 'summary': '20-0', 'type': 'vsconf'}]",4,Big East,CONN,SJU,0c2340,d10000,a2aaad,101010,SJU,d10000,101010,CONN,0c2340,a2aaad,https://raw.githubusercontent.com/sportsdataverse/wehoop-wbb-raw/main/wbb/json/final/401825703.json,2026-03-02T00:30Z,TRUE,,
401825379,2026-03-01T23:15Z,UCLA,USC,Away,W,73,50,https://a.espncdn.com/i/teamlogos/ncaa/500/26.png,https://a.espncdn.com/i/teamlogos/ncaa/500/30.png,2,99,7,7,,,TRUE,1,,STATUS_FINAL,7,FALSE,99,"[{'abbreviation': 'Game', 'name': 'overall', 'summary': '17-12', 'type': 'total'}
 {'abbreviation': None, 'name': 'Home', 'summary': '12-4', 'type': 'home'}
 {'abbreviation': None, 'name': 'Road', 'summary': '3-7', 'type': 'road'}
 {'abbreviation': None, 'name': 'vs. Conf.', 'summary': '9-9', 'type': 'vsconf'}]",7,TRUE,2,"[{'abbreviation': 'Game', 'name': 'overall', 'summary': '28-1', 'type': 'total'}
 {'abbreviation': None, 'name': 'Home', 'summary': '14-0', 'type': 'home'}
 {'abbreviation': None, 'name': 'Road', 'summary': '9-0', 'type': 'road'}
 {'abbreviation': None, 'name': 'vs. Conf.', 'summary': '18-0', 'type': 'vsconf'}]",7,Big Ten,UCLA,USC,2774ae,9d2235,f2a900,ffc72c,USC,9d2235,ffc72c,UCLA,2774ae,f2a900,https://raw.githubusercontent.com/sportsdataverse/wehoop-wbb-raw/main/wbb/json/final/401825379.json,2026-03-01T23:15Z,TRUE,,
401825379,2026-03-01T23:15Z,USC,UCLA,Home,L,50,73,https://a.espncdn.com/i/teamlogos/ncaa/500/30.png,https://a.espncdn.com/i/teamlogos/ncaa/500/26.png,99,2,7,7,,,TRUE,1,,STATUS_FINAL,7,FALSE,99,"[{'abbreviation': 'Game', 'name': 'overall', 'summary': '17-12', 'type': 'total'}
 {'abbreviation': None, 'name': 'Home', 'summary': '12-4', 'type': 'home'}
 {'abbreviation': None, 'name': 'Road', 'summary': '3-7', 'type': 'road'}
 {'abbreviation': None, 'name': 'vs. Conf.', 'summary': '9-9', 'type': 'vsconf'}]",7,TRUE,2,"[{'abbreviation': 'Game', 'name': 'overall', 'summary': '28-1', 'type': 'total'}
 {'abbreviation': None, 'name': 'Home', 'summary': '14-0', 'type': 'home'}
 {'abbreviation': None, 'name': 'Road', 'summary': '9-0', 'type': 'road'}
 {'abbreviation': None, 'name': 'vs. Conf.', 'summary': '18-0', 'type': 'vsconf'}]",7,Big Ten,USC,UCLA,9d2235,2774ae,ffc72c,f2a900,USC,9d2235,ffc72c,UCLA,2774ae,f2a900,https://raw.githubusercontent.com/sportsdataverse/wehoop-wbb-raw/main/wbb/json/final/401825379.json,2026-03-01T23:15Z,TRUE,,
401825380,2026-03-01T22:00Z,Oregon,Washington,Home,L,69,70,https://a.espncdn.com/i/teamlogos/ncaa/500/2483.png,https://a.espncdn.com/i/teamlogos/ncaa/500/264.png,99,99,7,7,,,TRUE,1,,STATUS_FINAL,7,FALSE,99,"[{'abbreviation': 'Game', 'name': 'overall', 'summary': '20-11', 'type': 'total'}
 {'abbreviation': None, 'name': 'Home', 'summary': '12-5', 'type': 'home'}
 {'abbreviation': None, 'name': 'Road', 'summary': '6-5', 'type': 'road'}
 {'abbreviation': None, 'name': 'vs. Conf.', 'summary': '8-10', 'type': 'vsconf'}]",7,TRUE,99,"[{'abbreviation': 'Game', 'name': 'overall', 'summary': '20-9', 'type': 'total'}
 {'abbreviation': None, 'name': 'Home', 'summary': '13-4', 'type': 'home'}
 {'abbreviation': None, 'name': 'Road', 'summary': '7-5', 'type': 'road'}
 {'abbreviation': None, 'name': 'vs. Conf.', 'summary': '10-8', 'type': 'vsconf'}]",7,Big Ten,ORE,WASH,00934b,33006f,fff41b,e8d3a2,ORE,00934b,fff41b,WASH,33006f,e8d3a2,https://raw.githubusercontent.com/sportsdataverse/wehoop-wbb-raw/main/wbb/json/final/401825380.json,2026-03-01T22:00Z,TRUE,,
401825380,2026-03-01T22:00Z,Washington,Oregon,Away,W,70,69,https://a.espncdn.com/i/teamlogos/ncaa/500/264.png,https://a.espncdn.com/i/teamlogos/ncaa/500/2483.png,99,99,7,7,,,TRUE,1,,STATUS_FINAL,7,FALSE,99,"[{'abbreviation': 'Game', 'name': 'overall', 'summary': '20-11', 'type': 'total'}
 {'abbreviation': None, 'name': 'Home', 'summary': '12-5', 'type': 'home'}
 {'abbreviation': None, 'name': 'Road', 'summary': '6-5', 'type': 'road'}
 {'abbreviation': None, 'name': 'vs. Conf.', 'summary': '8-10', 'type': 'vsconf'}]",7,TRUE,99,"[{'abbreviation': 'Game', 'name': 'overall', 'summary': '20-9', 'type': 'total'}
 {'abbreviation': None, 'name': 'Home', 'summary': '13-4', 'type': 'home'}
 {'abbreviation': None, 'name': 'Road', 'summary': '7-5', 'type': 'road'}
 {'abbreviation': None, 'name': 'vs. Conf.', 'summary': '10-8', 'type': 'vsconf'}]",7,Big Ten,WASH,ORE,33006f,00934b,e8d3a2,fff41b,ORE,00934b,fff41b,WASH,33006f,e8d3a2,https://raw.githubusercontent.com/sportsdataverse/wehoop-wbb-raw/main/wbb/json/final/401825380.json,2026-03-01T22:00Z,TRUE,,
401807652,2026-03-01T21:00Z,Mississippi State,LSU,Home,L,63,72,https://a.espncdn.com/i/teamlogos/ncaa/500/344.png,https://a.espncdn.com/i/teamlogos/ncaa/500/99.png,99,6,23,23,,,TRUE,1,,STATUS_FINAL,23,FALSE,99,"[{'abbreviation': 'Game', 'name': 'overall', 'summary': '18-12', 'type': 'total'}
 {'abbreviation': None, 'name': 'Home', 'summary': '14-5', 'type': 'home'}
 {'abbreviation': None, 'name': 'Road', 'summary': '3-7', 'type': 'road'}
 {'abbreviation': None, 'name': 'vs. Conf.', 'summary': '5-11', 'type': 'vsconf'}]",23,TRUE,6,"[{'abbreviation': 'Game', 'name': 'overall', 'summary': '26-4', 'type': 'total'}
 {'abbreviation': None, 'name': 'Home', 'summary': '13-2', 'type': 'home'}
 {'abbreviation': None, 'name': 'Road', 'summary': '10-2', 'type': 'road'}
 {'abbreviation': None, 'name': 'vs. Conf.', 'summary': '12-4', 'type': 'vsconf'}]",23,SEC,MSST,LSU,5d1725,461d76,c1c6c8,fdd023,MSST,5d1725,c1c6c8,LSU,461d76,fdd023,https://raw.githubusercontent.com/sportsdataverse/wehoop-wbb-raw/main/wbb/json/final/401807652.json,2026-03-01T21:00Z,TRUE,,
401827430,2026-03-01T21:00Z,TCU,Baylor,Home,W,65,53,https://a.espncdn.com/i/teamlogos/ncaa/500/2628.png,https://a.espncdn.com/i/teamlogos/ncaa/500/239.png,11,18,8,8,,,TRUE,1,,STATUS_FINAL,8,TRUE,11,"[{'abbreviation': 'Game', 'name': 'overall', 'summary': '27-4', 'type': 'total'}
 {'abbreviation': None, 'name': 'Home', 'summary': '18-0', 'type': 'home'}
 {'abbreviation': None, 'name': 'Road', 'summary': '7-3', 'type': 'road'}
 {'abbreviation': None, 'name': 'vs. Conf.', 'summary': '15-3', 'type': 'vsconf'}]",8,FALSE,18,"[{'abbreviation': 'Game', 'name': 'overall', 'summary': '24-7', 'type': 'total'}
 {'abbreviation': None, 'name': 'Home', 'summary': '15-2', 'type': 'home'}
 {'abbreviation': None, 'name': 'Road', 'summary': '7-3', 'type': 'road'}
 {'abbreviation': None, 'name': 'vs. Conf.', 'summary': '13-5', 'type': 'vsconf'}]",8,Big 12,TCU,BAY,4d1979,154734,ffffff,ffb81c,TCU,4d1979,ffffff,BAY,154734,ffb81c,https://raw.githubusercontent.com/sportsdataverse/wehoop-wbb-raw/main/wbb/json/final/401827430.json,2026-03-01T21:00Z,TRUE,,
401807653,2026-03-01T21:00Z,Oklahoma,Missouri,Away,W,84,78,https://a.espncdn.com/i/teamlogos/ncaa/500/201.png,https://a.espncdn.com/i/teamlogos/ncaa/500/142.png,7,99,23,23,,,TRUE,1,,STATUS_FINAL,23,FALSE,99,"[{'abbreviation': 'Game', 'name': 'overall', 'summary': '16-15', 'type': 'total'}
 {'abbreviation': None, 'name': 'Home', 'summary': '9-8', 'type': 'home'}
 {'abbreviation': None, 'name': 'Road', 'summary': '4-6', 'type': 'road'}
 {'abbreviation': None, 'name': 'vs. Conf.', 'summary': '4-12', 'type': 'vsconf'}]",23,TRUE,7,"[{'abbreviation': 'Game', 'name': 'overall', 'summary': '23-6', 'type': 'total'}
 {'abbreviation': None, 'name': 'Home', 'summary': '14-2', 'type': 'home'}
 {'abbreviation': None, 'name': 'Road', 'summary': '6-3', 'type': 'road'}
 {'abbreviation': None, 'name': 'vs. Conf.', 'summary': '11-5', 'type': 'vsconf'}]",23,SEC,OU,MIZ,990000,f1b82d,ffffff,0,MIZ,f1b82d,0,OU,990000,ffffff,https://raw.githubusercontent.com/sportsdataverse/wehoop-wbb-raw/main/wbb/json/final/401807653.json,2026-03-01T21:00Z,TRUE,,
401807652,2026-03-01T21:00Z,LSU,Mississippi State,Away,W,72,63,https://a.espncdn.com/i/teamlogos/ncaa/500/99.png,https://a.espncdn.com/i/teamlogos/ncaa/500/344.png,6,99,23,23,,,TRUE,1,,STATUS_FINAL,23,FALSE,99,"[{'abbreviation': 'Game', 'name': 'overall', 'summary': '18-12', 'type': 'total'}
 {'abbreviation': None, 'name': 'Home', 'summary': '14-5', 'type': 'home'}
 {'abbreviation': None, 'name': 'Road', 'summary': '3-7', 'type': 'road'}
 {'abbreviation': None, 'name': 'vs. Conf.', 'summary': '5-11', 'type': 'vsconf'}]",23,TRUE,6,"[{'abbreviation': 'Game', 'name': 'overall', 'summary': '26-4', 'type': 'total'}
 {'abbreviation': None, 'name': 'Home', 'summary': '13-2', 'type': 'home'}
 {'abbreviation': None, 'name': 'Road', 'summary': '10-2', 'type': 'road'}
 {'abbreviation': None, 'name': 'vs. Conf.', 'summary': '12-4', 'type': 'vsconf'}]",23,SEC,LSU,MSST,461d76,5d1725,fdd023,c1c6c8,MSST,5d1725,c1c6c8,LSU,461d76,fdd023,https://raw.githubusercontent.com/sportsdataverse/wehoop-wbb-raw/main/wbb/json/final/401807652.json,2026-03-01T21:00Z,TRUE,,
401819738,2026-03-01T21:00Z,Notre Dame,Louisville,Away,W,65,62,https://a.espncdn.com/i/teamlogos/ncaa/500/87.png,https://a.espncdn.com/i/teamlogos/ncaa/500/97.png,99,10,2,2,,,TRUE,1,,STATUS_FINAL,2,FALSE,10,"[{'abbreviation': 'Game', 'name': 'overall', 'summary': '25-6', 'type': 'total'}
 {'abbreviation': None, 'name': 'Home', 'summary': '14-5', 'type': 'home'}
 {'abbreviation': None, 'name': 'Road', 'summary': '9-0', 'type': 'road'}
 {'abbreviation': None, 'name': 'vs. Conf.', 'summary': '15-3', 'type': 'vsconf'}]",2,TRUE,99,"[{'abbreviation': 'Game', 'name': 'overall', 'summary': '20-9', 'type': 'total'}
 {'abbreviation': None, 'name': 'Home', 'summary': '14-2', 'type': 'home'}
 {'abbreviation': None, 'name': 'Road', 'summary': '6-6', 'type': 'road'}
 {'abbreviation': None, 'name': 'vs. Conf.', 'summary': '12-6', 'type': 'vsconf'}]",2,ACC,ND,LOU,62340,c9001f,c99700,ffffff,LOU,c9001f,ffffff,ND,62340,c99700,https://raw.githubusercontent.com/sportsdataverse/wehoop-wbb-raw/main/wbb/json/final/401819738.json,2026-03-01T21:00Z,TRUE,,
401827430,2026-03-01T21:00Z,Baylor,TCU,Away,L,53,65,https://a.espncdn.com/i/teamlogos/ncaa/500/239.png,https://a.espncdn.com/i/teamlogos/ncaa/500/2628.png,18,11,8,8,,,TRUE,1,,STATUS_FINAL,8,TRUE,11,"[{'abbreviation': 'Game', 'name': 'overall', 'summary': '27-4', 'type': 'total'}
 {'abbreviation': None, 'name': 'Home', 'summary': '18-0', 'type': 'home'}
 {'abbreviation': None, 'name': 'Road', 'summary': '7-3', 'type': 'road'}
 {'abbreviation': None, 'name': 'vs. Conf.', 'summary': '15-3', 'type': 'vsconf'}]",8,FALSE,18,"[{'abbreviation': 'Game', 'name': 'overall', 'summary': '24-7', 'type': 'total'}
 {'abbreviation': None, 'name': 'Home', 'summary': '15-2', 'type': 'home'}
 {'abbreviation': None, 'name': 'Road', 'summary': '7-3', 'type': 'road'}
 {'abbreviation': None, 'name': 'vs. Conf.', 'summary': '13-5', 'type': 'vsconf'}]",8,Big 12,BAY,TCU,1.55E+05,4d1979,ffb81c,ffffff,TCU,4d1979,ffffff,BAY,154734,ffb81c,https://raw.githubusercontent.com/sportsdataverse/wehoop-wbb-raw/main/wbb/json/final/401827430.json,2026-03-01T21:00Z,TRUE,,
401819738,2026-03-01T21:00Z,Louisville,Notre Dame,Home,L,62,65,https://a.espncdn.com/i/teamlogos/ncaa/500/97.png,https://a.espncdn.com/i/teamlogos/ncaa/500/87.png,10,99,2,2,,,TRUE,1,,STATUS_FINAL,2,FALSE,10,"[{'abbreviation': 'Game', 'name': 'overall', 'summary': '25-6', 'type': 'total'}
 {'abbreviation': None, 'name': 'Home', 'summary': '14-5', 'type': 'home'}
 {'abbreviation': None, 'name': 'Road', 'summary': '9-0', 'type': 'road'}
 {'abbreviation': None, 'name': 'vs. Conf.', 'summary': '15-3', 'type': 'vsconf'}]",2,TRUE,99,"[{'abbreviation': 'Game', 'name': 'overall', 'summary': '20-9', 'type': 'total'}
 {'abbreviation': None, 'name': 'Home', 'summary': '14-2', 'type': 'home'}
 {'abbreviation': None, 'name': 'Road', 'summary': '6-6', 'type': 'road'}
 {'abbreviation': None, 'name': 'vs. Conf.', 'summary': '12-6', 'type': 'vsconf'}]",2,ACC,LOU,ND,c9001f,62340,ffffff,c99700,LOU,c9001f,ffffff,ND,62340,c99700,https://raw.githubusercontent.com/sportsdataverse/wehoop-wbb-raw/main/wbb/json/final/401819738.json,2026-03-01T21:00Z,TRUE,,
401807651,2026-03-01T20:00Z,Georgia,Florida,Home,W,71,58,https://a.espncdn.com/i/teamlogos/ncaa/500/61.png,https://a.espncdn.com/i/teamlogos/ncaa/500/57.png,23,99,23,23,,,TRUE,1,,STATUS_FINAL,23,TRUE,23,"[{'abbreviation': 'Game', 'name': 'overall', 'summary': '22-8', 'type': 'total'}
 {'abbreviation': None, 'name': 'Home', 'summary': '12-4', 'type': 'home'}
 {'abbreviation': None, 'name': 'Road', 'summary': '6-4', 'type': 'road'}
 {'abbreviation': None, 'name': 'vs. Conf.', 'summary': '8-8', 'type': 'vsconf'}]",23,FALSE,99,"[{'abbreviation': 'Game', 'name': 'overall', 'summary': '17-14', 'type': 'total'}
 {'abbreviation': None, 'name': 'Home', 'summary': '12-5', 'type': 'home'}
 {'abbreviation': None, 'name': 'Road', 'summary': '2-9', 'type': 'road'}
 {'abbreviation': None, 'name': 'vs. Conf.', 'summary': '5-11', 'type': 'vsconf'}]",23,SEC,UGA,FLA,ba0c2f,0021a5,2c2a29,fa4616,UGA,ba0c2f,2c2a29,FLA,0021a5,fa4616,https://raw.githubusercontent.com/sportsdataverse/wehoop-wbb-raw/main/wbb/json/final/401807651.json,2026-03-01T20:00Z,TRUE,,
401807651,2026-03-01T20:00Z,Florida,Georgia,Away,L,58,71,https://a.espncdn.com/i/teamlogos/ncaa/500/57.png,https://a.espncdn.com/i/teamlogos/ncaa/500/61.png,99,23,23,23,,,TRUE,1,,STATUS_FINAL,23,TRUE,23,"[{'abbreviation': 'Game', 'name': 'overall', 'summary': '22-8', 'type': 'total'}
 {'abbreviation': None, 'name': 'Home', 'summary': '12-4', 'type': 'home'}
 {'abbreviation': None, 'name': 'Road', 'summary': '6-4', 'type': 'road'}
 {'abbreviation': None, 'name': 'vs. Conf.', 'summary': '8-8', 'type': 'vsconf'}]",23,FALSE,99,"[{'abbreviation': 'Game', 'name': 'overall', 'summary': '17-14', 'type': 'total'}
 {'abbreviation': None, 'name': 'Home', 'summary': '12-5', 'type': 'home'}
 {'abbreviation': None, 'name': 'Road', 'summary': '2-9', 'type': 'road'}
 {'abbreviation': None, 'name': 'vs. Conf.', 'summary': '5-11', 'type': 'vsconf'}]",23,SEC,FLA,UGA,0021a5,ba0c2f,fa4616,2c2a29,UGA,ba0c2f,2c2a29,FLA,0021a5,fa4616,https://raw.githubusercontent.com/sportsdataverse/wehoop-wbb-raw/main/wbb/json/final/401807651.json,2026-03-01T20:00Z,TRUE,,
401807656,2026-03-01T20:00Z,Ole Miss,Texas A&M,Home,L,58,66,https://a.espncdn.com/i/teamlogos/ncaa/500/145.png,https://a.espncdn.com/i/teamlogos/ncaa/500/245.png,19,99,23,23,,,TRUE,1,,STATUS_FINAL,23,FALSE,19,"[{'abbreviation': 'Game', 'name': 'overall', 'summary': '21-10', 'type': 'total'}
 {'abbreviation': None, 'name': 'Home', 'summary': '12-2', 'type': 'home'}
 {'abbreviation': None, 'name': 'Road', 'summary': '4-5', 'type': 'road'}
 {'abbreviation': None, 'name': 'vs. Conf.', 'summary': '8-8', 'type': 'vsconf'}]",23,TRUE,99,"[{'abbreviation': 'Game', 'name': 'overall', 'summary': '14-11', 'type': 'total'}
 {'abbreviation': None, 'name': 'Home', 'summary': '8-5', 'type': 'home'}
 {'abbreviation': None, 'name': 'Road', 'summary': '4-5', 'type': 'road'}
 {'abbreviation': None, 'name': 'vs. Conf.', 'summary': '7-9', 'type': 'vsconf'}]",23,SEC,MISS,TA&M,13294b,500000,cf142b,ffffff,MISS,13294b,cf142b,TA&M,500000,ffffff,https://raw.githubusercontent.com/sportsdataverse/wehoop-wbb-raw/main/wbb/json/final/401807656.json,2026-03-01T20:00Z,TRUE,,
401825375,2026-03-01T20:00Z,Iowa,Wisconsin,Away,W,81,52,https://a.espncdn.com/i/teamlogos/ncaa/500/2294.png,https://a.espncdn.com/i/teamlogos/ncaa/500/275.png,9,99,7,7,,,TRUE,1,,STATUS_FINAL,7,FALSE,99,"[{'abbreviation': 'Game', 'name': 'overall', 'summary': '13-16', 'type': 'total'}
 {'abbreviation': None, 'name': 'Home', 'summary': '11-5', 'type': 'home'}
 {'abbreviation': None, 'name': 'Road', 'summary': '2-9', 'type': 'road'}
 {'abbreviation': None, 'name': 'vs. Conf.', 'summary': '5-13', 'type': 'vsconf'}]",7,TRUE,9,"[{'abbreviation': 'Game', 'name': 'overall', 'summary': '24-5', 'type': 'total'}
 {'abbreviation': None, 'name': 'Home', 'summary': '14-1', 'type': 'home'}
 {'abbreviation': None, 'name': 'Road', 'summary': '8-3', 'type': 'road'}
 {'abbreviation': None, 'name': 'vs. Conf.', 'summary': '15-3', 'type': 'vsconf'}]",7,Big Ten,IOWA,WIS,231f20,a00000,fcd116,ffffff,WIS,a00000,ffffff,IOWA,231f20,fcd116,https://raw.githubusercontent.com/sportsdataverse/wehoop-wbb-raw/main/wbb/json/final/401825375.json,2026-03-01T20:00Z,TRUE,,
401827431,2026-03-01T20:00Z,Texas Tech,Arizona State,Home,W,58,51,https://a.espncdn.com/i/teamlogos/ncaa/500/2641.png,https://a.espncdn.com/i/teamlogos/ncaa/500/9.png,20,99,8,8,,,TRUE,1,,STATUS_FINAL,8,TRUE,20,"[{'abbreviation': 'Game', 'name': 'overall', 'summary': '25-6', 'type': 'total'}
 {'abbreviation': None, 'name': 'Home', 'summary': '15-2', 'type': 'home'}
 {'abbreviation': None, 'name': 'Road', 'summary': '7-4', 'type': 'road'}
 {'abbreviation': None, 'name': 'vs. Conf.', 'summary': '12-6', 'type': 'vsconf'}]",8,FALSE,99,"[{'abbreviation': 'Game', 'name': 'overall', 'summary': '22-9', 'type': 'total'}
 {'abbreviation': None, 'name': 'Home', 'summary': '15-2', 'type': 'home'}
 {'abbreviation': None, 'name': 'Road', 'summary': '7-7', 'type': 'road'}
 {'abbreviation': None, 'name': 'vs. Conf.', 'summary': '9-9', 'type': 'vsconf'}]",8,Big 12,TTU,ASU,da291c,ffc627,0,8c1d40,TTU,da291c,0,ASU,ffc627,8c1d40,https://raw.githubusercontent.com/sportsdataverse/wehoop-wbb-raw/main/wbb/json/final/401827431.json,2026-03-01T20:00Z,TRUE,,
401819577,2026-03-01T19:00Z,NC State,Pittsburgh,Away,W,93,43,https://a.espncdn.com/i/teamlogos/ncaa/500/152.png,https://a.espncdn.com/i/teamlogos/ncaa/500/221.png,99,99,2,2,,,TRUE,1,,STATUS_FINAL,2,FALSE,99,"[{'abbreviation': 'Game', 'name': 'overall', 'summary': '8-23', 'type': 'total'}
 {'abbreviation': None, 'name': 'Home', 'summary': '6-12', 'type': 'home'}
 {'abbreviation': None, 'name': 'Road', 'summary': '1-10', 'type': 'road'}
 {'abbreviation': None, 'name': 'vs. Conf.', 'summary': '1-17', 'type': 'vsconf'}]",2,TRUE,99,"[{'abbreviation': 'Game', 'name': 'overall', 'summary': '20-9', 'type': 'total'}
 {'abbreviation': None, 'name': 'Home', 'summary': '10-4', 'type': 'home'}
 {'abbreviation': None, 'name': 'Road', 'summary': '7-4', 'type': 'road'}
 {'abbreviation': None, 'name': 'vs. Conf.', 'summary': '13-5', 'type': 'vsconf'}]",2,ACC,NCSU,PITT,cc0000,3594,ffffff,ffb81c,PITT,3594,ffb81c,NCSU,cc0000,ffffff,https://raw.githubusercontent.com/sportsdataverse/wehoop-wbb-raw/main/wbb/json/final/401819577.json,2026-03-01T19:00Z,TRUE,,
401819602,2026-03-01T19:00Z,Clemson,Stanford,Away,L,50,85,https://a.espncdn.com/i/teamlogos/ncaa/500/228.png,https://a.espncdn.com/i/teamlogos/ncaa/500/24.png,99,99,2,2,,,TRUE,1,,STATUS_FINAL,2,TRUE,99,"[{'abbreviation': 'Game', 'name': 'overall', 'summary': '19-12', 'type': 'total'}
 {'abbreviation': None, 'name': 'Home', 'summary': '11-6', 'type': 'home'}
 {'abbreviation': None, 'name': 'Road', 'summary': '6-5', 'type': 'road'}
 {'abbreviation': None, 'name': 'vs. Conf.', 'summary': '8-10', 'type': 'vsconf'}]",2,FALSE,99,"[{'abbreviation': 'Game', 'name': 'overall', 'summary': '20-10', 'type': 'total'}
 {'abbreviation': None, 'name': 'Home', 'summary': '12-1', 'type': 'home'}
 {'abbreviation': None, 'name': 'Road', 'summary': '7-8', 'type': 'road'}
 {'abbreviation': None, 'name': 'vs. Conf.', 'summary': '11-7', 'type': 'vsconf'}]",2,ACC,CLEM,STAN,f56600,8c1515,ffffff,ffffff,STAN,8c1515,ffffff,CLEM,f56600,ffffff,https://raw.githubusercontent.com/sportsdataverse/wehoop-wbb-raw/main/wbb/json/final/401819602.json,2026-03-01T19:00Z,TRUE,,
401807650,2026-03-01T19:00Z,Tennessee,Vanderbilt,Home,L,77,87,https://a.espncdn.com/i/teamlogos/ncaa/500/2633_ncw.png,https://a.espncdn.com/i/teamlogos/ncaa/500/238.png,99,5,23,23,,,TRUE,1,,STATUS_FINAL,23,FALSE,99,"[{'abbreviation': 'Game', 'name': 'overall', 'summary': '16-12', 'type': 'total'}
 {'abbreviation': None, 'name': 'Home', 'summary': '9-4', 'type': 'home'}
 {'abbreviation': None, 'name': 'Road', 'summary': '7-6', 'type': 'road'}
 {'abbreviation': None, 'name': 'vs. Conf.', 'summary': '8-8', 'type': 'vsconf'}]",23,TRUE,5,"[{'abbreviation': 'Game', 'name': 'overall', 'summary': '27-3', 'type': 'total'}
 {'abbreviation': None, 'name': 'Home', 'summary': '16-0', 'type': 'home'}
 {'abbreviation': None, 'name': 'Road', 'summary': '7-2', 'type': 'road'}
 {'abbreviation': None, 'name': 'vs. Conf.', 'summary': '13-3', 'type': 'vsconf'}]",23,SEC,TENN,VAN,ff8200,0,ffffff,cfae70,TENN,ff8200,ffffff,VAN,0,cfae70,https://raw.githubusercontent.com/sportsdataverse/wehoop-wbb-raw/main/wbb/json/final/401807650.json,2026-03-01T19:00Z,TRUE,,
401827432,2026-03-01T19:00Z,West Virginia,Cincinnati,Home,W,118,60,https://a.espncdn.com/i/teamlogos/ncaa/500/277.png,https://a.espncdn.com/i/teamlogos/ncaa/500/2132.png,17,99,8,8,,,TRUE,1,,STATUS_FINAL,8,TRUE,17,"[{'abbreviation': 'Game', 'name': 'overall', 'summary': '24-6', 'type': 'total'}
 {'abbreviation': None, 'name': 'Home', 'summary': '14-3', 'type': 'home'}
 {'abbreviation': None, 'name': 'Road', 'summary': '8-2', 'type': 'road'}
 {'abbreviation': None, 'name': 'vs. Conf.', 'summary': '14-4', 'type': 'vsconf'}]",8,FALSE,99,"[{'abbreviation': 'Game', 'name': 'overall', 'summary': '11-19', 'type': 'total'}
 {'abbreviation': None, 'name': 'Home', 'summary': '7-9', 'type': 'home'}
 {'abbreviation': None, 'name': 'Road', 'summary': '2-10', 'type': 'road'}
 {'abbreviation': None, 'name': 'vs. Conf.', 'summary': '6-12', 'type': 'vsconf'}]",8,Big 12,WVU,CIN,eaaa00,0,2855,e00122,WVU,eaaa00,2855,CIN,0,e00122,https://raw.githubusercontent.com/sportsdataverse/wehoop-wbb-raw/main/wbb/json/final/401827432.json,2026-03-01T19:00Z,TRUE,,
401825376,2026-03-01T19:00Z,Minnesota,Illinois,Away,W,78,73,https://a.espncdn.com/i/teamlogos/ncaa/500/135.png,https://a.espncdn.com/i/teamlogos/ncaa/500/356.png,22,99,7,7,,,TRUE,1,,STATUS_FINAL,7,FALSE,99,"[{'abbreviation': 'Game', 'name': 'overall', 'summary': '19-10', 'type': 'total'}
 {'abbreviation': None, 'name': 'Home', 'summary': '13-4', 'type': 'home'}
 {'abbreviation': None, 'name': 'Road', 'summary': '6-6', 'type': 'road'}
 {'abbreviation': None, 'name': 'vs. Conf.', 'summary': '9-9', 'type': 'vsconf'}]",7,TRUE,22,"[{'abbreviation': 'Game', 'name': 'overall', 'summary': '22-7', 'type': 'total'}
 {'abbreviation': None, 'name': 'Home', 'summary': '13-3', 'type': 'home'}
 {'abbreviation': None, 'name': 'Road', 'summary': '8-3', 'type': 'road'}
 {'abbreviation': None, 'name': 'vs. Conf.', 'summary': '13-5', 'type': 'vsconf'}]",7,Big Ten,MINN,ILL,5e0a2f,ff5f05,fab41c,13294b,ILL,ff5f05,13294b,MINN,5e0a2f,fab41c,https://raw.githubusercontent.com/sportsdataverse/wehoop-wbb-raw/main/wbb/json/final/401825376.json,2026-03-01T19:00Z,TRUE,,
401807655,2026-03-01T19:00Z,Kentucky,South Carolina,Home,L,56,60,https://a.espncdn.com/i/teamlogos/ncaa/500/96.png,https://a.espncdn.com/i/teamlogos/ncaa/500/2579.png,16,3,23,23,,,TRUE,1,,STATUS_FINAL,23,FALSE,16,"[{'abbreviation': 'Game', 'name': 'overall', 'summary': '21-9', 'type': 'total'}
 {'abbreviation': None, 'name': 'Home', 'summary': '12-3', 'type': 'home'}
 {'abbreviation': None, 'name': 'Road', 'summary': '8-5', 'type': 'road'}
 {'abbreviation': None, 'name': 'vs. Conf.', 'summary': '8-8', 'type': 'vsconf'}]",23,TRUE,3,"[{'abbreviation': 'Game', 'name': 'overall', 'summary': '29-2', 'type': 'total'}
 {'abbreviation': None, 'name': 'Home', 'summary': '16-0', 'type': 'home'}
 {'abbreviation': None, 'name': 'Road', 'summary': '11-1', 'type': 'road'}
 {'abbreviation': None, 'name': 'vs. Conf.', 'summary': '15-1', 'type': 'vsconf'}]",23,SEC,UK,SC,0033a0,73000a,ffffff,0,UK,0033a0,ffffff,SC,73000a,0,https://raw.githubusercontent.com/sportsdataverse/wehoop-wbb-raw/main/wbb/json/final/401807655.json,2026-03-01T19:00Z,TRUE,,
401827429,2026-03-01T19:00Z,Iowa State,Kansas State,Away,W,93,79,https://a.espncdn.com/i/teamlogos/ncaa/500/66.png,https://a.espncdn.com/i/teamlogos/ncaa/500/2306.png,99,99,8,8,,,TRUE,1,,STATUS_FINAL,8,FALSE,99,"[{'abbreviation': 'Game', 'name': 'overall', 'summary': '15-16', 'type': 'total'}
 {'abbreviation': None, 'name': 'Home', 'summary': '7-8', 'type': 'home'}
 {'abbreviation': None, 'name': 'Road', 'summary': '6-6', 'type': 'road'}
 {'abbreviation': None, 'name': 'vs. Conf.', 'summary': '8-10', 'type': 'vsconf'}]",8,TRUE,99,"[{'abbreviation': 'Game', 'name': 'overall', 'summary': '22-8', 'type': 'total'}
 {'abbreviation': None, 'name': 'Home', 'summary': '15-3', 'type': 'home'}
 {'abbreviation': None, 'name': 'Road', 'summary': '5-5', 'type': 'road'}
 {'abbreviation': None, 'name': 'vs. Conf.', 'summary': '10-8', 'type': 'vsconf'}]",8,Big 12,ISU,KSU,ae192d,330a57,ffc72a,e2e3e4,KSU,330a57,e2e3e4,ISU,ae192d,ffc72a,https://raw.githubusercontent.com/sportsdataverse/wehoop-wbb-raw/main/wbb/json/final/401827429.json,2026-03-01T19:00Z,TRUE,,
401807650,2026-03-01T19:00Z,Vanderbilt,Tennessee,Away,W,87,77,https://a.espncdn.com/i/teamlogos/ncaa/500/238.png,https://a.espncdn.com/i/teamlogos/ncaa/500/2633_ncw.png,5,99,23,23,,,TRUE,1,,STATUS_FINAL,23,FALSE,99,"[{'abbreviation': 'Game', 'name': 'overall', 'summary': '16-12', 'type': 'total'}
 {'abbreviation': None, 'name': 'Home', 'summary': '9-4', 'type': 'home'}
 {'abbreviation': None, 'name': 'Road', 'summary': '7-6', 'type': 'road'}
 {'abbreviation': None, 'name': 'vs. Conf.', 'summary': '8-8', 'type': 'vsconf'}]",23,TRUE,5,"[{'abbreviation': 'Game', 'name': 'overall', 'summary': '27-3', 'type': 'total'}
 {'abbreviation': None, 'name': 'Home', 'summary': '16-0', 'type': 'home'}
 {'abbreviation': None, 'name': 'Road', 'summary': '7-2', 'type': 'road'}
 {'abbreviation': None, 'name': 'vs. Conf.', 'summary': '13-3', 'type': 'vsconf'}]",23,SEC,VAN,TENN,0,ff8200,cfae70,ffffff,TENN,ff8200,ffffff,VAN,0,cfae70,https://raw.githubusercontent.com/sportsdataverse/wehoop-wbb-raw/main/wbb/json/final/401807650.json,2026-03-01T19:00Z,TRUE,,
401825376,2026-03-01T19:00Z,Illinois,Minnesota,Home,L,73,78,https://a.espncdn.com/i/teamlogos/ncaa/500/356.png,https://a.espncdn.com/i/teamlogos/ncaa/500/135.png,99,22,7,7,,,TRUE,1,,STATUS_FINAL,7,FALSE,99,"[{'abbreviation': 'Game', 'name': 'overall', 'summary': '19-10', 'type': 'total'}
 {'abbreviation': None, 'name': 'Home', 'summary': '13-4', 'type': 'home'}
 {'abbreviation': None, 'name': 'Road', 'summary': '6-6', 'type': 'road'}
 {'abbreviation': None, 'name': 'vs. Conf.', 'summary': '9-9', 'type': 'vsconf'}]",7,TRUE,22,"[{'abbreviation': 'Game', 'name': 'overall', 'summary': '22-7', 'type': 'total'}
 {'abbreviation': None, 'name': 'Home', 'summary': '13-3', 'type': 'home'}
 {'abbreviation': None, 'name': 'Road', 'summary': '8-3', 'type': 'road'}
 {'abbreviation': None, 'name': 'vs. Conf.', 'summary': '13-5', 'type': 'vsconf'}]",7,Big Ten,ILL,MINN,ff5f05,5e0a2f,13294b,fab41c,ILL,ff5f05,13294b,MINN,5e0a2f,fab41c,https://raw.githubusercontent.com/sportsdataverse/wehoop-wbb-raw/main/wbb/json/final/401825376.json,2026-03-01T19:00Z,TRUE,,
401807655,2026-03-01T19:00Z,South Carolina,Kentucky,Away,W,60,56,https://a.espncdn.com/i/teamlogos/ncaa/500/2579.png,https://a.espncdn.com/i/teamlogos/ncaa/500/96.png,3,16,23,23,,,TRUE,1,,STATUS_FINAL,23,FALSE,16,"[{'abbreviation': 'Game', 'name': 'overall', 'summary': '21-9', 'type': 'total'}
 {'abbreviation': None, 'name': 'Home', 'summary': '12-3', 'type': 'home'}
 {'abbreviation': None, 'name': 'Road', 'summary': '8-5', 'type': 'road'}
 {'abbreviation': None, 'name': 'vs. Conf.', 'summary': '8-8', 'type': 'vsconf'}]",23,TRUE,3,"[{'abbreviation': 'Game', 'name': 'overall', 'summary': '29-2', 'type': 'total'}
 {'abbreviation': None, 'name': 'Home', 'summary': '16-0', 'type': 'home'}
 {'abbreviation': None, 'name': 'Road', 'summary': '11-1', 'type': 'road'}
 {'abbreviation': None, 'name': 'vs. Conf.', 'summary': '15-1', 'type': 'vsconf'}]",23,SEC,SC,UK,73000a,0033a0,0,ffffff,UK,0033a0,ffffff,SC,73000a,0,https://raw.githubusercontent.com/sportsdataverse/wehoop-wbb-raw/main/wbb/json/final/401807655.json,2026-03-01T19:00Z,TRUE,,
401819734,2026-03-01T19:00Z,Syracuse,Boston College,Home,W,90,65,https://a.espncdn.com/i/teamlogos/ncaa/500/183.png,https://a.espncdn.com/i/teamlogos/ncaa/500/103.png,99,99,2,2,,,TRUE,1,,STATUS_FINAL,2,TRUE,99,"[{'abbreviation': 'Game', 'name': 'overall', 'summary': '22-7', 'type': 'total'}
 {'abbreviation': None, 'name': 'Home', 'summary': '15-3', 'type': 'home'}
 {'abbreviation': None, 'name': 'Road', 'summary': '6-3', 'type': 'road'}
 {'abbreviation': None, 'name': 'vs. Conf.', 'summary': '12-6', 'type': 'vsconf'}]",2,FALSE,99,"[{'abbreviation': 'Game', 'name': 'overall', 'summary': '5-26', 'type': 'total'}
 {'abbreviation': None, 'name': 'Home', 'summary': '4-14', 'type': 'home'}
 {'abbreviation': None, 'name': 'Road', 'summary': '1-10', 'type': 'road'}
 {'abbreviation': None, 'name': 'vs. Conf.', 'summary': '1-17', 'type': 'vsconf'}]",2,ACC,SYR,BC,0.00E+00,8c2232,ff431b,dbcca6,SYR,0.00E+00,ff431b,BC,8c2232,dbcca6,https://raw.githubusercontent.com/sportsdataverse/wehoop-wbb-raw/main/wbb/json/final/401819734.json,2026-03-01T19:00Z,TRUE,,
401819602,2026-03-01T19:00Z,Stanford,Clemson,Home,W,85,50,https://a.espncdn.com/i/teamlogos/ncaa/500/24.png,https://a.espncdn.com/i/teamlogos/ncaa/500/228.png,99,99,2,2,,,TRUE,1,,STATUS_FINAL,2,TRUE,99,"[{'abbreviation': 'Game', 'name': 'overall', 'summary': '19-12', 'type': 'total'}
 {'abbreviation': None, 'name': 'Home', 'summary': '11-6', 'type': 'home'}
 {'abbreviation': None, 'name': 'Road', 'summary': '6-5', 'type': 'road'}
 {'abbreviation': None, 'name': 'vs. Conf.', 'summary': '8-10', 'type': 'vsconf'}]",2,FALSE,99,"[{'abbreviation': 'Game', 'name': 'overall', 'summary': '20-10', 'type': 'total'}
 {'abbreviation': None, 'name': 'Home', 'summary': '12-1', 'type': 'home'}
 {'abbreviation': None, 'name': 'Road', 'summary': '7-8', 'type': 'road'}
 {'abbreviation': None, 'name': 'vs. Conf.', 'summary': '11-7', 'type': 'vsconf'}]",2,ACC,STAN,CLEM,8c1515,f56600,ffffff,ffffff,STAN,8c1515,ffffff,CLEM,f56600,ffffff,https://raw.githubusercontent.com/sportsdataverse/wehoop-wbb-raw/main/wbb/json/final/401819602.json,2026-03-01T19:00Z,TRUE,,
401819735,2026-03-01T17:00Z,Duke,UNC,Away,L,69,74,https://a.espncdn.com/i/teamlogos/ncaa/500/150.png,https://a.espncdn.com/i/teamlogos/ncaa/500/153.png,12,21,2,2,,,TRUE,1,,STATUS_FINAL,2,TRUE,21,"[{'abbreviation': 'Game', 'name': 'overall', 'summary': '25-6', 'type': 'total'}
 {'abbreviation': None, 'name': 'Home', 'summary': '13-2', 'type': 'home'}
 {'abbreviation': None, 'name': 'Road', 'summary': '8-3', 'type': 'road'}
 {'abbreviation': None, 'name': 'vs. Conf.', 'summary': '14-4', 'type': 'vsconf'}]",2,FALSE,12,"[{'abbreviation': 'Game', 'name': 'overall', 'summary': '21-8', 'type': 'total'}
 {'abbreviation': None, 'name': 'Home', 'summary': '12-1', 'type': 'home'}
 {'abbreviation': None, 'name': 'Road', 'summary': '9-3', 'type': 'road'}
 {'abbreviation': None, 'name': 'vs. Conf.', 'summary': '16-2', 'type': 'vsconf'}]",2,ACC,DUKE,UNC,00539b,7bafd4,ffffff,13294b,UNC,7bafd4,13294b,DUKE,00539b,ffffff,https://raw.githubusercontent.com/sportsdataverse/wehoop-wbb-raw/main/wbb/json/final/401819735.json,2026-03-01T17:00Z,TRUE,,
401819735,2026-03-01T17:00Z,UNC,Duke,Home,W,74,69,https://a.espncdn.com/i/teamlogos/ncaa/500/153.png,https://a.espncdn.com/i/teamlogos/ncaa/500/150.png,21,12,2,2,,,TRUE,1,,STATUS_FINAL,2,TRUE,21,"[{'abbreviation': 'Game', 'name': 'overall', 'summary': '25-6', 'type': 'total'}
 {'abbreviation': None, 'name': 'Home', 'summary': '13-2', 'type': 'home'}
 {'abbreviation': None, 'name': 'Road', 'summary': '8-3', 'type': 'road'}
 {'abbreviation': None, 'name': 'vs. Conf.', 'summary': '14-4', 'type': 'vsconf'}]",2,FALSE,12,"[{'abbreviation': 'Game', 'name': 'overall', 'summary': '21-8', 'type': 'total'}
 {'abbreviation': None, 'name': 'Home', 'summary': '12-1', 'type': 'home'}
 {'abbreviation': None, 'name': 'Road', 'summary': '9-3', 'type': 'road'}
 {'abbreviation': None, 'name': 'vs. Conf.', 'summary': '16-2', 'type': 'vsconf'}]",2,ACC,UNC,DUKE,7bafd4,00539b,13294b,ffffff,UNC,7bafd4,13294b,DUKE,00539b,ffffff,https://raw.githubusercontent.com/sportsdataverse/wehoop-wbb-raw/main/wbb/json/final/401819735.json,2026-03-01T17:00Z,TRUE,,
401825377,2026-03-01T17:00Z,Ohio State,Michigan State,Away,W,87,68,https://a.espncdn.com/i/teamlogos/ncaa/500/194.png,https://a.espncdn.com/i/teamlogos/ncaa/500/127.png,13,15,7,7,,,TRUE,1,,STATUS_FINAL,7,FALSE,15,"[{'abbreviation': 'Game', 'name': 'overall', 'summary': '22-7', 'type': 'total'}
 {'abbreviation': None, 'name': 'Home', 'summary': '11-4', 'type': 'home'}
 {'abbreviation': None, 'name': 'Road', 'summary': '7-3', 'type': 'road'}
 {'abbreviation': None, 'name': 'vs. Conf.', 'summary': '11-7', 'type': 'vsconf'}]",7,TRUE,13,"[{'abbreviation': 'Game', 'name': 'overall', 'summary': '24-6', 'type': 'total'}
 {'abbreviation': None, 'name': 'Home', 'summary': '14-3', 'type': 'home'}
 {'abbreviation': None, 'name': 'Road', 'summary': '7-3', 'type': 'road'}
 {'abbreviation': None, 'name': 'vs. Conf.', 'summary': '13-5', 'type': 'vsconf'}]",7,Big Ten,OSU,MSU,ba0c2f,173f35,a8adb4,ffffff,MSU,173f35,ffffff,OSU,ba0c2f,a8adb4,https://raw.githubusercontent.com/sportsdataverse/wehoop-wbb-raw/main/wbb/json/final/401825377.json,2026-03-01T17:00Z,TRUE,,
401819740,2026-03-01T17:00Z,Virginia,Virginia Tech,Home,L,82,83,https://a.espncdn.com/i/teamlogos/ncaa/500/258.png,https://a.espncdn.com/i/teamlogos/ncaa/500/259.png,99,99,2,2,,,TRUE,1,,STATUS_FINAL,2,FALSE,99,"[{'abbreviation': 'Game', 'name': 'overall', 'summary': '19-10', 'type': 'total'}
 {'abbreviation': None, 'name': 'Home', 'summary': '12-5', 'type': 'home'}
 {'abbreviation': None, 'name': 'Road', 'summary': '6-4', 'type': 'road'}
 {'abbreviation': None, 'name': 'vs. Conf.', 'summary': '11-7', 'type': 'vsconf'}]",2,TRUE,99,"[{'abbreviation': 'Game', 'name': 'overall', 'summary': '22-8', 'type': 'total'}
 {'abbreviation': None, 'name': 'Home', 'summary': '14-4', 'type': 'home'}
 {'abbreviation': None, 'name': 'Road', 'summary': '7-3', 'type': 'road'}
 {'abbreviation': None, 'name': 'vs. Conf.', 'summary': '12-6', 'type': 'vsconf'}]",2,ACC,UVA,VT,f84c1e,6a2c3e,232d4b,cf4520,UVA,f84c1e,232d4b,VT,6a2c3e,cf4520,https://raw.githubusercontent.com/sportsdataverse/wehoop-wbb-raw/main/wbb/json/final/401819740.json,2026-03-01T17:00Z,TRUE,,
401807654,2026-03-01T17:00Z,Alabama,Texas,Home,L,65,72,https://a.espncdn.com/i/teamlogos/ncaa/500/333.png,https://a.espncdn.com/i/teamlogos/ncaa/500/251.png,24,4,23,23,,,TRUE,1,,STATUS_FINAL,23,FALSE,24,"[{'abbreviation': 'Game', 'name': 'overall', 'summary': '21-9', 'type': 'total'}
 {'abbreviation': None, 'name': 'Home', 'summary': '16-4', 'type': 'home'}
 {'abbreviation': None, 'name': 'Road', 'summary': '3-5', 'type': 'road'}
 {'abbreviation': None, 'name': 'vs. Conf.', 'summary': '7-9', 'type': 'vsconf'}]",23,TRUE,4,"[{'abbreviation': 'Game', 'name': 'overall', 'summary': '28-3', 'type': 'total'}
 {'abbreviation': None, 'name': 'Home', 'summary': '18-0', 'type': 'home'}
 {'abbreviation': None, 'name': 'Road', 'summary': '7-3', 'type': 'road'}
 {'abbreviation': None, 'name': 'vs. Conf.', 'summary': '13-3', 'type': 'vsconf'}]",23,SEC,ALA,TEX,9e1b32,af5c37,ffffff,ffffff,ALA,9e1b32,ffffff,TEX,af5c37,ffffff,https://raw.githubusercontent.com/sportsdataverse/wehoop-wbb-raw/main/wbb/json/final/401807654.json,2026-03-01T17:00Z,TRUE,,
401825377,2026-03-01T17:00Z,Michigan State,Ohio State,Home,L,68,87,https://a.espncdn.com/i/teamlogos/ncaa/500/127.png,https://a.espncdn.com/i/teamlogos/ncaa/500/194.png,15,13,7,7,,,TRUE,1,,STATUS_FINAL,7,FALSE,15,"[{'abbreviation': 'Game', 'name': 'overall', 'summary': '22-7', 'type': 'total'}
 {'abbreviation': None, 'name': 'Home', 'summary': '11-4', 'type': 'home'}
 {'abbreviation': None, 'name': 'Road', 'summary': '7-3', 'type': 'road'}
 {'abbreviation': None, 'name': 'vs. Conf.', 'summary': '11-7', 'type': 'vsconf'}]",7,TRUE,13,"[{'abbreviation': 'Game', 'name': 'overall', 'summary': '24-6', 'type': 'total'}
 {'abbreviation': None, 'name': 'Home', 'summary': '14-3', 'type': 'home'}
 {'abbreviation': None, 'name': 'Road', 'summary': '7-3', 'type': 'road'}
 {'abbreviation': None, 'name': 'vs. Conf.', 'summary': '13-5', 'type': 'vsconf'}]",7,Big Ten,MSU,OSU,173f35,ba0c2f,ffffff,a8adb4,MSU,173f35,ffffff,OSU,ba0c2f,a8adb4,https://raw.githubusercontent.com/sportsdataverse/wehoop-wbb-raw/main/wbb/json/final/401825377.json,2026-03-01T17:00Z,TRUE,,
401807654,2026-03-01T17:00Z,Texas,Alabama,Away,W,72,65,https://a.espncdn.com/i/teamlogos/ncaa/500/251.png,https://a.espncdn.com/i/teamlogos/ncaa/500/333.png,4,24,23,23,,,TRUE,1,,STATUS_FINAL,23,FALSE,24,"[{'abbreviation': 'Game', 'name': 'overall', 'summary': '21-9', 'type': 'total'}
 {'abbreviation': None, 'name': 'Home', 'summary': '16-4', 'type': 'home'}
 {'abbreviation': None, 'name': 'Road', 'summary': '3-5', 'type': 'road'}
 {'abbreviation': None, 'name': 'vs. Conf.', 'summary': '7-9', 'type': 'vsconf'}]",23,TRUE,4,"[{'abbreviation': 'Game', 'name': 'overall', 'summary': '28-3', 'type': 'total'}
 {'abbreviation': None, 'name': 'Home', 'summary': '18-0', 'type': 'home'}
 {'abbreviation': None, 'name': 'Road', 'summary': '7-3', 'type': 'road'}
 {'abbreviation': None, 'name': 'vs. Conf.', 'summary': '13-3', 'type': 'vsconf'}]",23,SEC,TEX,ALA,af5c37,9e1b32,ffffff,ffffff,ALA,9e1b32,ffffff,TEX,af5c37,ffffff,https://raw.githubusercontent.com/sportsdataverse/wehoop-wbb-raw/main/wbb/json/final/401807654.json,2026-03-01T17:00Z,TRUE,,
401819740,2026-03-01T17:00Z,Virginia Tech,Virginia,Away,W,83,82,https://a.espncdn.com/i/teamlogos/ncaa/500/259.png,https://a.espncdn.com/i/teamlogos/ncaa/500/258.png,99,99,2,2,,,TRUE,1,,STATUS_FINAL,2,FALSE,99,"[{'abbreviation': 'Game', 'name': 'overall', 'summary': '19-10', 'type': 'total'}
 {'abbreviation': None, 'name': 'Home', 'summary': '12-5', 'type': 'home'}
 {'abbreviation': None, 'name': 'Road', 'summary': '6-4', 'type': 'road'}
 {'abbreviation': None, 'name': 'vs. Conf.', 'summary': '11-7', 'type': 'vsconf'}]",2,TRUE,99,"[{'abbreviation': 'Game', 'name': 'overall', 'summary': '22-8', 'type': 'total'}
 {'abbreviation': None, 'name': 'Home', 'summary': '14-4', 'type': 'home'}
 {'abbreviation': None, 'name': 'Road', 'summary': '7-3', 'type': 'road'}
 {'abbreviation': None, 'name': 'vs. Conf.', 'summary': '12-6', 'type': 'vsconf'}]",2,ACC,VT,UVA,6a2c3e,f84c1e,cf4520,232d4b,UVA,f84c1e,232d4b,VT,6a2c3e,cf4520,https://raw.githubusercontent.com/sportsdataverse/wehoop-wbb-raw/main/wbb/json/final/401819740.json,2026-03-01T17:00Z,TRUE,,
401813824,2026-03-01T00:00Z,Fairfield,Sacred Heart,Home,W,67,50,https://a.espncdn.com/i/teamlogos/ncaa/500/2217.png,https://a.espncdn.com/i/teamlogos/ncaa/500/2529.png,99,99,13,13,,,TRUE,1,,STATUS_FINAL,13,TRUE,99,"[{'abbreviation': 'Game', 'name': 'overall', 'summary': '25-4', 'type': 'total'}
 {'abbreviation': None, 'name': 'Home', 'summary': '12-1', 'type': 'home'}
 {'abbreviation': None, 'name': 'Road', 'summary': '12-2', 'type': 'road'}
 {'abbreviation': None, 'name': 'vs. Conf.', 'summary': '19-1', 'type': 'vsconf'}]",13,FALSE,99,"[{'abbreviation': 'Game', 'name': 'overall', 'summary': '12-17', 'type': 'total'}
 {'abbreviation': None, 'name': 'Home', 'summary': '7-7', 'type': 'home'}
 {'abbreviation': None, 'name': 'Road', 'summary': '5-10', 'type': 'road'}
 {'abbreviation': None, 'name': 'vs. Conf.', 'summary': '10-10', 'type': 'vsconf'}]",13,MAAC,FAIR,SHU,0,a40012,ebebeb,c29472,FAIR,0,ebebeb,SHU,a40012,c29472,https://raw.githubusercontent.com/sportsdataverse/wehoop-wbb-raw/main/wbb/json/final/401813824.json,2026-03-01T00:00Z,TRUE,,
401824086,2026-02-28T23:00Z,Princeton,Harvard,Away,W,62,49,https://a.espncdn.com/i/teamlogos/ncaa/500/163.png,https://a.espncdn.com/i/teamlogos/ncaa/500/108.png,25,99,12,12,,,TRUE,1,,STATUS_FINAL,12,FALSE,99,"[{'abbreviation': 'Game', 'name': 'overall', 'summary': '16-10', 'type': 'total'}
 {'abbreviation': None, 'name': 'Home', 'summary': '9-3', 'type': 'home'}
 {'abbreviation': None, 'name': 'Road', 'summary': '6-5', 'type': 'road'}
 {'abbreviation': None, 'name': 'vs. Conf.', 'summary': '9-4', 'type': 'vsconf'}]",12,TRUE,25,"[{'abbreviation': 'Game', 'name': 'overall', 'summary': '23-3', 'type': 'total'}
 {'abbreviation': None, 'name': 'Home', 'summary': '10-1', 'type': 'home'}
 {'abbreviation': None, 'name': 'Road', 'summary': '11-2', 'type': 'road'}
 {'abbreviation': None, 'name': 'vs. Conf.', 'summary': '11-2', 'type': 'vsconf'}]",12,Ivy,PRIN,HARV,0,990000,ff6000,dbdbdb,HARV,990000,dbdbdb,PRIN,0,ff6000,https://raw.githubusercontent.com/sportsdataverse/wehoop-wbb-raw/main/wbb/json/final/401824086.json,2026-02-28T23:00Z,TRUE,,
401827426,2026-02-28T23:00Z,Oklahoma State,Kansas,Home,W,70,56,https://a.espncdn.com/i/teamlogos/ncaa/500/197.png,https://a.espncdn.com/i/teamlogos/ncaa/500/2305.png,99,99,8,8,,,TRUE,1,,STATUS_FINAL,8,TRUE,99,"[{'abbreviation': 'Game', 'name': 'overall', 'summary': '23-8', 'type': 'total'}
 {'abbreviation': None, 'name': 'Home', 'summary': '16-1', 'type': 'home'}
 {'abbreviation': None, 'name': 'Road', 'summary': '5-6', 'type': 'road'}
 {'abbreviation': None, 'name': 'vs. Conf.', 'summary': '12-6', 'type': 'vsconf'}]",8,FALSE,99,"[{'abbreviation': 'Game', 'name': 'overall', 'summary': '18-12', 'type': 'total'}
 {'abbreviation': None, 'name': 'Home', 'summary': '12-4', 'type': 'home'}
 {'abbreviation': None, 'name': 'Road', 'summary': '5-6', 'type': 'road'}
 {'abbreviation': None, 'name': 'vs. Conf.', 'summary': '8-10', 'type': 'vsconf'}]",8,Big 12,OKST,KU,fe5c00,0051ba,0,e8000d,OKST,fe5c00,0,KU,0051ba,e8000d,https://raw.githubusercontent.com/sportsdataverse/wehoop-wbb-raw/main/wbb/json/final/401827426.json,2026-02-28T23:00Z,TRUE,,
401827425,2026-02-28T21:00Z,Colorado,BYU,Away,L,62,75,https://a.espncdn.com/i/teamlogos/ncaa/500/38.png,https://a.espncdn.com/i/teamlogos/ncaa/500/252.png,99,99,8,8,,,TRUE,1,,STATUS_FINAL,8,TRUE,99,"[{'abbreviation': 'Game', 'name': 'overall', 'summary': '20-10', 'type': 'total'}
 {'abbreviation': None, 'name': 'Home', 'summary': '13-4', 'type': 'home'}
 {'abbreviation': None, 'name': 'Road', 'summary': '6-5', 'type': 'road'}
 {'abbreviation': None, 'name': 'vs. Conf.', 'summary': '9-9', 'type': 'vsconf'}]",8,FALSE,99,"[{'abbreviation': 'Game', 'name': 'overall', 'summary': '20-10', 'type': 'total'}
 {'abbreviation': None, 'name': 'Home', 'summary': '14-3', 'type': 'home'}
 {'abbreviation': None, 'name': 'Road', 'summary': '4-6', 'type': 'road'}
 {'abbreviation': None, 'name': 'vs. Conf.', 'summary': '11-7', 'type': 'vsconf'}]",8,Big 12,COLO,BYU,cfb87c,0047ba,0,002e5d,BYU,0047ba,002e5d,COLO,cfb87c,0,https://raw.githubusercontent.com/sportsdataverse/wehoop-wbb-raw/main/wbb/json/final/401827425.json,2026-02-28T21:00Z,TRUE,,
401829158,2026-02-28T19:30Z,Rhode Island,George Washington,Home,W,72,48,https://a.espncdn.com/i/teamlogos/ncaa/500/227.png,https://a.espncdn.com/i/teamlogos/ncaa/500/45.png,99,99,3,3,,,TRUE,1,,STATUS_FINAL,3,TRUE,99,"[{'abbreviation': 'Game', 'name': 'overall', 'summary': '25-4', 'type': 'total'}
 {'abbreviation': None, 'name': 'Home', 'summary': '14-1', 'type': 'home'}
 {'abbreviation': None, 'name': 'Road', 'summary': '11-3', 'type': 'road'}
 {'abbreviation': None, 'name': 'vs. Conf.', 'summary': '16-2', 'type': 'vsconf'}]",3,FALSE,99,"[{'abbreviation': 'Game', 'name': 'overall', 'summary': '15-16', 'type': 'total'}
 {'abbreviation': None, 'name': 'Home', 'summary': '11-5', 'type': 'home'}
 {'abbreviation': None, 'name': 'Road', 'summary': '3-10', 'type': 'road'}
 {'abbreviation': None, 'name': 'vs. Conf.', 'summary': '7-11', 'type': 'vsconf'}]",3,A-10,URI,GW,091f3f,2843,5ab3e8,e8d2a1,URI,091f3f,5ab3e8,GW,2843,e8d2a1,https://raw.githubusercontent.com/sportsdataverse/wehoop-wbb-raw/main/wbb/json/final/401829158.json,2026-02-28T19:30Z,TRUE,,
401825372,2026-02-28T19:30Z,Maryland,Michigan,Away,L,69,87,https://a.espncdn.com/i/teamlogos/ncaa/500/120.png,https://a.espncdn.com/i/teamlogos/ncaa/500/130.png,14,8,7,7,,,TRUE,1,,STATUS_FINAL,7,TRUE,8,"[{'abbreviation': 'Game', 'name': 'overall', 'summary': '24-5', 'type': 'total'}
 {'abbreviation': None, 'name': 'Home', 'summary': '14-1', 'type': 'home'}
 {'abbreviation': None, 'name': 'Road', 'summary': '8-2', 'type': 'road'}
 {'abbreviation': None, 'name': 'vs. Conf.', 'summary': '15-3', 'type': 'vsconf'}]",7,FALSE,14,"[{'abbreviation': 'Game', 'name': 'overall', 'summary': '23-7', 'type': 'total'}
 {'abbreviation': None, 'name': 'Home', 'summary': '15-4', 'type': 'home'}
 {'abbreviation': None, 'name': 'Road', 'summary': '6-3', 'type': 'road'}
 {'abbreviation': None, 'name': 'vs. Conf.', 'summary': '11-7', 'type': 'vsconf'}]",7,Big Ten,MD,MICH,ce1126,00274c,ffffff,ffcb05,MICH,00274c,ffcb05,MD,ce1126,ffffff,https://raw.githubusercontent.com/sportsdataverse/wehoop-wbb-raw/main/wbb/json/final/401825372.json,2026-02-28T19:30Z,TRUE,,
401825372,2026-02-28T19:30Z,Michigan,Maryland,Home,W,87,69,https://a.espncdn.com/i/teamlogos/ncaa/500/130.png,https://a.espncdn.com/i/teamlogos/ncaa/500/120.png,8,14,7,7,,,TRUE,1,,STATUS_FINAL,7,TRUE,8,"[{'abbreviation': 'Game', 'name': 'overall', 'summary': '24-5', 'type': 'total'}
 {'abbreviation': None, 'name': 'Home', 'summary': '14-1', 'type': 'home'}
 {'abbreviation': None, 'name': 'Road', 'summary': '8-2', 'type': 'road'}
 {'abbreviation': None, 'name': 'vs. Conf.', 'summary': '15-3', 'type': 'vsconf'}]",7,FALSE,14,"[{'abbreviation': 'Game', 'name': 'overall', 'summary': '23-7', 'type': 'total'}
 {'abbreviation': None, 'name': 'Home', 'summary': '15-4', 'type': 'home'}
 {'abbreviation': None, 'name': 'Road', 'summary': '6-3', 'type': 'road'}
 {'abbreviation': None, 'name': 'vs. Conf.', 'summary': '11-7', 'type': 'vsconf'}]",7,Big Ten,MICH,MD,00274c,ce1126,ffcb05,ffffff,MICH,00274c,ffcb05,MD,ce1126,ffffff,https://raw.githubusercontent.com/sportsdataverse/wehoop-wbb-raw/main/wbb/json/final/401825372.json,2026-02-28T19:30Z,TRUE,,
401829160,2026-02-28T19:00Z,Richmond,Saint Joseph's,Away,W,72,61,https://a.espncdn.com/i/teamlogos/ncaa/500/257.png,https://a.espncdn.com/i/teamlogos/ncaa/500/2603.png,99,99,3,3,,,TRUE,1,,STATUS_FINAL,3,FALSE,99,"[{'abbreviation': 'Game', 'name': 'overall', 'summary': '19-10', 'type': 'total'}
 {'abbreviation': None, 'name': 'Home', 'summary': '11-5', 'type': 'home'}
 {'abbreviation': None, 'name': 'Road', 'summary': '8-5', 'type': 'road'}
 {'abbreviation': None, 'name': 'vs. Conf.', 'summary': '10-8', 'type': 'vsconf'}]",3,TRUE,99,"[{'abbreviation': 'Game', 'name': 'overall', 'summary': '25-6', 'type': 'total'}
 {'abbreviation': None, 'name': 'Home', 'summary': '13-1', 'type': 'home'}
 {'abbreviation': None, 'name': 'Road', 'summary': '9-4', 'type': 'road'}
 {'abbreviation': None, 'name': 'vs. Conf.', 'summary': '15-3', 'type': 'vsconf'}]",3,A-10,RICH,JOES,9e0712,9e1b32,b90b2e,6c6f70,JOES,9e1b32,6c6f70,RICH,9e0712,b90b2e,https://raw.githubusercontent.com/sportsdataverse/wehoop-wbb-raw/main/wbb/json/final/401829160.json,2026-02-28T19:00Z,TRUE,,
401825374,2026-02-28T19:00Z,Nebraska,Rutgers,Home,W,93,52,https://a.espncdn.com/i/teamlogos/ncaa/500/158.png,https://a.espncdn.com/i/teamlogos/ncaa/500/164.png,99,99,7,7,,,TRUE,1,,STATUS_FINAL,7,TRUE,99,"[{'abbreviation': 'Game', 'name': 'overall', 'summary': '18-11', 'type': 'total'}
 {'abbreviation': None, 'name': 'Home', 'summary': '13-4', 'type': 'home'}
 {'abbreviation': None, 'name': 'Road', 'summary': '2-7', 'type': 'road'}
 {'abbreviation': None, 'name': 'vs. Conf.', 'summary': '7-11', 'type': 'vsconf'}]",7,FALSE,99,"[{'abbreviation': 'Game', 'name': 'overall', 'summary': '9-20', 'type': 'total'}
 {'abbreviation': None, 'name': 'Home', 'summary': '8-10', 'type': 'home'}
 {'abbreviation': None, 'name': 'Road', 'summary': '1-10', 'type': 'road'}
 {'abbreviation': None, 'name': 'vs. Conf.', 'summary': '1-17', 'type': 'vsconf'}]",7,Big Ten,NEB,RUTG,e31937,ce0e2d,ffffff,ffffff,NEB,e31937,ffffff,RUTG,ce0e2d,ffffff,https://raw.githubusercontent.com/sportsdataverse/wehoop-wbb-raw/main/wbb/json/final/401825374.json,2026-02-28T19:00Z,TRUE,,
401828315,2026-02-27T23:00Z,Princeton,Dartmouth,Away,W,97,47,https://a.espncdn.com/i/teamlogos/ncaa/500/163.png,https://a.espncdn.com/i/teamlogos/ncaa/500/159.png,25,99,12,12,,,TRUE,1,,STATUS_FINAL,12,FALSE,99,"[{'abbreviation': 'Game', 'name': 'overall', 'summary': '10-15', 'type': 'total'}
 {'abbreviation': None, 'name': 'Home', 'summary': '6-6', 'type': 'home'}
 {'abbreviation': None, 'name': 'Road', 'summary': '4-9', 'type': 'road'}
 {'abbreviation': None, 'name': 'vs. Conf.', 'summary': '1-11', 'type': 'vsconf'}]",12,TRUE,25,"[{'abbreviation': 'Game', 'name': 'overall', 'summary': '22-3', 'type': 'total'}
 {'abbreviation': None, 'name': 'Home', 'summary': '10-1', 'type': 'home'}
 {'abbreviation': None, 'name': 'Road', 'summary': '10-2', 'type': 'road'}
 {'abbreviation': None, 'name': 'vs. Conf.', 'summary': '10-2', 'type': 'vsconf'}]",12,Ivy,PRIN,DART,0,5730,ff6000,0,DART,5730,0,PRIN,0,ff6000,https://raw.githubusercontent.com/sportsdataverse/wehoop-wbb-raw/main/wbb/json/final/401828315.json,2026-02-27T23:00Z,TRUE,,
401808780,2026-02-27T22:00Z,James Madison,Coastal Carolina,Home,W,72,56,https://a.espncdn.com/i/teamlogos/ncaa/500/256.png,https://a.espncdn.com/i/teamlogos/ncaa/500/324.png,99,99,27,27,,,TRUE,1,,STATUS_FINAL,27,TRUE,99,"[{'abbreviation': 'Game', 'name': 'overall', 'summary': '23-8', 'type': 'total'}
 {'abbreviation': None, 'name': 'Home', 'summary': '14-3', 'type': 'home'}
 {'abbreviation': None, 'name': 'Road', 'summary': '7-5', 'type': 'road'}
 {'abbreviation': None, 'name': 'vs. Conf.', 'summary': '14-4', 'type': 'vsconf'}]",27,FALSE,99,"[{'abbreviation': 'Game', 'name': 'overall', 'summary': '14-17', 'type': 'total'}
 {'abbreviation': None, 'name': 'Home', 'summary': '9-7', 'type': 'home'}
 {'abbreviation': None, 'name': 'Road', 'summary': '5-10', 'type': 'road'}
 {'abbreviation': None, 'name': 'vs. Conf.', 'summary': '7-11', 'type': 'vsconf'}]",27,Sun Belt,JMU,CCU,450084,006f71,cbb677,a27752,JMU,450084,cbb677,CCU,006f71,a27752,https://raw.githubusercontent.com/sportsdataverse/wehoop-wbb-raw/main/wbb/json/final/401808780.json,2026-02-27T22:00Z,TRUE,,
401807646,2026-02-27T03:00Z,Texas,Georgia,Home,W,79,50,https://a.espncdn.com/i/teamlogos/ncaa/500/251.png,https://a.espncdn.com/i/teamlogos/ncaa/500/61.png,4,23,23,23,,,TRUE,1,,STATUS_FINAL,23,TRUE,4,"[{'abbreviation': 'Game', 'name': 'overall', 'summary': '27-3', 'type': 'total'}
 {'abbreviation': None, 'name': 'Home', 'summary': '18-0', 'type': 'home'}
 {'abbreviation': None, 'name': 'Road', 'summary': '6-3', 'type': 'road'}
 {'abbreviation': None, 'name': 'vs. Conf.', 'summary': '12-3', 'type': 'vsconf'}]",23,FALSE,23,"[{'abbreviation': 'Game', 'name': 'overall', 'summary': '21-8', 'type': 'total'}
 {'abbreviation': None, 'name': 'Home', 'summary': '11-4', 'type': 'home'}
 {'abbreviation': None, 'name': 'Road', 'summary': '6-4', 'type': 'road'}
 {'abbreviation': None, 'name': 'vs. Conf.', 'summary': '7-8', 'type': 'vsconf'}]",23,SEC,TEX,UGA,af5c37,ba0c2f,ffffff,2c2a29,TEX,af5c37,ffffff,UGA,ba0c2f,2c2a29,https://raw.githubusercontent.com/sportsdataverse/wehoop-wbb-raw/main/wbb/json/final/401807646.json,2026-02-27T03:00Z,TRUE,,
401807646,2026-02-27T03:00Z,Georgia,Texas,Away,L,50,79,https://a.espncdn.com/i/teamlogos/ncaa/500/61.png,https://a.espncdn.com/i/teamlogos/ncaa/500/251.png,23,4,23,23,,,TRUE,1,,STATUS_FINAL,23,TRUE,4,"[{'abbreviation': 'Game', 'name': 'overall', 'summary': '27-3', 'type': 'total'}
 {'abbreviation': None, 'name': 'Home', 'summary': '18-0', 'type': 'home'}
 {'abbreviation': None, 'name': 'Road', 'summary': '6-3', 'type': 'road'}
 {'abbreviation': None, 'name': 'vs. Conf.', 'summary': '12-3', 'type': 'vsconf'}]",23,FALSE,23,"[{'abbreviation': 'Game', 'name': 'overall', 'summary': '21-8', 'type': 'total'}
 {'abbreviation': None, 'name': 'Home', 'summary': '11-4', 'type': 'home'}
 {'abbreviation': None, 'name': 'Road', 'summary': '6-4', 'type': 'road'}
 {'abbreviation': None, 'name': 'vs. Conf.', 'summary': '7-8', 'type': 'vsconf'}]",23,SEC,UGA,TEX,ba0c2f,af5c37,2c2a29,ffffff,TEX,af5c37,ffffff,UGA,ba0c2f,2c2a29,https://raw.githubusercontent.com/sportsdataverse/wehoop-wbb-raw/main/wbb/json/final/401807646.json,2026-02-27T03:00Z,TRUE,,
401819601,2026-02-27T03:00Z,Clemson,California,Away,W,70,63,https://a.espncdn.com/i/teamlogos/ncaa/500/228.png,https://a.espncdn.com/i/teamlogos/ncaa/500/25.png,99,99,2,2,,,TRUE,1,,STATUS_FINAL,2,FALSE,99,"[{'abbreviation': 'Game', 'name': 'overall', 'summary': '17-13', 'type': 'total'}
 {'abbreviation': None, 'name': 'Home', 'summary': '12-4', 'type': 'home'}
 {'abbreviation': None, 'name': 'Road', 'summary': '4-6', 'type': 'road'}
 {'abbreviation': None, 'name': 'vs. Conf.', 'summary': '8-9', 'type': 'vsconf'}]",2,TRUE,99,"[{'abbreviation': 'Game', 'name': 'overall', 'summary': '20-9', 'type': 'total'}
 {'abbreviation': None, 'name': 'Home', 'summary': '12-1', 'type': 'home'}
 {'abbreviation': None, 'name': 'Road', 'summary': '7-7', 'type': 'road'}
 {'abbreviation': None, 'name': 'vs. Conf.', 'summary': '11-6', 'type': 'vsconf'}]",2,ACC,CLEM,CAL,f56600,4.10E+43,ffffff,ffc72c,CAL,4.10E+43,ffc72c,CLEM,f56600,ffffff,https://raw.githubusercontent.com/sportsdataverse/wehoop-wbb-raw/main/wbb/json/final/401819601.json,2026-02-27T03:00Z,TRUE,,
401819629,2026-02-27T03:00Z,Stanford,SMU,Home,W,87,57,https://a.espncdn.com/i/teamlogos/ncaa/500/24.png,https://a.espncdn.com/i/teamlogos/ncaa/500/2567.png,99,99,2,2,,,TRUE,1,,STATUS_FINAL,2,TRUE,99,"[{'abbreviation': 'Game', 'name': 'overall', 'summary': '18-12', 'type': 'total'}
 {'abbreviation': None, 'name': 'Home', 'summary': '10-6', 'type': 'home'}
 {'abbreviation': None, 'name': 'Road', 'summary': '6-5', 'type': 'road'}
 {'abbreviation': None, 'name': 'vs. Conf.', 'summary': '7-10', 'type': 'vsconf'}]",2,FALSE,99,"[{'abbreviation': 'Game', 'name': 'overall', 'summary': '9-20', 'type': 'total'}
 {'abbreviation': None, 'name': 'Home', 'summary': '6-10', 'type': 'home'}
 {'abbreviation': None, 'name': 'Road', 'summary': '2-9', 'type': 'road'}
 {'abbreviation': None, 'name': 'vs. Conf.', 'summary': '2-15', 'type': 'vsconf'}]",2,ACC,STAN,SMU,8c1515,a80000,ffffff,0033a1,STAN,8c1515,ffffff,SMU,a80000,0033a1,https://raw.githubusercontent.com/sportsdataverse/wehoop-wbb-raw/main/wbb/json/final/401819629.json,2026-02-27T03:00Z,TRUE,,
401825371,2026-02-27T02:00Z,Iowa,Illinois,Home,W,82,78,https://a.espncdn.com/i/teamlogos/ncaa/500/2294.png,https://a.espncdn.com/i/teamlogos/ncaa/500/356.png,9,99,7,7,,,TRUE,1,,STATUS_FINAL,7,TRUE,9,"[{'abbreviation': 'Game', 'name': 'overall', 'summary': '23-5', 'type': 'total'}
 {'abbreviation': None, 'name': 'Home', 'summary': '14-1', 'type': 'home'}
 {'abbreviation': None, 'name': 'Road', 'summary': '7-3', 'type': 'road'}
 {'abbreviation': None, 'name': 'vs. Conf.', 'summary': '14-3', 'type': 'vsconf'}]",7,FALSE,99,"[{'abbreviation': 'Game', 'name': 'overall', 'summary': '19-9', 'type': 'total'}
 {'abbreviation': None, 'name': 'Home', 'summary': '13-3', 'type': 'home'}
 {'abbreviation': None, 'name': 'Road', 'summary': '6-6', 'type': 'road'}
 {'abbreviation': None, 'name': 'vs. Conf.', 'summary': '9-8', 'type': 'vsconf'}]",7,Big Ten,IOWA,ILL,231f20,ff5f05,fcd116,13294b,IOWA,231f20,fcd116,ILL,ff5f05,13294b,https://raw.githubusercontent.com/sportsdataverse/wehoop-wbb-raw/main/wbb/json/final/401825371.json,2026-02-27T02:00Z,TRUE,,
401825371,2026-02-27T02:00Z,Illinois,Iowa,Away,L,78,82,https://a.espncdn.com/i/teamlogos/ncaa/500/356.png,https://a.espncdn.com/i/teamlogos/ncaa/500/2294.png,99,9,7,7,,,TRUE,1,,STATUS_FINAL,7,TRUE,9,"[{'abbreviation': 'Game', 'name': 'overall', 'summary': '23-5', 'type': 'total'}
 {'abbreviation': None, 'name': 'Home', 'summary': '14-1', 'type': 'home'}
 {'abbreviation': None, 'name': 'Road', 'summary': '7-3', 'type': 'road'}
 {'abbreviation': None, 'name': 'vs. Conf.', 'summary': '14-3', 'type': 'vsconf'}]",7,FALSE,99,"[{'abbreviation': 'Game', 'name': 'overall', 'summary': '19-9', 'type': 'total'}
 {'abbreviation': None, 'name': 'Home', 'summary': '13-3', 'type': 'home'}
 {'abbreviation': None, 'name': 'Road', 'summary': '6-6', 'type': 'road'}
 {'abbreviation': None, 'name': 'vs. Conf.', 'summary': '9-8', 'type': 'vsconf'}]",7,Big Ten,ILL,IOWA,ff5f05,231f20,13294b,fcd116,IOWA,231f20,fcd116,ILL,ff5f05,13294b,https://raw.githubusercontent.com/sportsdataverse/wehoop-wbb-raw/main/wbb/json/final/401825371.json,2026-02-27T02:00Z,TRUE,,
401819729,2026-02-27T01:00Z,Duke,Florida State,Home,W,80,52,https://a.espncdn.com/i/teamlogos/ncaa/500/150.png,https://a.espncdn.com/i/teamlogos/ncaa/500/52.png,12,99,2,2,,,TRUE,1,,STATUS_FINAL,2,TRUE,12,"[{'abbreviation': 'Game', 'name': 'overall', 'summary': '21-7', 'type': 'total'}
 {'abbreviation': None, 'name': 'Home', 'summary': '12-1', 'type': 'home'}
 {'abbreviation': None, 'name': 'Road', 'summary': '9-2', 'type': 'road'}
 {'abbreviation': None, 'name': 'vs. Conf.', 'summary': '16-1', 'type': 'vsconf'}]",2,FALSE,99,"[{'abbreviation': 'Game', 'name': 'overall', 'summary': '9-20', 'type': 'total'}
 {'abbreviation': None, 'name': 'Home', 'summary': '6-11', 'type': 'home'}
 {'abbreviation': None, 'name': 'Road', 'summary': '2-8', 'type': 'road'}
 {'abbreviation': None, 'name': 'vs. Conf.', 'summary': '4-13', 'type': 'vsconf'}]",2,ACC,DUKE,FSU,00539b,782f40,ffffff,ceb888,DUKE,00539b,ffffff,FSU,782f40,ceb888,https://raw.githubusercontent.com/sportsdataverse/wehoop-wbb-raw/main/wbb/json/final/401819729.json,2026-02-27T01:00Z,TRUE,,
401807648,2026-02-27T01:00Z,Mississippi State,Texas A&M,Away,L,64,68,https://a.espncdn.com/i/teamlogos/ncaa/500/344.png,https://a.espncdn.com/i/teamlogos/ncaa/500/245.png,99,99,23,23,,,TRUE,1,,STATUS_FINAL,23,TRUE,99,"[{'abbreviation': 'Game', 'name': 'overall', 'summary': '13-11', 'type': 'total'}
 {'abbreviation': None, 'name': 'Home', 'summary': '8-5', 'type': 'home'}
 {'abbreviation': None, 'name': 'Road', 'summary': '3-5', 'type': 'road'}
 {'abbreviation': None, 'name': 'vs. Conf.', 'summary': '6-9', 'type': 'vsconf'}]",23,FALSE,99,"[{'abbreviation': 'Game', 'name': 'overall', 'summary': '18-11', 'type': 'total'}
 {'abbreviation': None, 'name': 'Home', 'summary': '14-4', 'type': 'home'}
 {'abbreviation': None, 'name': 'Road', 'summary': '3-7', 'type': 'road'}
 {'abbreviation': None, 'name': 'vs. Conf.', 'summary': '5-10', 'type': 'vsconf'}]",23,SEC,MSST,TA&M,5d1725,500000,c1c6c8,ffffff,TA&M,500000,ffffff,MSST,5d1725,c1c6c8,https://raw.githubusercontent.com/sportsdataverse/wehoop-wbb-raw/main/wbb/json/final/401807648.json,2026-02-27T01:00Z,TRUE,,
401807645,2026-02-27T01:00Z,South Carolina,Missouri,Home,W,112,71,https://a.espncdn.com/i/teamlogos/ncaa/500/2579.png,https://a.espncdn.com/i/teamlogos/ncaa/500/142.png,3,99,23,23,,,TRUE,1,,STATUS_FINAL,23,TRUE,3,"[{'abbreviation': 'Game', 'name': 'overall', 'summary': '28-2', 'type': 'total'}
 {'abbreviation': None, 'name': 'Home', 'summary': '16-0', 'type': 'home'}
 {'abbreviation': None, 'name': 'Road', 'summary': '10-1', 'type': 'road'}
 {'abbreviation': None, 'name': 'vs. Conf.', 'summary': '14-1', 'type': 'vsconf'}]",23,FALSE,99,"[{'abbreviation': 'Game', 'name': 'overall', 'summary': '16-14', 'type': 'total'}
 {'abbreviation': None, 'name': 'Home', 'summary': '9-7', 'type': 'home'}
 {'abbreviation': None, 'name': 'Road', 'summary': '4-6', 'type': 'road'}
 {'abbreviation': None, 'name': 'vs. Conf.', 'summary': '4-11', 'type': 'vsconf'}]",23,SEC,SC,MIZ,73000a,f1b82d,0,0,SC,73000a,0,MIZ,f1b82d,0,https://raw.githubusercontent.com/sportsdataverse/wehoop-wbb-raw/main/wbb/json/final/401807645.json,2026-02-27T01:00Z,TRUE,,
401807641,2026-02-27T00:30Z,Alabama,Vanderbilt,Away,L,60,85,https://a.espncdn.com/i/teamlogos/ncaa/500/333.png,https://a.espncdn.com/i/teamlogos/ncaa/500/238.png,24,5,23,23,,,TRUE,1,,STATUS_FINAL,23,TRUE,5,"[{'abbreviation': 'Game', 'name': 'overall', 'summary': '26-3', 'type': 'total'}
 {'abbreviation': None, 'name': 'Home', 'summary': '16-0', 'type': 'home'}
 {'abbreviation': None, 'name': 'Road', 'summary': '6-2', 'type': 'road'}
 {'abbreviation': None, 'name': 'vs. Conf.', 'summary': '12-3', 'type': 'vsconf'}]",23,FALSE,24,"[{'abbreviation': 'Game', 'name': 'overall', 'summary': '21-8', 'type': 'total'}
 {'abbreviation': None, 'name': 'Home', 'summary': '16-3', 'type': 'home'}
 {'abbreviation': None, 'name': 'Road', 'summary': '3-5', 'type': 'road'}
 {'abbreviation': None, 'name': 'vs. Conf.', 'summary': '7-8', 'type': 'vsconf'}]",23,SEC,ALA,VAN,9e1b32,0,ffffff,cfae70,VAN,0,cfae70,ALA,9e1b32,ffffff,https://raw.githubusercontent.com/sportsdataverse/wehoop-wbb-raw/main/wbb/json/final/401807641.json,2026-02-27T00:30Z,TRUE,,
401807641,2026-02-27T00:30Z,Vanderbilt,Alabama,Home,W,85,60,https://a.espncdn.com/i/teamlogos/ncaa/500/238.png,https://a.espncdn.com/i/teamlogos/ncaa/500/333.png,5,24,23,23,,,TRUE,1,,STATUS_FINAL,23,TRUE,5,"[{'abbreviation': 'Game', 'name': 'overall', 'summary': '26-3', 'type': 'total'}
 {'abbreviation': None, 'name': 'Home', 'summary': '16-0', 'type': 'home'}
 {'abbreviation': None, 'name': 'Road', 'summary': '6-2', 'type': 'road'}
 {'abbreviation': None, 'name': 'vs. Conf.', 'summary': '12-3', 'type': 'vsconf'}]",23,FALSE,24,"[{'abbreviation': 'Game', 'name': 'overall', 'summary': '21-8', 'type': 'total'}
 {'abbreviation': None, 'name': 'Home', 'summary': '16-3', 'type': 'home'}
 {'abbreviation': None, 'name': 'Road', 'summary': '3-5', 'type': 'road'}
 {'abbreviation': None, 'name': 'vs. Conf.', 'summary': '7-8', 'type': 'vsconf'}]",23,SEC,VAN,ALA,0,9e1b32,cfae70,ffffff,VAN,0,cfae70,ALA,9e1b32,ffffff,https://raw.githubusercontent.com/sportsdataverse/wehoop-wbb-raw/main/wbb/json/final/401807641.json,2026-02-27T00:30Z,TRUE,,
401819733,2026-02-27T00:00Z,Notre Dame,Syracuse,Home,W,72,62,https://a.espncdn.com/i/teamlogos/ncaa/500/87.png,https://a.espncdn.com/i/teamlogos/ncaa/500/183.png,99,99,2,2,,,TRUE,1,,STATUS_FINAL,2,TRUE,99,"[{'abbreviation': 'Game', 'name': 'overall', 'summary': '19-9', 'type': 'total'}
 {'abbreviation': None, 'name': 'Home', 'summary': '14-2', 'type': 'home'}
 {'abbreviation': None, 'name': 'Road', 'summary': '5-6', 'type': 'road'}
 {'abbreviation': None, 'name': 'vs. Conf.', 'summary': '11-6', 'type': 'vsconf'}]",2,FALSE,99,"[{'abbreviation': 'Game', 'name': 'overall', 'summary': '21-7', 'type': 'total'}
 {'abbreviation': None, 'name': 'Home', 'summary': '14-3', 'type': 'home'}
 {'abbreviation': None, 'name': 'Road', 'summary': '6-3', 'type': 'road'}
 {'abbreviation': None, 'name': 'vs. Conf.', 'summary': '11-6', 'type': 'vsconf'}]",2,ACC,ND,SYR,62340,0.00E+00,c99700,ff431b,ND,62340,c99700,SYR,0.00E+00,ff431b,https://raw.githubusercontent.com/sportsdataverse/wehoop-wbb-raw/main/wbb/json/final/401819733.json,2026-02-27T00:00Z,TRUE,,
401819731,2026-02-27T00:00Z,Virginia,UNC,Home,L,70,82,https://a.espncdn.com/i/teamlogos/ncaa/500/258.png,https://a.espncdn.com/i/teamlogos/ncaa/500/153.png,99,21,2,2,,,TRUE,1,,STATUS_FINAL,2,FALSE,99,"[{'abbreviation': 'Game', 'name': 'overall', 'summary': '19-9', 'type': 'total'}
 {'abbreviation': None, 'name': 'Home', 'summary': '12-4', 'type': 'home'}
 {'abbreviation': None, 'name': 'Road', 'summary': '6-4', 'type': 'road'}
 {'abbreviation': None, 'name': 'vs. Conf.', 'summary': '11-6', 'type': 'vsconf'}]",2,TRUE,21,"[{'abbreviation': 'Game', 'name': 'overall', 'summary': '24-6', 'type': 'total'}
 {'abbreviation': None, 'name': 'Home', 'summary': '12-2', 'type': 'home'}
 {'abbreviation': None, 'name': 'Road', 'summary': '8-3', 'type': 'road'}
 {'abbreviation': None, 'name': 'vs. Conf.', 'summary': '13-4', 'type': 'vsconf'}]",2,ACC,UVA,UNC,f84c1e,7bafd4,232d4b,13294b,UVA,f84c1e,232d4b,UNC,7bafd4,13294b,https://raw.githubusercontent.com/sportsdataverse/wehoop-wbb-raw/main/wbb/json/final/401819731.json,2026-02-27T00:00Z,TRUE,,
401807642,2026-02-27T00:00Z,Oklahoma,Arkansas,Home,W,89,44,https://a.espncdn.com/i/teamlogos/ncaa/500/201.png,https://a.espncdn.com/i/teamlogos/ncaa/500/8.png,7,99,23,23,,,TRUE,1,,STATUS_FINAL,23,TRUE,7,"[{'abbreviation': 'Game', 'name': 'overall', 'summary': '22-6', 'type': 'total'}
 {'abbreviation': None, 'name': 'Home', 'summary': '14-2', 'type': 'home'}
 {'abbreviation': None, 'name': 'Road', 'summary': '5-3', 'type': 'road'}
 {'abbreviation': None, 'name': 'vs. Conf.', 'summary': '10-5', 'type': 'vsconf'}]",23,FALSE,99,"[{'abbreviation': 'Game', 'name': 'overall', 'summary': '11-19', 'type': 'total'}
 {'abbreviation': None, 'name': 'Home', 'summary': '8-9', 'type': 'home'}
 {'abbreviation': None, 'name': 'Road', 'summary': '1-10', 'type': 'road'}
 {'abbreviation': None, 'name': 'vs. Conf.', 'summary': '0-15', 'type': 'vsconf'}]",23,SEC,OU,ARK,990000,a32136,ffffff,ffffff,OU,990000,ffffff,ARK,a32136,ffffff,https://raw.githubusercontent.com/sportsdataverse/wehoop-wbb-raw/main/wbb/json/final/401807642.json,2026-02-27T00:00Z,TRUE,,
401825701,2026-02-27T00:00Z,UConn,Georgetown,Home,W,84,52,https://a.espncdn.com/i/teamlogos/ncaa/500/41.png,https://a.espncdn.com/i/teamlogos/ncaa/500/46.png,1,99,4,4,,,TRUE,1,,STATUS_FINAL,4,TRUE,1,"[{'abbreviation': 'Game', 'name': 'overall', 'summary': '30-0', 'type': 'total'}
 {'abbreviation': None, 'name': 'Home', 'summary': '15-0', 'type': 'home'}
 {'abbreviation': None, 'name': 'Road', 'summary': '11-0', 'type': 'road'}
 {'abbreviation': None, 'name': 'vs. Conf.', 'summary': '19-0', 'type': 'vsconf'}]",4,FALSE,99,"[{'abbreviation': 'Game', 'name': 'overall', 'summary': '13-15', 'type': 'total'}
 {'abbreviation': None, 'name': 'Home', 'summary': '8-7', 'type': 'home'}
 {'abbreviation': None, 'name': 'Road', 'summary': '5-8', 'type': 'road'}
 {'abbreviation': None, 'name': 'vs. Conf.', 'summary': '6-13', 'type': 'vsconf'}]",4,Big East,CONN,GTWN,0c2340,1.10E+44,a2aaad,001c58,CONN,0c2340,a2aaad,GTWN,1.10E+44,001c58,https://raw.githubusercontent.com/sportsdataverse/wehoop-wbb-raw/main/wbb/json/final/401825701.json,2026-02-27T00:00Z,TRUE,,
401819576,2026-02-27T00:00Z,NC State,Wake Forest,Home,W,65,56,https://a.espncdn.com/i/teamlogos/ncaa/500/152.png,https://a.espncdn.com/i/teamlogos/ncaa/500/154.png,99,99,2,2,,,TRUE,1,,STATUS_FINAL,2,TRUE,99,"[{'abbreviation': 'Game', 'name': 'overall', 'summary': '19-9', 'type': 'total'}
 {'abbreviation': None, 'name': 'Home', 'summary': '10-4', 'type': 'home'}
 {'abbreviation': None, 'name': 'Road', 'summary': '6-4', 'type': 'road'}
 {'abbreviation': None, 'name': 'vs. Conf.', 'summary': '12-5', 'type': 'vsconf'}]",2,FALSE,99,"[{'abbreviation': 'Game', 'name': 'overall', 'summary': '14-15', 'type': 'total'}
 {'abbreviation': None, 'name': 'Home', 'summary': '8-9', 'type': 'home'}
 {'abbreviation': None, 'name': 'Road', 'summary': '3-6', 'type': 'road'}
 {'abbreviation': None, 'name': 'vs. Conf.', 'summary': '4-13', 'type': 'vsconf'}]",2,ACC,NCSU,WAKE,cc0000,ceb888,ffffff,2c2a29,NCSU,cc0000,ffffff,WAKE,ceb888,2c2a29,https://raw.githubusercontent.com/sportsdataverse/wehoop-wbb-raw/main/wbb/json/final/401819576.json,2026-02-27T00:00Z,TRUE,,
401825699,2026-02-27T00:00Z,Villanova,Seton Hall,Away,W,82,52,https://a.espncdn.com/i/teamlogos/ncaa/500/222.png,https://a.espncdn.com/i/teamlogos/ncaa/500/2550.png,99,99,4,4,,,TRUE,1,,STATUS_FINAL,4,FALSE,99,"[{'abbreviation': 'Game', 'name': 'overall', 'summary': '18-10', 'type': 'total'}
 {'abbreviation': None, 'name': 'Home', 'summary': '10-5', 'type': 'home'}
 {'abbreviation': None, 'name': 'Road', 'summary': '8-5', 'type': 'road'}
 {'abbreviation': None, 'name': 'vs. Conf.', 'summary': '12-7', 'type': 'vsconf'}]",4,TRUE,99,"[{'abbreviation': 'Game', 'name': 'overall', 'summary': '23-6', 'type': 'total'}
 {'abbreviation': None, 'name': 'Home', 'summary': '12-3', 'type': 'home'}
 {'abbreviation': None, 'name': 'Road', 'summary': '10-3', 'type': 'road'}
 {'abbreviation': None, 'name': 'vs. Conf.', 'summary': '16-4', 'type': 'vsconf'}]",4,Big East,VILL,HALL,00205b,0857B1,13b5ea,8a8d8f,HALL,0857B1,8a8d8f,VILL,00205b,13b5ea,https://raw.githubusercontent.com/sportsdataverse/wehoop-wbb-raw/main/wbb/json/final/401825699.json,2026-02-27T00:00Z,TRUE,,
401819731,2026-02-27T00:00Z,UNC,Virginia,Away,W,82,70,https://a.espncdn.com/i/teamlogos/ncaa/500/153.png,https://a.espncdn.com/i/teamlogos/ncaa/500/258.png,21,99,2,2,,,TRUE,1,,STATUS_FINAL,2,FALSE,99,"[{'abbreviation': 'Game', 'name': 'overall', 'summary': '19-9', 'type': 'total'}
 {'abbreviation': None, 'name': 'Home', 'summary': '12-4', 'type': 'home'}
 {'abbreviation': None, 'name': 'Road', 'summary': '6-4', 'type': 'road'}
 {'abbreviation': None, 'name': 'vs. Conf.', 'summary': '11-6', 'type': 'vsconf'}]",2,TRUE,21,"[{'abbreviation': 'Game', 'name': 'overall', 'summary': '24-6', 'type': 'total'}
 {'abbreviation': None, 'name': 'Home', 'summary': '12-2', 'type': 'home'}
 {'abbreviation': None, 'name': 'Road', 'summary': '8-3', 'type': 'road'}
 {'abbreviation': None, 'name': 'vs. Conf.', 'summary': '13-4', 'type': 'vsconf'}]",2,ACC,UNC,UVA,7bafd4,f84c1e,13294b,232d4b,UVA,f84c1e,232d4b,UNC,7bafd4,13294b,https://raw.githubusercontent.com/sportsdataverse/wehoop-wbb-raw/main/wbb/json/final/401819731.json,2026-02-27T00:00Z,TRUE,,
401819733,2026-02-27T00:00Z,Syracuse,Notre Dame,Away,L,62,72,https://a.espncdn.com/i/teamlogos/ncaa/500/183.png,https://a.espncdn.com/i/teamlogos/ncaa/500/87.png,99,99,2,2,,,TRUE,1,,STATUS_FINAL,2,TRUE,99,"[{'abbreviation': 'Game', 'name': 'overall', 'summary': '19-9', 'type': 'total'}
 {'abbreviation': None, 'name': 'Home', 'summary': '14-2', 'type': 'home'}
 {'abbreviation': None, 'name': 'Road', 'summary': '5-6', 'type': 'road'}
 {'abbreviation': None, 'name': 'vs. Conf.', 'summary': '11-6', 'type': 'vsconf'}]",2,FALSE,99,"[{'abbreviation': 'Game', 'name': 'overall', 'summary': '21-7', 'type': 'total'}
 {'abbreviation': None, 'name': 'Home', 'summary': '14-3', 'type': 'home'}
 {'abbreviation': None, 'name': 'Road', 'summary': '6-3', 'type': 'road'}
 {'abbreviation': None, 'name': 'vs. Conf.', 'summary': '11-6', 'type': 'vsconf'}]",2,ACC,SYR,ND,0.00E+00,62340,ff431b,c99700,ND,62340,c99700,SYR,0.00E+00,ff431b,https://raw.githubusercontent.com/sportsdataverse/wehoop-wbb-raw/main/wbb/json/final/401819733.json,2026-02-27T00:00Z,TRUE,,
401807647,2026-02-27T00:00Z,Kentucky,Auburn,Away,W,63,56,https://a.espncdn.com/i/teamlogos/ncaa/500/96.png,https://a.espncdn.com/i/teamlogos/ncaa/500/2.png,16,99,23,23,,,TRUE,1,,STATUS_FINAL,23,FALSE,99,"[{'abbreviation': 'Game', 'name': 'overall', 'summary': '14-15', 'type': 'total'}
 {'abbreviation': None, 'name': 'Home', 'summary': '9-7', 'type': 'home'}
 {'abbreviation': None, 'name': 'Road', 'summary': '3-7', 'type': 'road'}
 {'abbreviation': None, 'name': 'vs. Conf.', 'summary': '3-12', 'type': 'vsconf'}]",23,TRUE,16,"[{'abbreviation': 'Game', 'name': 'overall', 'summary': '21-8', 'type': 'total'}
 {'abbreviation': None, 'name': 'Home', 'summary': '12-2', 'type': 'home'}
 {'abbreviation': None, 'name': 'Road', 'summary': '8-5', 'type': 'road'}
 {'abbreviation': None, 'name': 'vs. Conf.', 'summary': '8-7', 'type': 'vsconf'}]",23,SEC,UK,AUB,0033a0,002b5c,ffffff,f26522,AUB,002b5c,f26522,UK,0033a0,ffffff,https://raw.githubusercontent.com/sportsdataverse/wehoop-wbb-raw/main/wbb/json/final/401807647.json,2026-02-27T00:00Z,TRUE,,
401807644,2026-02-26T23:00Z,Florida,Ole Miss,Neutral,W,74,67,https://a.espncdn.com/i/teamlogos/ncaa/500/57.png,https://a.espncdn.com/i/teamlogos/ncaa/500/145.png,99,19,23,23,,,TRUE,1,,STATUS_FINAL,23,TRUE,99,"[{'abbreviation': 'Game', 'name': 'overall', 'summary': '17-13', 'type': 'total'}
 {'abbreviation': None, 'name': 'Home', 'summary': '12-5', 'type': 'home'}
 {'abbreviation': None, 'name': 'Road', 'summary': '2-8', 'type': 'road'}
 {'abbreviation': None, 'name': 'vs. Conf.', 'summary': '5-10', 'type': 'vsconf'}]",23,FALSE,19,"[{'abbreviation': 'Game', 'name': 'overall', 'summary': '21-9', 'type': 'total'}
 {'abbreviation': None, 'name': 'Home', 'summary': '12-1', 'type': 'home'}
 {'abbreviation': None, 'name': 'Road', 'summary': '4-5', 'type': 'road'}
 {'abbreviation': None, 'name': 'vs. Conf.', 'summary': '8-7', 'type': 'vsconf'}]",23,SEC,FLA,MISS,0021a5,13294b,fa4616,cf142b,FLA,0021a5,fa4616,MISS,13294b,cf142b,https://raw.githubusercontent.com/sportsdataverse/wehoop-wbb-raw/main/wbb/json/final/401807644.json,2026-02-26T23:00Z,TRUE,,
401807644,2026-02-26T23:00Z,Ole Miss,Florida,Neutral,L,67,74,https://a.espncdn.com/i/teamlogos/ncaa/500/145.png,https://a.espncdn.com/i/teamlogos/ncaa/500/57.png,19,99,23,23,,,TRUE,1,,STATUS_FINAL,23,TRUE,99,"[{'abbreviation': 'Game', 'name': 'overall', 'summary': '17-13', 'type': 'total'}
 {'abbreviation': None, 'name': 'Home', 'summary': '12-5', 'type': 'home'}
 {'abbreviation': None, 'name': 'Road', 'summary': '2-8', 'type': 'road'}
 {'abbreviation': None, 'name': 'vs. Conf.', 'summary': '5-10', 'type': 'vsconf'}]",23,FALSE,19,"[{'abbreviation': 'Game', 'name': 'overall', 'summary': '21-9', 'type': 'total'}
 {'abbreviation': None, 'name': 'Home', 'summary': '12-1', 'type': 'home'}
 {'abbreviation': None, 'name': 'Road', 'summary': '4-5', 'type': 'road'}
 {'abbreviation': None, 'name': 'vs. Conf.', 'summary': '8-7', 'type': 'vsconf'}]",23,SEC,MISS,FLA,13294b,0021a5,cf142b,fa4616,FLA,0021a5,fa4616,MISS,13294b,cf142b,https://raw.githubusercontent.com/sportsdataverse/wehoop-wbb-raw/main/wbb/json/final/401807644.json,2026-02-26T23:00Z,TRUE,,
401807643,2026-02-26T23:00Z,Tennessee,LSU,Away,L,73,89,https://a.espncdn.com/i/teamlogos/ncaa/500/2633_ncw.png,https://a.espncdn.com/i/teamlogos/ncaa/500/99.png,99,6,23,23,,,TRUE,1,,STATUS_FINAL,23,TRUE,6,"[{'abbreviation': 'Game', 'name': 'overall', 'summary': '25-4', 'type': 'total'}
 {'abbreviation': None, 'name': 'Home', 'summary': '13-2', 'type': 'home'}
 {'abbreviation': None, 'name': 'Road', 'summary': '9-2', 'type': 'road'}
 {'abbreviation': None, 'name': 'vs. Conf.', 'summary': '11-4', 'type': 'vsconf'}]",23,FALSE,99,"[{'abbreviation': 'Game', 'name': 'overall', 'summary': '16-11', 'type': 'total'}
 {'abbreviation': None, 'name': 'Home', 'summary': '9-3', 'type': 'home'}
 {'abbreviation': None, 'name': 'Road', 'summary': '7-6', 'type': 'road'}
 {'abbreviation': None, 'name': 'vs. Conf.', 'summary': '8-7', 'type': 'vsconf'}]",23,SEC,TENN,LSU,ff8200,461d76,ffffff,fdd023,LSU,461d76,fdd023,TENN,ff8200,ffffff,https://raw.githubusercontent.com/sportsdataverse/wehoop-wbb-raw/main/wbb/json/final/401807643.json,2026-02-26T23:00Z,TRUE,,
401807643,2026-02-26T23:00Z,LSU,Tennessee,Home,W,89,73,https://a.espncdn.com/i/teamlogos/ncaa/500/99.png,https://a.espncdn.com/i/teamlogos/ncaa/500/2633_ncw.png,6,99,23,23,,,TRUE,1,,STATUS_FINAL,23,TRUE,6,"[{'abbreviation': 'Game', 'name': 'overall', 'summary': '25-4', 'type': 'total'}
 {'abbreviation': None, 'name': 'Home', 'summary': '13-2', 'type': 'home'}
 {'abbreviation': None, 'name': 'Road', 'summary': '9-2', 'type': 'road'}
 {'abbreviation': None, 'name': 'vs. Conf.', 'summary': '11-4', 'type': 'vsconf'}]",23,FALSE,99,"[{'abbreviation': 'Game', 'name': 'overall', 'summary': '16-11', 'type': 'total'}
 {'abbreviation': None, 'name': 'Home', 'summary': '9-3', 'type': 'home'}
 {'abbreviation': None, 'name': 'Road', 'summary': '7-6', 'type': 'road'}
 {'abbreviation': None, 'name': 'vs. Conf.', 'summary': '8-7', 'type': 'vsconf'}]",23,SEC,LSU,TENN,461d76,ff8200,fdd023,ffffff,LSU,461d76,fdd023,TENN,ff8200,ffffff,https://raw.githubusercontent.com/sportsdataverse/wehoop-wbb-raw/main/wbb/json/final/401807643.json,2026-02-26T23:00Z,TRUE,,
401819730,2026-02-26T23:00Z,Louisville,Georgia Tech,Away,W,69,50,https://a.espncdn.com/i/teamlogos/ncaa/500/97.png,https://a.espncdn.com/i/teamlogos/ncaa/500/59.png,10,99,2,2,,,TRUE,1,,STATUS_FINAL,2,FALSE,99,"[{'abbreviation': 'Game', 'name': 'overall', 'summary': '12-17', 'type': 'total'}
 {'abbreviation': None, 'name': 'Home', 'summary': '9-6', 'type': 'home'}
 {'abbreviation': None, 'name': 'Road', 'summary': '3-9', 'type': 'road'}
 {'abbreviation': None, 'name': 'vs. Conf.', 'summary': '7-10', 'type': 'vsconf'}]",2,TRUE,10,"[{'abbreviation': 'Game', 'name': 'overall', 'summary': '25-5', 'type': 'total'}
 {'abbreviation': None, 'name': 'Home', 'summary': '14-4', 'type': 'home'}
 {'abbreviation': None, 'name': 'Road', 'summary': '9-0', 'type': 'road'}
 {'abbreviation': None, 'name': 'vs. Conf.', 'summary': '15-2', 'type': 'vsconf'}]",2,ACC,LOU,GT,c9001f,b3a369,ffffff,ffffff,GT,b3a369,ffffff,LOU,c9001f,ffffff,https://raw.githubusercontent.com/sportsdataverse/wehoop-wbb-raw/main/wbb/json/final/401819730.json,2026-02-26T23:00Z,TRUE,,
401825367,2026-02-26T01:00Z,Ohio State,Michigan,Home,L,86,88,https://a.espncdn.com/i/teamlogos/ncaa/500/194.png,https://a.espncdn.com/i/teamlogos/ncaa/500/130.png,13,8,7,7,,,TRUE,1,,STATUS_FINAL,7,FALSE,13,"[{'abbreviation': 'Game', 'name': 'overall', 'summary': '23-6', 'type': 'total'}
 {'abbreviation': None, 'name': 'Home', 'summary': '14-3', 'type': 'home'}
 {'abbreviation': None, 'name': 'Road', 'summary': '6-3', 'type': 'road'}
 {'abbreviation': None, 'name': 'vs. Conf.', 'summary': '12-5', 'type': 'vsconf'}]",7,TRUE,8,"[{'abbreviation': 'Game', 'name': 'overall', 'summary': '23-5', 'type': 'total'}
 {'abbreviation': None, 'name': 'Home', 'summary': '13-1', 'type': 'home'}
 {'abbreviation': None, 'name': 'Road', 'summary': '8-2', 'type': 'road'}
 {'abbreviation': None, 'name': 'vs. Conf.', 'summary': '14-3', 'type': 'vsconf'}]",7,Big Ten,OSU,MICH,ba0c2f,00274c,a8adb4,ffcb05,OSU,ba0c2f,a8adb4,MICH,00274c,ffcb05,https://raw.githubusercontent.com/sportsdataverse/wehoop-wbb-raw/main/wbb/json/final/401825367.json,2026-02-26T01:00Z,TRUE,,
401825367,2026-02-26T01:00Z,Michigan,Ohio State,Away,W,88,86,https://a.espncdn.com/i/teamlogos/ncaa/500/130.png,https://a.espncdn.com/i/teamlogos/ncaa/500/194.png,8,13,7,7,,,TRUE,1,,STATUS_FINAL,7,FALSE,13,"[{'abbreviation': 'Game', 'name': 'overall', 'summary': '23-6', 'type': 'total'}
 {'abbreviation': None, 'name': 'Home', 'summary': '14-3', 'type': 'home'}
 {'abbreviation': None, 'name': 'Road', 'summary': '6-3', 'type': 'road'}
 {'abbreviation': None, 'name': 'vs. Conf.', 'summary': '12-5', 'type': 'vsconf'}]",7,TRUE,8,"[{'abbreviation': 'Game', 'name': 'overall', 'summary': '23-5', 'type': 'total'}
 {'abbreviation': None, 'name': 'Home', 'summary': '13-1', 'type': 'home'}
 {'abbreviation': None, 'name': 'Road', 'summary': '8-2', 'type': 'road'}
 {'abbreviation': None, 'name': 'vs. Conf.', 'summary': '14-3', 'type': 'vsconf'}]",7,Big Ten,MICH,OSU,00274c,ba0c2f,ffcb05,a8adb4,OSU,ba0c2f,a8adb4,MICH,00274c,ffcb05,https://raw.githubusercontent.com/sportsdataverse/wehoop-wbb-raw/main/wbb/json/final/401825367.json,2026-02-26T01:00Z,TRUE,,
401827421,2026-02-26T00:30Z,Iowa State,Oklahoma State,Home,L,77,88,https://a.espncdn.com/i/teamlogos/ncaa/500/66.png,https://a.espncdn.com/i/teamlogos/ncaa/500/197.png,99,99,8,8,,,TRUE,1,,STATUS_FINAL,8,FALSE,99,"[{'abbreviation': 'Game', 'name': 'overall', 'summary': '21-8', 'type': 'total'}
 {'abbreviation': None, 'name': 'Home', 'summary': '15-3', 'type': 'home'}
 {'abbreviation': None, 'name': 'Road', 'summary': '4-5', 'type': 'road'}
 {'abbreviation': None, 'name': 'vs. Conf.', 'summary': '9-8', 'type': 'vsconf'}]",8,TRUE,99,"[{'abbreviation': 'Game', 'name': 'overall', 'summary': '22-8', 'type': 'total'}
 {'abbreviation': None, 'name': 'Home', 'summary': '15-1', 'type': 'home'}
 {'abbreviation': None, 'name': 'Road', 'summary': '5-6', 'type': 'road'}
 {'abbreviation': None, 'name': 'vs. Conf.', 'summary': '11-6', 'type': 'vsconf'}]",8,Big 12,ISU,OKST,ae192d,fe5c00,ffc72a,0,ISU,ae192d,ffc72a,OKST,fe5c00,0,https://raw.githubusercontent.com/sportsdataverse/wehoop-wbb-raw/main/wbb/json/final/401827421.json,2026-02-26T00:30Z,TRUE,,
401827421,2026-02-26T00:30Z,Oklahoma State,Iowa State,Away,W,88,77,https://a.espncdn.com/i/teamlogos/ncaa/500/197.png,https://a.espncdn.com/i/teamlogos/ncaa/500/66.png,99,99,8,8,,,TRUE,1,,STATUS_FINAL,8,FALSE,99,"[{'abbreviation': 'Game', 'name': 'overall', 'summary': '21-8', 'type': 'total'}
 {'abbreviation': None, 'name': 'Home', 'summary': '15-3', 'type': 'home'}
 {'abbreviation': None, 'name': 'Road', 'summary': '4-5', 'type': 'road'}
 {'abbreviation': None, 'name': 'vs. Conf.', 'summary': '9-8', 'type': 'vsconf'}]",8,TRUE,99,"[{'abbreviation': 'Game', 'name': 'overall', 'summary': '22-8', 'type': 'total'}
 {'abbreviation': None, 'name': 'Home', 'summary': '15-1', 'type': 'home'}
 {'abbreviation': None, 'name': 'Road', 'summary': '5-6', 'type': 'road'}
 {'abbreviation': None, 'name': 'vs. Conf.', 'summary': '11-6', 'type': 'vsconf'}]",8,Big 12,OKST,ISU,fe5c00,ae192d,0,ffc72a,ISU,ae192d,ffc72a,OKST,fe5c00,0,https://raw.githubusercontent.com/sportsdataverse/wehoop-wbb-raw/main/wbb/json/final/401827421.json,2026-02-26T00:30Z,TRUE,,
401827422,2026-02-26T00:30Z,Texas Tech,Kansas,Away,L,59,68,https://a.espncdn.com/i/teamlogos/ncaa/500/2641.png,https://a.espncdn.com/i/teamlogos/ncaa/500/2305.png,20,99,8,8,,,TRUE,1,,STATUS_FINAL,8,TRUE,99,"[{'abbreviation': 'Game', 'name': 'overall', 'summary': '18-11', 'type': 'total'}
 {'abbreviation': None, 'name': 'Home', 'summary': '12-4', 'type': 'home'}
 {'abbreviation': None, 'name': 'Road', 'summary': '5-5', 'type': 'road'}
 {'abbreviation': None, 'name': 'vs. Conf.', 'summary': '8-9', 'type': 'vsconf'}]",8,FALSE,20,"[{'abbreviation': 'Game', 'name': 'overall', 'summary': '24-6', 'type': 'total'}
 {'abbreviation': None, 'name': 'Home', 'summary': '14-2', 'type': 'home'}
 {'abbreviation': None, 'name': 'Road', 'summary': '7-4', 'type': 'road'}
 {'abbreviation': None, 'name': 'vs. Conf.', 'summary': '11-6', 'type': 'vsconf'}]",8,Big 12,TTU,KU,da291c,0051ba,0,e8000d,KU,0051ba,e8000d,TTU,da291c,0,https://raw.githubusercontent.com/sportsdataverse/wehoop-wbb-raw/main/wbb/json/final/401827422.json,2026-02-26T00:30Z,TRUE,,
401825370,2026-02-26T00:00Z,Oregon,Purdue,Away,W,71,65,https://a.espncdn.com/i/teamlogos/ncaa/500/2483.png,https://a.espncdn.com/i/teamlogos/ncaa/500/2509.png,99,99,7,7,,,TRUE,1,,STATUS_FINAL,7,FALSE,99,"[{'abbreviation': 'Game', 'name': 'overall', 'summary': '12-16', 'type': 'total'}
 {'abbreviation': None, 'name': 'Home', 'summary': '11-6', 'type': 'home'}
 {'abbreviation': None, 'name': 'Road', 'summary': '1-10', 'type': 'road'}
 {'abbreviation': None, 'name': 'vs. Conf.', 'summary': '4-13', 'type': 'vsconf'}]",7,TRUE,99,"[{'abbreviation': 'Game', 'name': 'overall', 'summary': '20-10', 'type': 'total'}
 {'abbreviation': None, 'name': 'Home', 'summary': '12-4', 'type': 'home'}
 {'abbreviation': None, 'name': 'Road', 'summary': '6-5', 'type': 'road'}
 {'abbreviation': None, 'name': 'vs. Conf.', 'summary': '8-9', 'type': 'vsconf'}]",7,Big Ten,ORE,PUR,00934b,ceb888,fff41b,0,PUR,ceb888,0,ORE,00934b,fff41b,https://raw.githubusercontent.com/sportsdataverse/wehoop-wbb-raw/main/wbb/json/final/401825370.json,2026-02-26T00:00Z,TRUE,,
401827424,2026-02-26T00:00Z,West Virginia,UCF,Away,W,74,62,https://a.espncdn.com/i/teamlogos/ncaa/500/277.png,https://a.espncdn.com/i/teamlogos/ncaa/500/2116.png,17,99,8,8,,,TRUE,1,,STATUS_FINAL,8,FALSE,99,"[{'abbreviation': 'Game', 'name': 'overall', 'summary': '10-18', 'type': 'total'}
 {'abbreviation': None, 'name': 'Home', 'summary': '7-10', 'type': 'home'}
 {'abbreviation': None, 'name': 'Road', 'summary': '1-7', 'type': 'road'}
 {'abbreviation': None, 'name': 'vs. Conf.', 'summary': '2-15', 'type': 'vsconf'}]",8,TRUE,17,"[{'abbreviation': 'Game', 'name': 'overall', 'summary': '23-6', 'type': 'total'}
 {'abbreviation': None, 'name': 'Home', 'summary': '13-3', 'type': 'home'}
 {'abbreviation': None, 'name': 'Road', 'summary': '8-2', 'type': 'road'}
 {'abbreviation': None, 'name': 'vs. Conf.', 'summary': '13-4', 'type': 'vsconf'}]",8,Big 12,WVU,UCF,eaaa00,0,2855,b4a169,UCF,0,b4a169,WVU,eaaa00,2855,https://raw.githubusercontent.com/sportsdataverse/wehoop-wbb-raw/main/wbb/json/final/401827424.json,2026-02-26T00:00Z,TRUE,,
401825368,2026-02-25T23:30Z,Maryland,Northwestern,Home,W,79,57,https://a.espncdn.com/i/teamlogos/ncaa/500/120.png,https://a.espncdn.com/i/teamlogos/ncaa/500/77.png,14,99,7,7,,,TRUE,1,,STATUS_FINAL,7,TRUE,14,"[{'abbreviation': 'Game', 'name': 'overall', 'summary': '23-6', 'type': 'total'}
 {'abbreviation': None, 'name': 'Home', 'summary': '15-4', 'type': 'home'}
 {'abbreviation': None, 'name': 'Road', 'summary': '6-2', 'type': 'road'}
 {'abbreviation': None, 'name': 'vs. Conf.', 'summary': '11-6', 'type': 'vsconf'}]",7,FALSE,99,"[{'abbreviation': 'Game', 'name': 'overall', 'summary': '8-20', 'type': 'total'}
 {'abbreviation': None, 'name': 'Home', 'summary': '6-8', 'type': 'home'}
 {'abbreviation': None, 'name': 'Road', 'summary': '1-11', 'type': 'road'}
 {'abbreviation': None, 'name': 'vs. Conf.', 'summary': '2-15', 'type': 'vsconf'}]",7,Big Ten,MD,NU,ce1126,492f92,ffffff,ffffff,MD,ce1126,ffffff,NU,492f92,ffffff,https://raw.githubusercontent.com/sportsdataverse/wehoop-wbb-raw/main/wbb/json/final/401825368.json,2026-02-25T23:30Z,TRUE,,
401827423,2026-02-25T23:30Z,TCU,Cincinnati,Away,W,83,70,https://a.espncdn.com/i/teamlogos/ncaa/500/2628.png,https://a.espncdn.com/i/teamlogos/ncaa/500/2132.png,11,99,8,8,,,TRUE,1,,STATUS_FINAL,8,FALSE,99,"[{'abbreviation': 'Game', 'name': 'overall', 'summary': '11-18', 'type': 'total'}
 {'abbreviation': None, 'name': 'Home', 'summary': '7-9', 'type': 'home'}
 {'abbreviation': None, 'name': 'Road', 'summary': '2-9', 'type': 'road'}
 {'abbreviation': None, 'name': 'vs. Conf.', 'summary': '6-11', 'type': 'vsconf'}]",8,TRUE,11,"[{'abbreviation': 'Game', 'name': 'overall', 'summary': '26-4', 'type': 'total'}
 {'abbreviation': None, 'name': 'Home', 'summary': '17-0', 'type': 'home'}
 {'abbreviation': None, 'name': 'Road', 'summary': '7-3', 'type': 'road'}
 {'abbreviation': None, 'name': 'vs. Conf.', 'summary': '14-3', 'type': 'vsconf'}]",8,Big 12,TCU,CIN,4d1979,0,ffffff,e00122,CIN,0,e00122,TCU,4d1979,ffffff,https://raw.githubusercontent.com/sportsdataverse/wehoop-wbb-raw/main/wbb/json/final/401827423.json,2026-02-25T23:30Z,TRUE,,
401829153,2026-02-25T23:00Z,Richmond,Rhode Island,Home,W,72,46,https://a.espncdn.com/i/teamlogos/ncaa/500/257.png,https://a.espncdn.com/i/teamlogos/ncaa/500/227.png,99,99,3,3,,,TRUE,1,,STATUS_FINAL,3,TRUE,99,"[{'abbreviation': 'Game', 'name': 'overall', 'summary': '24-6', 'type': 'total'}
 {'abbreviation': None, 'name': 'Home', 'summary': '13-1', 'type': 'home'}
 {'abbreviation': None, 'name': 'Road', 'summary': '8-4', 'type': 'road'}
 {'abbreviation': None, 'name': 'vs. Conf.', 'summary': '14-3', 'type': 'vsconf'}]",3,FALSE,99,"[{'abbreviation': 'Game', 'name': 'overall', 'summary': '24-4', 'type': 'total'}
 {'abbreviation': None, 'name': 'Home', 'summary': '13-1', 'type': 'home'}
 {'abbreviation': None, 'name': 'Road', 'summary': '11-3', 'type': 'road'}
 {'abbreviation': None, 'name': 'vs. Conf.', 'summary': '15-2', 'type': 'vsconf'}]",3,A-10,RICH,URI,9e0712,091f3f,b90b2e,5ab3e8,RICH,9e0712,b90b2e,URI,091f3f,5ab3e8,https://raw.githubusercontent.com/sportsdataverse/wehoop-wbb-raw/main/wbb/json/final/401829153.json,2026-02-25T23:00Z,TRUE,,
401825369,2026-02-25T23:00Z,USC,Penn State,Away,L,82,85,https://a.espncdn.com/i/teamlogos/ncaa/500/30.png,https://a.espncdn.com/i/teamlogos/ncaa/500/213.png,99,99,7,7,,,TRUE,1,,STATUS_FINAL,7,TRUE,99,"[{'abbreviation': 'Game', 'name': 'overall', 'summary': '11-17', 'type': 'total'}
 {'abbreviation': None, 'name': 'Home', 'summary': '6-8', 'type': 'home'}
 {'abbreviation': None, 'name': 'Road', 'summary': '3-7', 'type': 'road'}
 {'abbreviation': None, 'name': 'vs. Conf.', 'summary': '4-13', 'type': 'vsconf'}]",7,FALSE,99,"[{'abbreviation': 'Game', 'name': 'overall', 'summary': '17-11', 'type': 'total'}
 {'abbreviation': None, 'name': 'Home', 'summary': '12-3', 'type': 'home'}
 {'abbreviation': None, 'name': 'Road', 'summary': '3-7', 'type': 'road'}
 {'abbreviation': None, 'name': 'vs. Conf.', 'summary': '9-8', 'type': 'vsconf'}]",7,Big Ten,USC,PSU,9d2235,61440,ffc72c,ffffff,PSU,61440,ffffff,USC,9d2235,ffc72c,https://raw.githubusercontent.com/sportsdataverse/wehoop-wbb-raw/main/wbb/json/final/401825369.json,2026-02-25T23:00Z,TRUE,,
401829153,2026-02-25T23:00Z,Rhode Island,Richmond,Away,L,46,72,https://a.espncdn.com/i/teamlogos/ncaa/500/227.png,https://a.espncdn.com/i/teamlogos/ncaa/500/257.png,99,99,3,3,,,TRUE,1,,STATUS_FINAL,3,TRUE,99,"[{'abbreviation': 'Game', 'name': 'overall', 'summary': '24-6', 'type': 'total'}
 {'abbreviation': None, 'name': 'Home', 'summary': '13-1', 'type': 'home'}
 {'abbreviation': None, 'name': 'Road', 'summary': '8-4', 'type': 'road'}
 {'abbreviation': None, 'name': 'vs. Conf.', 'summary': '14-3', 'type': 'vsconf'}]",3,FALSE,99,"[{'abbreviation': 'Game', 'name': 'overall', 'summary': '24-4', 'type': 'total'}
 {'abbreviation': None, 'name': 'Home', 'summary': '13-1', 'type': 'home'}
 {'abbreviation': None, 'name': 'Road', 'summary': '11-3', 'type': 'road'}
 {'abbreviation': None, 'name': 'vs. Conf.', 'summary': '15-2', 'type': 'vsconf'}]",3,A-10,URI,RICH,091f3f,9e0712,5ab3e8,b90b2e,RICH,9e0712,b90b2e,URI,091f3f,5ab3e8,https://raw.githubusercontent.com/sportsdataverse/wehoop-wbb-raw/main/wbb/json/final/401829153.json,2026-02-25T23:00Z,TRUE,,
401808815,2026-02-25T22:00Z,James Madison,Old Dominion,Home,W,77,5.50E+01,https://a.espncdn.com/i/teamlogos/ncaa/500/256.png,https://a.espncdn.com/i/teamlogos/ncaa/500/295.png,99,99,27,27,,,TRUE,1,,STATUS_FINAL,27,TRUE,99,"[{'abbreviation': 'Game', 'name': 'overall', 'summary': '22-8', 'type': 'total'}
 {'abbreviation': None, 'name': 'Home', 'summary': '13-3', 'type': 'home'}
 {'abbreviation': None, 'name': 'Road', 'summary': '7-5', 'type': 'road'}
 {'abbreviation': None, 'name': 'vs. Conf.', 'summary': '13-4', 'type': 'vsconf'}]",27,FALSE,99,"[{'abbreviation': 'Game', 'name': 'overall', 'summary': '17-13', 'type': 'total'}
 {'abbreviation': None, 'name': 'Home', 'summary': '10-5', 'type': 'home'}
 {'abbreviation': None, 'name': 'Road', 'summary': '6-5', 'type': 'road'}
 {'abbreviation': None, 'name': 'vs. Conf.', 'summary': '8-9', 'type': 'vsconf'}]",27,Sun Belt,JMU,ODU,4.50E+05,3768,cbb677,a1d2f1,JMU,450084,cbb677,ODU,3768,a1d2f1,https://raw.githubusercontent.com/sportsdataverse/wehoop-wbb-raw/main/wbb/json/final/401808815.json,2026-02-25T22:00Z,TRUE,,
401827419,2026-02-25T02:00Z,Colorado,Utah,Home,L,64,67,https://a.espncdn.com/i/teamlogos/ncaa/500/38.png,https://a.espncdn.com/i/teamlogos/ncaa/500/254.png,99,99,8,8,,,TRUE,1,,STATUS_FINAL,8,FALSE,99,"[{'abbreviation': 'Game', 'name': 'overall', 'summary': '20-9', 'type': 'total'}
 {'abbreviation': None, 'name': 'Home', 'summary': '14-3', 'type': 'home'}
 {'abbreviation': None, 'name': 'Road', 'summary': '4-5', 'type': 'road'}
 {'abbreviation': None, 'name': 'vs. Conf.', 'summary': '11-6', 'type': 'vsconf'}]",8,TRUE,99,"[{'abbreviation': 'Game', 'name': 'overall', 'summary': '18-11', 'type': 'total'}
 {'abbreviation': None, 'name': 'Home', 'summary': '9-6', 'type': 'home'}
 {'abbreviation': None, 'name': 'Road', 'summary': '9-3', 'type': 'road'}
 {'abbreviation': None, 'name': 'vs. Conf.', 'summary': '9-8', 'type': 'vsconf'}]",8,Big 12,COLO,UTAH,cfb87c,be0000,0,ffffff,COLO,cfb87c,0,UTAH,be0000,ffffff,https://raw.githubusercontent.com/sportsdataverse/wehoop-wbb-raw/main/wbb/json/final/401827419.json,2026-02-25T02:00Z,TRUE,,
401807640,2026-02-24T00:30Z,Georgia,Auburn,Away,W,74,5.20E+01,https://a.espncdn.com/i/teamlogos/ncaa/500/61.png,https://a.espncdn.com/i/teamlogos/ncaa/500/2.png,23,99,23,23,,,TRUE,1,,STATUS_FINAL,23,FALSE,99,"[{'abbreviation': 'Game', 'name': 'overall', 'summary': '14-14', 'type': 'total'}
 {'abbreviation': None, 'name': 'Home', 'summary': '9-6', 'type': 'home'}
 {'abbreviation': None, 'name': 'Road', 'summary': '3-7', 'type': 'road'}
 {'abbreviation': None, 'name': 'vs. Conf.', 'summary': '3-11', 'type': 'vsconf'}]",23,TRUE,23,"[{'abbreviation': 'Game', 'name': 'overall', 'summary': '21-7', 'type': 'total'}
 {'abbreviation': None, 'name': 'Home', 'summary': '11-4', 'type': 'home'}
 {'abbreviation': None, 'name': 'Road', 'summary': '6-3', 'type': 'road'}
 {'abbreviation': None, 'name': 'vs. Conf.', 'summary': '7-7', 'type': 'vsconf'}]",23,SEC,UGA,AUB,ba0c2f,002b5c,2c2a29,f26522,AUB,002b5c,f26522,UGA,ba0c2f,2c2a29,https://raw.githubusercontent.com/sportsdataverse/wehoop-wbb-raw/main/wbb/json/final/401807640.json,2026-02-24T00:30Z,TRUE,,
401827417,2026-02-24T00:00Z,Baylor,Kansas State,Home,W,80,54,https://a.espncdn.com/i/teamlogos/ncaa/500/239.png,https://a.espncdn.com/i/teamlogos/ncaa/500/2306.png,18,99,8,8,,,TRUE,1,,STATUS_FINAL,8,TRUE,18,"[{'abbreviation': 'Game', 'name': 'overall', 'summary': '24-6', 'type': 'total'}
 {'abbreviation': None, 'name': 'Home', 'summary': '15-2', 'type': 'home'}
 {'abbreviation': None, 'name': 'Road', 'summary': '7-2', 'type': 'road'}
 {'abbreviation': None, 'name': 'vs. Conf.', 'summary': '13-4', 'type': 'vsconf'}]",8,FALSE,99,"[{'abbreviation': 'Game', 'name': 'overall', 'summary': '15-15', 'type': 'total'}
 {'abbreviation': None, 'name': 'Home', 'summary': '7-7', 'type': 'home'}
 {'abbreviation': None, 'name': 'Road', 'summary': '6-6', 'type': 'road'}
 {'abbreviation': None, 'name': 'vs. Conf.', 'summary': '8-9', 'type': 'vsconf'}]",8,Big 12,BAY,KSU,154734,330a57,ffb81c,e2e3e4,BAY,154734,ffb81c,KSU,330a57,e2e3e4,https://raw.githubusercontent.com/sportsdataverse/wehoop-wbb-raw/main/wbb/json/final/401827417.json,2026-02-24T00:00Z,TRUE,,
401825360,2026-02-22T23:15Z,Minnesota,Michigan State,Home,L,61,75,https://a.espncdn.com/i/teamlogos/ncaa/500/135.png,https://a.espncdn.com/i/teamlogos/ncaa/500/127.png,23,18,7,7,,,TRUE,1,,STATUS_FINAL,7,FALSE,23,"[{'abbreviation': 'Game', 'name': 'overall', 'summary': '21-7', 'type': 'total'}
 {'abbreviation': None, 'name': 'Home', 'summary': '13-3', 'type': 'home'}
 {'abbreviation': None, 'name': 'Road', 'summary': '7-3', 'type': 'road'}
 {'abbreviation': None, 'name': 'vs. Conf.', 'summary': '12-5', 'type': 'vsconf'}]",7,TRUE,18,"[{'abbreviation': 'Game', 'name': 'overall', 'summary': '22-6', 'type': 'total'}
 {'abbreviation': None, 'name': 'Home', 'summary': '11-3', 'type': 'home'}
 {'abbreviation': None, 'name': 'Road', 'summary': '7-3', 'type': 'road'}
 {'abbreviation': None, 'name': 'vs. Conf.', 'summary': '11-6', 'type': 'vsconf'}]",7,Big Ten,MINN,MSU,5e0a2f,173f35,fab41c,ffffff,MINN,5e0a2f,fab41c,MSU,173f35,ffffff,https://raw.githubusercontent.com/sportsdataverse/wehoop-wbb-raw/main/wbb/json/final/401825360.json,2026-02-22T23:15Z,TRUE,,
401825360,2026-02-22T23:15Z,Michigan State,Minnesota,Away,W,75,61,https://a.espncdn.com/i/teamlogos/ncaa/500/127.png,https://a.espncdn.com/i/teamlogos/ncaa/500/135.png,18,23,7,7,,,TRUE,1,,STATUS_FINAL,7,FALSE,23,"[{'abbreviation': 'Game', 'name': 'overall', 'summary': '21-7', 'type': 'total'}
 {'abbreviation': None, 'name': 'Home', 'summary': '13-3', 'type': 'home'}
 {'abbreviation': None, 'name': 'Road', 'summary': '7-3', 'type': 'road'}
 {'abbreviation': None, 'name': 'vs. Conf.', 'summary': '12-5', 'type': 'vsconf'}]",7,TRUE,18,"[{'abbreviation': 'Game', 'name': 'overall', 'summary': '22-6', 'type': 'total'}
 {'abbreviation': None, 'name': 'Home', 'summary': '11-3', 'type': 'home'}
 {'abbreviation': None, 'name': 'Road', 'summary': '7-3', 'type': 'road'}
 {'abbreviation': None, 'name': 'vs. Conf.', 'summary': '11-6', 'type': 'vsconf'}]",7,Big Ten,MSU,MINN,173f35,5e0a2f,ffffff,fab41c,MINN,5e0a2f,fab41c,MSU,173f35,ffffff,https://raw.githubusercontent.com/sportsdataverse/wehoop-wbb-raw/main/wbb/json/final/401825360.json,2026-02-22T23:15Z,TRUE,,
401819725,2026-02-22T23:00Z,Notre Dame,SMU,Away,W,88,63,https://a.espncdn.com/i/teamlogos/ncaa/500/87.png,https://a.espncdn.com/i/teamlogos/ncaa/500/2567.png,99,99,2,2,,,TRUE,1,,STATUS_FINAL,2,FALSE,99,"[{'abbreviation': 'Game', 'name': 'overall', 'summary': '9-19', 'type': 'total'}
 {'abbreviation': None, 'name': 'Home', 'summary': '6-10', 'type': 'home'}
 {'abbreviation': None, 'name': 'Road', 'summary': '2-8', 'type': 'road'}
 {'abbreviation': None, 'name': 'vs. Conf.', 'summary': '2-14', 'type': 'vsconf'}]",2,TRUE,99,"[{'abbreviation': 'Game', 'name': 'overall', 'summary': '18-9', 'type': 'total'}
 {'abbreviation': None, 'name': 'Home', 'summary': '13-2', 'type': 'home'}
 {'abbreviation': None, 'name': 'Road', 'summary': '5-6', 'type': 'road'}
 {'abbreviation': None, 'name': 'vs. Conf.', 'summary': '10-6', 'type': 'vsconf'}]",2,ACC,ND,SMU,62340,a80000,c99700,0033a1,SMU,a80000,0033a1,ND,62340,c99700,https://raw.githubusercontent.com/sportsdataverse/wehoop-wbb-raw/main/wbb/json/final/401819725.json,2026-02-22T23:00Z,TRUE,,
401825363,2026-02-22T22:30Z,UCLA,Wisconsin,Home,W,80,60,https://a.espncdn.com/i/teamlogos/ncaa/500/26.png,https://a.espncdn.com/i/teamlogos/ncaa/500/275.png,2,99,7,7,,,TRUE,1,,STATUS_FINAL,7,TRUE,2,"[{'abbreviation': 'Game', 'name': 'overall', 'summary': '27-1', 'type': 'total'}
 {'abbreviation': None, 'name': 'Home', 'summary': '14-0', 'type': 'home'}
 {'abbreviation': None, 'name': 'Road', 'summary': '8-0', 'type': 'road'}
 {'abbreviation': None, 'name': 'vs. Conf.', 'summary': '17-0', 'type': 'vsconf'}]",7,FALSE,99,"[{'abbreviation': 'Game', 'name': 'overall', 'summary': '13-15', 'type': 'total'}
 {'abbreviation': None, 'name': 'Home', 'summary': '11-4', 'type': 'home'}
 {'abbreviation': None, 'name': 'Road', 'summary': '2-9', 'type': 'road'}
 {'abbreviation': None, 'name': 'vs. Conf.', 'summary': '5-12', 'type': 'vsconf'}]",7,Big Ten,UCLA,WIS,2774ae,a00000,f2a900,ffffff,UCLA,2774ae,f2a900,WIS,a00000,ffffff,https://raw.githubusercontent.com/sportsdataverse/wehoop-wbb-raw/main/wbb/json/final/401825363.json,2026-02-22T22:30Z,TRUE,,
401807638,2026-02-22T21:00Z,Kentucky,Vanderbilt,Away,L,79,81,https://a.espncdn.com/i/teamlogos/ncaa/500/96.png,https://a.espncdn.com/i/teamlogos/ncaa/500/238.png,16,5,23,23,,,TRUE,1,,STATUS_FINAL,23,TRUE,5,"[{'abbreviation': 'Game', 'name': 'overall', 'summary': '25-3', 'type': 'total'}
 {'abbreviation': None, 'name': 'Home', 'summary': '15-0', 'type': 'home'}
 {'abbreviation': None, 'name': 'Road', 'summary': '6-2', 'type': 'road'}
 {'abbreviation': None, 'name': 'vs. Conf.', 'summary': '11-3', 'type': 'vsconf'}]",23,FALSE,16,"[{'abbreviation': 'Game', 'name': 'overall', 'summary': '20-8', 'type': 'total'}
 {'abbreviation': None, 'name': 'Home', 'summary': '12-2', 'type': 'home'}
 {'abbreviation': None, 'name': 'Road', 'summary': '7-5', 'type': 'road'}
 {'abbreviation': None, 'name': 'vs. Conf.', 'summary': '7-7', 'type': 'vsconf'}]",23,SEC,UK,VAN,0033a0,0,ffffff,cfae70,VAN,0,cfae70,UK,0033a0,ffffff,https://raw.githubusercontent.com/sportsdataverse/wehoop-wbb-raw/main/wbb/json/final/401807638.json,2026-02-22T21:00Z,TRUE,,
401807638,2026-02-22T21:00Z,Vanderbilt,Kentucky,Home,W,81,79,https://a.espncdn.com/i/teamlogos/ncaa/500/238.png,https://a.espncdn.com/i/teamlogos/ncaa/500/96.png,5,16,23,23,,,TRUE,1,,STATUS_FINAL,23,TRUE,5,"[{'abbreviation': 'Game', 'name': 'overall', 'summary': '25-3', 'type': 'total'}
 {'abbreviation': None, 'name': 'Home', 'summary': '15-0', 'type': 'home'}
 {'abbreviation': None, 'name': 'Road', 'summary': '6-2', 'type': 'road'}
 {'abbreviation': None, 'name': 'vs. Conf.', 'summary': '11-3', 'type': 'vsconf'}]",23,FALSE,16,"[{'abbreviation': 'Game', 'name': 'overall', 'summary': '20-8', 'type': 'total'}
 {'abbreviation': None, 'name': 'Home', 'summary': '12-2', 'type': 'home'}
 {'abbreviation': None, 'name': 'Road', 'summary': '7-5', 'type': 'road'}
 {'abbreviation': None, 'name': 'vs. Conf.', 'summary': '7-7', 'type': 'vsconf'}]",23,SEC,VAN,UK,0.00E+00,0033a0,cfae70,ffffff,VAN,0,cfae70,UK,0033a0,ffffff,https://raw.githubusercontent.com/sportsdataverse/wehoop-wbb-raw/main/wbb/json/final/401807638.json,2026-02-22T21:00Z,TRUE,,
401807637,2026-02-22T21:00Z,LSU,Missouri,Home,W,108,55,https://a.espncdn.com/i/teamlogos/ncaa/500/99.png,https://a.espncdn.com/i/teamlogos/ncaa/500/142.png,7,99,23,23,,,TRUE,1,,STATUS_FINAL,23,TRUE,7,"[{'abbreviation': 'Game', 'name': 'overall', 'summary': '24-4', 'type': 'total'}
 {'abbreviation': None, 'name': 'Home', 'summary': '12-2', 'type': 'home'}
 {'abbreviation': None, 'name': 'Road', 'summary': '9-2', 'type': 'road'}
 {'abbreviation': None, 'name': 'vs. Conf.', 'summary': '10-4', 'type': 'vsconf'}]",23,FALSE,99,"[{'abbreviation': 'Game', 'name': 'overall', 'summary': '16-13', 'type': 'total'}
 {'abbreviation': None, 'name': 'Home', 'summary': '9-7', 'type': 'home'}
 {'abbreviation': None, 'name': 'Road', 'summary': '4-5', 'type': 'road'}
 {'abbreviation': None, 'name': 'vs. Conf.', 'summary': '4-10', 'type': 'vsconf'}]",23,SEC,LSU,MIZ,461d76,f1b82d,fdd023,0,LSU,461d76,fdd023,MIZ,f1b82d,0,https://raw.githubusercontent.com/sportsdataverse/wehoop-wbb-raw/main/wbb/json/final/401807637.json,2026-02-22T21:00Z,TRUE,,
401827415,2026-02-22T21:00Z,Iowa State,TCU,Away,L,73,80,https://a.espncdn.com/i/teamlogos/ncaa/500/66.png,https://a.espncdn.com/i/teamlogos/ncaa/500/2628.png,99,12,8,8,,,TRUE,1,,STATUS_FINAL,8,TRUE,12,"[{'abbreviation': 'Game', 'name': 'overall', 'summary': '25-4', 'type': 'total'}
 {'abbreviation': None, 'name': 'Home', 'summary': '17-0', 'type': 'home'}
 {'abbreviation': None, 'name': 'Road', 'summary': '6-3', 'type': 'road'}
 {'abbreviation': None, 'name': 'vs. Conf.', 'summary': '13-3', 'type': 'vsconf'}]",8,FALSE,99,"[{'abbreviation': 'Game', 'name': 'overall', 'summary': '21-7', 'type': 'total'}
 {'abbreviation': None, 'name': 'Home', 'summary': '15-2', 'type': 'home'}
 {'abbreviation': None, 'name': 'Road', 'summary': '4-5', 'type': 'road'}
 {'abbreviation': None, 'name': 'vs. Conf.', 'summary': '9-7', 'type': 'vsconf'}]",8,Big 12,ISU,TCU,ae192d,4d1979,ffc72a,ffffff,TCU,4d1979,ffffff,ISU,ae192d,ffc72a,https://raw.githubusercontent.com/sportsdataverse/wehoop-wbb-raw/main/wbb/json/final/401827415.json,2026-02-22T21:00Z,TRUE,,
401827415,2026-02-22T21:00Z,TCU,Iowa State,Home,W,80,73,https://a.espncdn.com/i/teamlogos/ncaa/500/2628.png,https://a.espncdn.com/i/teamlogos/ncaa/500/66.png,12,99,8,8,,,TRUE,1,,STATUS_FINAL,8,TRUE,12,"[{'abbreviation': 'Game', 'name': 'overall', 'summary': '25-4', 'type': 'total'}
 {'abbreviation': None, 'name': 'Home', 'summary': '17-0', 'type': 'home'}
 {'abbreviation': None, 'name': 'Road', 'summary': '6-3', 'type': 'road'}
 {'abbreviation': None, 'name': 'vs. Conf.', 'summary': '13-3', 'type': 'vsconf'}]",8,FALSE,99,"[{'abbreviation': 'Game', 'name': 'overall', 'summary': '21-7', 'type': 'total'}
 {'abbreviation': None, 'name': 'Home', 'summary': '15-2', 'type': 'home'}
 {'abbreviation': None, 'name': 'Road', 'summary': '4-5', 'type': 'road'}
 {'abbreviation': None, 'name': 'vs. Conf.', 'summary': '9-7', 'type': 'vsconf'}]",8,Big 12,TCU,ISU,4d1979,ae192d,ffffff,ffc72a,TCU,4d1979,ffffff,ISU,ae192d,ffc72a,https://raw.githubusercontent.com/sportsdataverse/wehoop-wbb-raw/main/wbb/json/final/401827415.json,2026-02-22T21:00Z,TRUE,,
401825693,2026-02-22T20:30Z,Villanova,Marquette,Home,W,64,39,https://a.espncdn.com/i/teamlogos/ncaa/500/222.png,https://a.espncdn.com/i/teamlogos/ncaa/500/269.png,99,99,4,4,,,TRUE,1,,STATUS_FINAL,4,TRUE,99,"[{'abbreviation': 'Game', 'name': 'overall', 'summary': '22-6', 'type': 'total'}
 {'abbreviation': None, 'name': 'Home', 'summary': '12-3', 'type': 'home'}
 {'abbreviation': None, 'name': 'Road', 'summary': '9-3', 'type': 'road'}
 {'abbreviation': None, 'name': 'vs. Conf.', 'summary': '15-4', 'type': 'vsconf'}]",4,FALSE,99,"[{'abbreviation': 'Game', 'name': 'overall', 'summary': '16-11', 'type': 'total'}
 {'abbreviation': None, 'name': 'Home', 'summary': '10-4', 'type': 'home'}
 {'abbreviation': None, 'name': 'Road', 'summary': '6-5', 'type': 'road'}
 {'abbreviation': None, 'name': 'vs. Conf.', 'summary': '10-8', 'type': 'vsconf'}]",4,Big East,VILL,MARQ,00205b,3366,13b5ea,ffcc00,VILL,00205b,13b5ea,MARQ,3366,ffcc00,https://raw.githubusercontent.com/sportsdataverse/wehoop-wbb-raw/main/wbb/json/final/401825693.json,2026-02-22T20:30Z,TRUE,,
401825358,2026-02-22T20:00Z,Illinois,Northwestern,Away,W,92,65,https://a.espncdn.com/i/teamlogos/ncaa/500/356.png,https://a.espncdn.com/i/teamlogos/ncaa/500/77.png,99,99,7.00E+00,7,,,TRUE,1,,STATUS_FINAL,7,FALSE,99,"[{'abbreviation': 'Game', 'name': 'overall', 'summary': '8-19', 'type': 'total'}
 {'abbreviation': None, 'name': 'Home', 'summary': '6-8', 'type': 'home'}
 {'abbreviation': None, 'name': 'Road', 'summary': '1-10', 'type': 'road'}
 {'abbreviation': None, 'name': 'vs. Conf.', 'summary': '2-14', 'type': 'vsconf'}]",7,TRUE,99,"[{'abbreviation': 'Game', 'name': 'overall', 'summary': '19-8', 'type': 'total'}
 {'abbreviation': None, 'name': 'Home', 'summary': '13-3', 'type': 'home'}
 {'abbreviation': None, 'name': 'Road', 'summary': '6-5', 'type': 'road'}
 {'abbreviation': None, 'name': 'vs. Conf.', 'summary': '9-7', 'type': 'vsconf'}]",7,Big Ten,ILL,NU,ff5f05,492f92,13294b,ffffff,NU,492f92,ffffff,ILL,ff5f05,13294b,https://raw.githubusercontent.com/sportsdataverse/wehoop-wbb-raw/main/wbb/json/final/401825358.json,2026-02-22T20:00Z,TRUE,,
401825361,2026-02-22T20:00Z,Nebraska,Washington,Away,W,66,65,https://a.espncdn.com/i/teamlogos/ncaa/500/158.png,https://a.espncdn.com/i/teamlogos/ncaa/500/264.png,99,99,7,7,,,TRUE,1,,STATUS_FINAL,7,FALSE,99,"[{'abbreviation': 'Game', 'name': 'overall', 'summary': '19-9', 'type': 'total'}
 {'abbreviation': None, 'name': 'Home', 'summary': '13-4', 'type': 'home'}
 {'abbreviation': None, 'name': 'Road', 'summary': '6-5', 'type': 'road'}
 {'abbreviation': None, 'name': 'vs. Conf.', 'summary': '9-8', 'type': 'vsconf'}]",7,TRUE,99,"[{'abbreviation': 'Game', 'name': 'overall', 'summary': '17-11', 'type': 'total'}
 {'abbreviation': None, 'name': 'Home', 'summary': '12-4', 'type': 'home'}
 {'abbreviation': None, 'name': 'Road', 'summary': '2-7', 'type': 'road'}
 {'abbreviation': None, 'name': 'vs. Conf.', 'summary': '6-11', 'type': 'vsconf'}]",7,Big Ten,NEB,WASH,e31937,33006f,ffffff,e8d3a2,WASH,33006f,e8d3a2,NEB,e31937,ffffff,https://raw.githubusercontent.com/sportsdataverse/wehoop-wbb-raw/main/wbb/json/final/401825361.json,2026-02-22T20:00Z,TRUE,,
401825361,2026-02-22T20:00Z,Washington,Nebraska,Home,L,65,66,https://a.espncdn.com/i/teamlogos/ncaa/500/264.png,https://a.espncdn.com/i/teamlogos/ncaa/500/158.png,99,99,7,7,,,TRUE,1,,STATUS_FINAL,7,FALSE,99,"[{'abbreviation': 'Game', 'name': 'overall', 'summary': '19-9', 'type': 'total'}
 {'abbreviation': None, 'name': 'Home', 'summary': '13-4', 'type': 'home'}
 {'abbreviation': None, 'name': 'Road', 'summary': '6-5', 'type': 'road'}
 {'abbreviation': None, 'name': 'vs. Conf.', 'summary': '9-8', 'type': 'vsconf'}]",7,TRUE,99,"[{'abbreviation': 'Game', 'name': 'overall', 'summary': '17-11', 'type': 'total'}
 {'abbreviation': None, 'name': 'Home', 'summary': '12-4', 'type': 'home'}
 {'abbreviation': None, 'name': 'Road', 'summary': '2-7', 'type': 'road'}
 {'abbreviation': None, 'name': 'vs. Conf.', 'summary': '6-11', 'type': 'vsconf'}]",7,Big Ten,WASH,NEB,33006f,e31937,e8d3a2,ffffff,WASH,33006f,e8d3a2,NEB,e31937,ffffff,https://raw.githubusercontent.com/sportsdataverse/wehoop-wbb-raw/main/wbb/json/final/401825361.json,2026-02-22T20:00Z,TRUE,,
401807639,2026-02-22T19:00Z,Texas,Mississippi State,Home,W,92,42,https://a.espncdn.com/i/teamlogos/ncaa/500/251.png,https://a.espncdn.com/i/teamlogos/ncaa/500/344.png,4,99,23,23,,,TRUE,1,,STATUS_FINAL,23,TRUE,4,"[{'abbreviation': 'Game', 'name': 'overall', 'summary': '26-3', 'type': 'total'}
 {'abbreviation': None, 'name': 'Home', 'summary': '17-0', 'type': 'home'}
 {'abbreviation': None, 'name': 'Road', 'summary': '6-3', 'type': 'road'}
 {'abbreviation': None, 'name': 'vs. Conf.', 'summary': '11-3', 'type': 'vsconf'}]",23,FALSE,99,"[{'abbreviation': 'Game', 'name': 'overall', 'summary': '18-10', 'type': 'total'}
 {'abbreviation': None, 'name': 'Home', 'summary': '14-4', 'type': 'home'}
 {'abbreviation': None, 'name': 'Road', 'summary': '3-6', 'type': 'road'}
 {'abbreviation': None, 'name': 'vs. Conf.', 'summary': '5-9', 'type': 'vsconf'}]",23,SEC,TEX,MSST,af5c37,5d1725,ffffff,c1c6c8,TEX,af5c37,ffffff,MSST,5d1725,c1c6c8,https://raw.githubusercontent.com/sportsdataverse/wehoop-wbb-raw/main/wbb/json/final/401807639.json,2026-02-22T19:00Z,TRUE,,
401825364,2026-02-22T19:00Z,Ohio State,USC,Home,W,88,83,https://a.espncdn.com/i/teamlogos/ncaa/500/194.png,https://a.espncdn.com/i/teamlogos/ncaa/500/30.png,10,99,7,7,,,TRUE,1,,STATUS_FINAL,7,TRUE,10,"[{'abbreviation': 'Game', 'name': 'overall', 'summary': '23-5', 'type': 'total'}
 {'abbreviation': None, 'name': 'Home', 'summary': '14-2', 'type': 'home'}
 {'abbreviation': None, 'name': 'Road', 'summary': '6-3', 'type': 'road'}
 {'abbreviation': None, 'name': 'vs. Conf.', 'summary': '12-4', 'type': 'vsconf'}]",7,FALSE,99,"[{'abbreviation': 'Game', 'name': 'overall', 'summary': '17-10', 'type': 'total'}
 {'abbreviation': None, 'name': 'Home', 'summary': '12-3', 'type': 'home'}
 {'abbreviation': None, 'name': 'Road', 'summary': '3-6', 'type': 'road'}
 {'abbreviation': None, 'name': 'vs. Conf.', 'summary': '9-7', 'type': 'vsconf'}]",7,Big Ten,OSU,USC,ba0c2f,9d2235,a8adb4,ffc72c,OSU,ba0c2f,a8adb4,USC,9d2235,ffc72c,https://raw.githubusercontent.com/sportsdataverse/wehoop-wbb-raw/main/wbb/json/final/401825364.json,2026-02-22T19:00Z,TRUE,,
401819575,2026-02-22T19:00Z,NC State,Syracuse,Home,W,82,69,https://a.espncdn.com/i/teamlogos/ncaa/500/152.png,https://a.espncdn.com/i/teamlogos/ncaa/500/183.png,99,99,2,2,,,TRUE,1,,STATUS_FINAL,2,TRUE,99,"[{'abbreviation': 'Game', 'name': 'overall', 'summary': '18-9', 'type': 'total'}
 {'abbreviation': None, 'name': 'Home', 'summary': '9-4', 'type': 'home'}
 {'abbreviation': None, 'name': 'Road', 'summary': '6-4', 'type': 'road'}
 {'abbreviation': None, 'name': 'vs. Conf.', 'summary': '11-5', 'type': 'vsconf'}]",2,FALSE,99,"[{'abbreviation': 'Game', 'name': 'overall', 'summary': '21-6', 'type': 'total'}
 {'abbreviation': None, 'name': 'Home', 'summary': '14-3', 'type': 'home'}
 {'abbreviation': None, 'name': 'Road', 'summary': '6-2', 'type': 'road'}
 {'abbreviation': None, 'name': 'vs. Conf.', 'summary': '11-5', 'type': 'vsconf'}]",2,ACC,NCSU,SYR,cc0000,0.00E+00,ffffff,ff431b,NCSU,cc0000,ffffff,SYR,0.00E+00,ff431b,https://raw.githubusercontent.com/sportsdataverse/wehoop-wbb-raw/main/wbb/json/final/401819575.json,2026-02-22T19:00Z,TRUE,,
401819724,2026-02-22T19:00Z,Virginia Tech,Georgia Tech,Home,W,62,51,https://a.espncdn.com/i/teamlogos/ncaa/500/259.png,https://a.espncdn.com/i/teamlogos/ncaa/500/59.png,99,99,2,2,,,TRUE,1,,STATUS_FINAL,2,TRUE,99,"[{'abbreviation': 'Game', 'name': 'overall', 'summary': '21-8', 'type': 'total'}
 {'abbreviation': None, 'name': 'Home', 'summary': '14-4', 'type': 'home'}
 {'abbreviation': None, 'name': 'Road', 'summary': '6-3', 'type': 'road'}
 {'abbreviation': None, 'name': 'vs. Conf.', 'summary': '11-6', 'type': 'vsconf'}]",2,FALSE,99,"[{'abbreviation': 'Game', 'name': 'overall', 'summary': '12-16', 'type': 'total'}
 {'abbreviation': None, 'name': 'Home', 'summary': '9-5', 'type': 'home'}
 {'abbreviation': None, 'name': 'Road', 'summary': '3-9', 'type': 'road'}
 {'abbreviation': None, 'name': 'vs. Conf.', 'summary': '7-9', 'type': 'vsconf'}]",2,ACC,VT,GT,6a2c3e,b3a369,cf4520,ffffff,VT,6a2c3e,cf4520,GT,b3a369,ffffff,https://raw.githubusercontent.com/sportsdataverse/wehoop-wbb-raw/main/wbb/json/final/401819724.json,2026-02-22T19:00Z,TRUE,,
401807635,2026-02-22T19:00Z,Oklahoma,Tennessee,Home,W,100,93,https://a.espncdn.com/i/teamlogos/ncaa/500/201.png,https://a.espncdn.com/i/teamlogos/ncaa/500/2633_ncw.png,11,21,23,23,,,TRUE,1,,STATUS_FINAL,23,TRUE,11,"[{'abbreviation': 'Game', 'name': 'overall', 'summary': '21-6', 'type': 'total'}
 {'abbreviation': None, 'name': 'Home', 'summary': '13-2', 'type': 'home'}
 {'abbreviation': None, 'name': 'Road', 'summary': '5-3', 'type': 'road'}
 {'abbreviation': None, 'name': 'vs. Conf.', 'summary': '9-5', 'type': 'vsconf'}]",23,FALSE,21,"[{'abbreviation': 'Game', 'name': 'overall', 'summary': '16-10', 'type': 'total'}
 {'abbreviation': None, 'name': 'Home', 'summary': '9-3', 'type': 'home'}
 {'abbreviation': None, 'name': 'Road', 'summary': '7-5', 'type': 'road'}
 {'abbreviation': None, 'name': 'vs. Conf.', 'summary': '8-6', 'type': 'vsconf'}]",23,SEC,OU,TENN,990000,ff8200,ffffff,ffffff,OU,990000,ffffff,TENN,ff8200,ffffff,https://raw.githubusercontent.com/sportsdataverse/wehoop-wbb-raw/main/wbb/json/final/401807635.json,2026-02-22T19:00Z,TRUE,,
401819600,2026-02-22T19:00Z,Clemson,Duke,Home,W,53,51,https://a.espncdn.com/i/teamlogos/ncaa/500/228.png,https://a.espncdn.com/i/teamlogos/ncaa/500/150.png,99,9,2,2,,,TRUE,1,,STATUS_FINAL,2,TRUE,99,"[{'abbreviation': 'Game', 'name': 'overall', 'summary': '19-9', 'type': 'total'}
 {'abbreviation': None, 'name': 'Home', 'summary': '12-1', 'type': 'home'}
 {'abbreviation': None, 'name': 'Road', 'summary': '6-7', 'type': 'road'}
 {'abbreviation': None, 'name': 'vs. Conf.', 'summary': '10-6', 'type': 'vsconf'}]",2,FALSE,9,"[{'abbreviation': 'Game', 'name': 'overall', 'summary': '20-7', 'type': 'total'}
 {'abbreviation': None, 'name': 'Home', 'summary': '11-1', 'type': 'home'}
 {'abbreviation': None, 'name': 'Road', 'summary': '9-2', 'type': 'road'}
 {'abbreviation': None, 'name': 'vs. Conf.', 'summary': '15-1', 'type': 'vsconf'}]",2,ACC,CLEM,DUKE,f56600,00539b,ffffff,ffffff,CLEM,f56600,ffffff,DUKE,00539b,ffffff,https://raw.githubusercontent.com/sportsdataverse/wehoop-wbb-raw/main/wbb/json/final/401819600.json,2026-02-22T19:00Z,TRUE,,
401829148,2026-02-22T19:00Z,Richmond,La Salle,Home,W,92,58,https://a.espncdn.com/i/teamlogos/ncaa/500/257.png,https://a.espncdn.com/i/teamlogos/ncaa/500/2325.png,99,99,3,3,,,TRUE,1,,STATUS_FINAL,3,TRUE,99,"[{'abbreviation': 'Game', 'name': 'overall', 'summary': '23-6', 'type': 'total'}
 {'abbreviation': None, 'name': 'Home', 'summary': '12-1', 'type': 'home'}
 {'abbreviation': None, 'name': 'Road', 'summary': '8-4', 'type': 'road'}
 {'abbreviation': None, 'name': 'vs. Conf.', 'summary': '13-3', 'type': 'vsconf'}]",3,FALSE,99,"[{'abbreviation': 'Game', 'name': 'overall', 'summary': '15-12', 'type': 'total'}
 {'abbreviation': None, 'name': 'Home', 'summary': '7-6', 'type': 'home'}
 {'abbreviation': None, 'name': 'Road', 'summary': '8-5', 'type': 'road'}
 {'abbreviation': None, 'name': 'vs. Conf.', 'summary': '8-8', 'type': 'vsconf'}]",3,A-10,RICH,LAS,9e0712,3356,b90b2e,ffce00,RICH,9e0712,b90b2e,LAS,3356,ffce00,https://raw.githubusercontent.com/sportsdataverse/wehoop-wbb-raw/main/wbb/json/final/401829148.json,2026-02-22T19:00Z,TRUE,,
401807639,2026-02-22T19:00Z,Mississippi State,Texas,Away,L,42,92,https://a.espncdn.com/i/teamlogos/ncaa/500/344.png,https://a.espncdn.com/i/teamlogos/ncaa/500/251.png,99,4,23,23,,,TRUE,1,,STATUS_FINAL,23,TRUE,4,"[{'abbreviation': 'Game', 'name': 'overall', 'summary': '26-3', 'type': 'total'}
 {'abbreviation': None, 'name': 'Home', 'summary': '17-0', 'type': 'home'}
 {'abbreviation': None, 'name': 'Road', 'summary': '6-3', 'type': 'road'}
 {'abbreviation': None, 'name': 'vs. Conf.', 'summary': '11-3', 'type': 'vsconf'}]",23,FALSE,99,"[{'abbreviation': 'Game', 'name': 'overall', 'summary': '18-10', 'type': 'total'}
 {'abbreviation': None, 'name': 'Home', 'summary': '14-4', 'type': 'home'}
 {'abbreviation': None, 'name': 'Road', 'summary': '3-6', 'type': 'road'}
 {'abbreviation': None, 'name': 'vs. Conf.', 'summary': '5-9', 'type': 'vsconf'}]",23,SEC,MSST,TEX,5d1725,af5c37,c1c6c8,ffffff,TEX,af5c37,ffffff,MSST,5d1725,c1c6c8,https://raw.githubusercontent.com/sportsdataverse/wehoop-wbb-raw/main/wbb/json/final/401807639.json,2026-02-22T19:00Z,TRUE,,
401807635,2026-02-22T19:00Z,Tennessee,Oklahoma,Away,L,93,100,https://a.espncdn.com/i/teamlogos/ncaa/500/2633_ncw.png,https://a.espncdn.com/i/teamlogos/ncaa/500/201.png,21,11,23,23,,,TRUE,1,,STATUS_FINAL,23,TRUE,11,"[{'abbreviation': 'Game', 'name': 'overall', 'summary': '21-6', 'type': 'total'}
 {'abbreviation': None, 'name': 'Home', 'summary': '13-2', 'type': 'home'}
 {'abbreviation': None, 'name': 'Road', 'summary': '5-3', 'type': 'road'}
 {'abbreviation': None, 'name': 'vs. Conf.', 'summary': '9-5', 'type': 'vsconf'}]",23,FALSE,21,"[{'abbreviation': 'Game', 'name': 'overall', 'summary': '16-10', 'type': 'total'}
 {'abbreviation': None, 'name': 'Home', 'summary': '9-3', 'type': 'home'}
 {'abbreviation': None, 'name': 'Road', 'summary': '7-5', 'type': 'road'}
 {'abbreviation': None, 'name': 'vs. Conf.', 'summary': '8-6', 'type': 'vsconf'}]",23,SEC,TENN,OU,ff8200,990000,ffffff,ffffff,OU,990000,ffffff,TENN,ff8200,ffffff,https://raw.githubusercontent.com/sportsdataverse/wehoop-wbb-raw/main/wbb/json/final/401807635.json,2026-02-22T19:00Z,TRUE,,
401819575,2026-02-22T19:00Z,Syracuse,NC State,Away,L,69,82,https://a.espncdn.com/i/teamlogos/ncaa/500/183.png,https://a.espncdn.com/i/teamlogos/ncaa/500/152.png,99,99,2,2,,,TRUE,1,,STATUS_FINAL,2,TRUE,99,"[{'abbreviation': 'Game', 'name': 'overall', 'summary': '18-9', 'type': 'total'}
 {'abbreviation': None, 'name': 'Home', 'summary': '9-4', 'type': 'home'}
 {'abbreviation': None, 'name': 'Road', 'summary': '6-4', 'type': 'road'}
 {'abbreviation': None, 'name': 'vs. Conf.', 'summary': '11-5', 'type': 'vsconf'}]",2,FALSE,99,"[{'abbreviation': 'Game', 'name': 'overall', 'summary': '21-6', 'type': 'total'}
 {'abbreviation': None, 'name': 'Home', 'summary': '14-3', 'type': 'home'}
 {'abbreviation': None, 'name': 'Road', 'summary': '6-2', 'type': 'road'}
 {'abbreviation': None, 'name': 'vs. Conf.', 'summary': '11-5', 'type': 'vsconf'}]",2,ACC,SYR,NCSU,0.00E+00,cc0000,ff431b,ffffff,NCSU,cc0000,ffffff,SYR,0.00E+00,ff431b,https://raw.githubusercontent.com/sportsdataverse/wehoop-wbb-raw/main/wbb/json/final/401819575.json,2026-02-22T19:00Z,TRUE,,
401819600,2026-02-22T19:00Z,Duke,Clemson,Away,L,51,53,https://a.espncdn.com/i/teamlogos/ncaa/500/150.png,https://a.espncdn.com/i/teamlogos/ncaa/500/228.png,9,99,2,2,,,TRUE,1,,STATUS_FINAL,2,TRUE,99,"[{'abbreviation': 'Game', 'name': 'overall', 'summary': '19-9', 'type': 'total'}
 {'abbreviation': None, 'name': 'Home', 'summary': '12-1', 'type': 'home'}
 {'abbreviation': None, 'name': 'Road', 'summary': '6-7', 'type': 'road'}
 {'abbreviation': None, 'name': 'vs. Conf.', 'summary': '10-6', 'type': 'vsconf'}]",2,FALSE,9,"[{'abbreviation': 'Game', 'name': 'overall', 'summary': '20-7', 'type': 'total'}
 {'abbreviation': None, 'name': 'Home', 'summary': '11-1', 'type': 'home'}
 {'abbreviation': None, 'name': 'Road', 'summary': '9-2', 'type': 'road'}
 {'abbreviation': None, 'name': 'vs. Conf.', 'summary': '15-1', 'type': 'vsconf'}]",2,ACC,DUKE,CLEM,00539b,f56600,ffffff,ffffff,CLEM,f56600,ffffff,DUKE,00539b,ffffff,https://raw.githubusercontent.com/sportsdataverse/wehoop-wbb-raw/main/wbb/json/final/401819600.json,2026-02-22T19:00Z,TRUE,,
401825364,2026-02-22T19:00Z,USC,Ohio State,Away,L,83,88,https://a.espncdn.com/i/teamlogos/ncaa/500/30.png,https://a.espncdn.com/i/teamlogos/ncaa/500/194.png,99,10,7,7,,,TRUE,1,,STATUS_FINAL,7,TRUE,10,"[{'abbreviation': 'Game', 'name': 'overall', 'summary': '23-5', 'type': 'total'}
 {'abbreviation': None, 'name': 'Home', 'summary': '14-2', 'type': 'home'}
 {'abbreviation': None, 'name': 'Road', 'summary': '6-3', 'type': 'road'}
 {'abbreviation': None, 'name': 'vs. Conf.', 'summary': '12-4', 'type': 'vsconf'}]",7,FALSE,99,"[{'abbreviation': 'Game', 'name': 'overall', 'summary': '17-10', 'type': 'total'}
 {'abbreviation': None, 'name': 'Home', 'summary': '12-3', 'type': 'home'}
 {'abbreviation': None, 'name': 'Road', 'summary': '3-6', 'type': 'road'}
 {'abbreviation': None, 'name': 'vs. Conf.', 'summary': '9-7', 'type': 'vsconf'}]",7,Big Ten,USC,OSU,9d2235,ba0c2f,ffc72c,a8adb4,OSU,ba0c2f,a8adb4,USC,9d2235,ffc72c,https://raw.githubusercontent.com/sportsdataverse/wehoop-wbb-raw/main/wbb/json/final/401825364.json,2026-02-22T19:00Z,TRUE,,
401819628,2026-02-22T19:00Z,Stanford,Florida State,Away,W,77,61,https://a.espncdn.com/i/teamlogos/ncaa/500/24.png,https://a.espncdn.com/i/teamlogos/ncaa/500/52.png,99,99,2,2,,,TRUE,1,,STATUS_FINAL,2,FALSE,99,"[{'abbreviation': 'Game', 'name': 'overall', 'summary': '9-19', 'type': 'total'}
 {'abbreviation': None, 'name': 'Home', 'summary': '6-11', 'type': 'home'}
 {'abbreviation': None, 'name': 'Road', 'summary': '2-7', 'type': 'road'}
 {'abbreviation': None, 'name': 'vs. Conf.', 'summary': '4-12', 'type': 'vsconf'}]",2,TRUE,99,"[{'abbreviation': 'Game', 'name': 'overall', 'summary': '17-12', 'type': 'total'}
 {'abbreviation': None, 'name': 'Home', 'summary': '9-6', 'type': 'home'}
 {'abbreviation': None, 'name': 'Road', 'summary': '6-5', 'type': 'road'}
 {'abbreviation': None, 'name': 'vs. Conf.', 'summary': '6-10', 'type': 'vsconf'}]",2,ACC,STAN,FSU,8c1515,782f40,ffffff,ceb888,FSU,782f40,ceb888,STAN,8c1515,ffffff,https://raw.githubusercontent.com/sportsdataverse/wehoop-wbb-raw/main/wbb/json/final/401819628.json,2026-02-22T19:00Z,TRUE,,
401825362,2026-02-22T18:00Z,Maryland,Purdue,Home,W,99,66,https://a.espncdn.com/i/teamlogos/ncaa/500/120.png,https://a.espncdn.com/i/teamlogos/ncaa/500/2509.png,14,99,7,7,,,TRUE,1,,STATUS_FINAL,7,TRUE,14,"[{'abbreviation': 'Game', 'name': 'overall', 'summary': '22-6', 'type': 'total'}
 {'abbreviation': None, 'name': 'Home', 'summary': '14-4', 'type': 'home'}
 {'abbreviation': None, 'name': 'Road', 'summary': '6-2', 'type': 'road'}
 {'abbreviation': None, 'name': 'vs. Conf.', 'summary': '10-6', 'type': 'vsconf'}]",7,FALSE,99,"[{'abbreviation': 'Game', 'name': 'overall', 'summary': '12-15', 'type': 'total'}
 {'abbreviation': None, 'name': 'Home', 'summary': '11-5', 'type': 'home'}
 {'abbreviation': None, 'name': 'Road', 'summary': '1-10', 'type': 'road'}
 {'abbreviation': None, 'name': 'vs. Conf.', 'summary': '4-12', 'type': 'vsconf'}]",7,Big Ten,MD,PUR,ce1126,ceb888,ffffff,0,MD,ce1126,ffffff,PUR,ceb888,0,https://raw.githubusercontent.com/sportsdataverse/wehoop-wbb-raw/main/wbb/json/final/401825362.json,2026-02-22T18:00Z,TRUE,,
401825365,2026-02-22T18:00Z,Oregon,Indiana,Away,L,65,72,https://a.espncdn.com/i/teamlogos/ncaa/500/2483.png,https://a.espncdn.com/i/teamlogos/ncaa/500/84.png,99,99,7,7,,,TRUE,1,,STATUS_FINAL,7,TRUE,99,"[{'abbreviation': 'Game', 'name': 'overall', 'summary': '15-13', 'type': 'total'}
 {'abbreviation': None, 'name': 'Home', 'summary': '11-5', 'type': 'home'}
 {'abbreviation': None, 'name': 'Road', 'summary': '3-7', 'type': 'road'}
 {'abbreviation': None, 'name': 'vs. Conf.', 'summary': '4-12', 'type': 'vsconf'}]",7,FALSE,99,"[{'abbreviation': 'Game', 'name': 'overall', 'summary': '19-10', 'type': 'total'}
 {'abbreviation': None, 'name': 'Home', 'summary': '12-4', 'type': 'home'}
 {'abbreviation': None, 'name': 'Road', 'summary': '5-5', 'type': 'road'}
 {'abbreviation': None, 'name': 'vs. Conf.', 'summary': '7-9', 'type': 'vsconf'}]",7,Big Ten,ORE,IU,00934b,970310,fff41b,ffffff,IU,970310,ffffff,ORE,00934b,fff41b,https://raw.githubusercontent.com/sportsdataverse/wehoop-wbb-raw/main/wbb/json/final/401825365.json,2026-02-22T18:00Z,TRUE,,
401819726,2026-02-22T17:00Z,UNC,Pittsburgh,Home,W,78,50,https://a.espncdn.com/i/teamlogos/ncaa/500/153.png,https://a.espncdn.com/i/teamlogos/ncaa/500/221.png,22,99,2,2,,,TRUE,1,,STATUS_FINAL,2,TRUE,22,"[{'abbreviation': 'Game', 'name': 'overall', 'summary': '23-6', 'type': 'total'}
 {'abbreviation': None, 'name': 'Home', 'summary': '12-2', 'type': 'home'}
 {'abbreviation': None, 'name': 'Road', 'summary': '7-3', 'type': 'road'}
 {'abbreviation': None, 'name': 'vs. Conf.', 'summary': '12-4', 'type': 'vsconf'}]",2,FALSE,99,"[{'abbreviation': 'Game', 'name': 'overall', 'summary': '8-21', 'type': 'total'}
 {'abbreviation': None, 'name': 'Home', 'summary': '6-11', 'type': 'home'}
 {'abbreviation': None, 'name': 'Road', 'summary': '1-9', 'type': 'road'}
 {'abbreviation': None, 'name': 'vs. Conf.', 'summary': '1-15', 'type': 'vsconf'}]",2,ACC,UNC,PITT,7bafd4,3594,13294b,ffb81c,UNC,7bafd4,13294b,PITT,3594,ffb81c,https://raw.githubusercontent.com/sportsdataverse/wehoop-wbb-raw/main/wbb/json/final/401819726.json,2026-02-22T17:00Z,TRUE,,
401807633,2026-02-22T17:00Z,Florida,Alabama,Home,L,71,76,https://a.espncdn.com/i/teamlogos/ncaa/500/57.png,https://a.espncdn.com/i/teamlogos/ncaa/500/333.png,99,25,23,23,,,TRUE,1,,STATUS_FINAL,23,FALSE,99,"[{'abbreviation': 'Game', 'name': 'overall', 'summary': '16-13', 'type': 'total'}
 {'abbreviation': None, 'name': 'Home', 'summary': '12-5', 'type': 'home'}
 {'abbreviation': None, 'name': 'Road', 'summary': '2-8', 'type': 'road'}
 {'abbreviation': None, 'name': 'vs. Conf.', 'summary': '4-10', 'type': 'vsconf'}]",23,TRUE,25,"[{'abbreviation': 'Game', 'name': 'overall', 'summary': '21-7', 'type': 'total'}
 {'abbreviation': None, 'name': 'Home', 'summary': '16-3', 'type': 'home'}
 {'abbreviation': None, 'name': 'Road', 'summary': '3-4', 'type': 'road'}
 {'abbreviation': None, 'name': 'vs. Conf.', 'summary': '7-7', 'type': 'vsconf'}]",23,SEC,FLA,ALA,0021a5,9e1b32,fa4616,ffffff,FLA,0021a5,fa4616,ALA,9e1b32,ffffff,https://raw.githubusercontent.com/sportsdataverse/wehoop-wbb-raw/main/wbb/json/final/401807633.json,2026-02-22T17:00Z,TRUE,,
401807636,2026-02-22T17:00Z,Ole Miss,South Carolina,Away,L,48,85,https://a.espncdn.com/i/teamlogos/ncaa/500/145.png,https://a.espncdn.com/i/teamlogos/ncaa/500/2579.png,17,3,23,23,,,TRUE,1,,STATUS_FINAL,23,TRUE,3,"[{'abbreviation': 'Game', 'name': 'overall', 'summary': '27-2', 'type': 'total'}
 {'abbreviation': None, 'name': 'Home', 'summary': '15-0', 'type': 'home'}
 {'abbreviation': None, 'name': 'Road', 'summary': '10-1', 'type': 'road'}
 {'abbreviation': None, 'name': 'vs. Conf.', 'summary': '13-1', 'type': 'vsconf'}]",23,FALSE,17,"[{'abbreviation': 'Game', 'name': 'overall', 'summary': '21-8', 'type': 'total'}
 {'abbreviation': None, 'name': 'Home', 'summary': '12-1', 'type': 'home'}
 {'abbreviation': None, 'name': 'Road', 'summary': '4-5', 'type': 'road'}
 {'abbreviation': None, 'name': 'vs. Conf.', 'summary': '8-6', 'type': 'vsconf'}]",23,SEC,MISS,SC,13294b,73000a,cf142b,0,SC,73000a,0,MISS,13294b,cf142b,https://raw.githubusercontent.com/sportsdataverse/wehoop-wbb-raw/main/wbb/json/final/401807636.json,2026-02-22T17:00Z,TRUE,,
401807633,2026-02-22T17:00Z,Alabama,Florida,Away,W,76,71,https://a.espncdn.com/i/teamlogos/ncaa/500/333.png,https://a.espncdn.com/i/teamlogos/ncaa/500/57.png,25,99,23,23,,,TRUE,1,,STATUS_FINAL,23,FALSE,99,"[{'abbreviation': 'Game', 'name': 'overall', 'summary': '16-13', 'type': 'total'}
 {'abbreviation': None, 'name': 'Home', 'summary': '12-5', 'type': 'home'}
 {'abbreviation': None, 'name': 'Road', 'summary': '2-8', 'type': 'road'}
 {'abbreviation': None, 'name': 'vs. Conf.', 'summary': '4-10', 'type': 'vsconf'}]",23,TRUE,25,"[{'abbreviation': 'Game', 'name': 'overall', 'summary': '21-7', 'type': 'total'}
 {'abbreviation': None, 'name': 'Home', 'summary': '16-3', 'type': 'home'}
 {'abbreviation': None, 'name': 'Road', 'summary': '3-4', 'type': 'road'}
 {'abbreviation': None, 'name': 'vs. Conf.', 'summary': '7-7', 'type': 'vsconf'}]",23,SEC,ALA,FLA,9e1b32,0021a5,ffffff,fa4616,FLA,0021a5,fa4616,ALA,9e1b32,ffffff,https://raw.githubusercontent.com/sportsdataverse/wehoop-wbb-raw/main/wbb/json/final/401807633.json,2026-02-22T17:00Z,TRUE,,
401819727,2026-02-22T17:00Z,Louisville,Virginia,Home,L,72,74,https://a.espncdn.com/i/teamlogos/ncaa/500/97.png,https://a.espncdn.com/i/teamlogos/ncaa/500/258.png,8,99,2,2,,,TRUE,1,,STATUS_FINAL,2,FALSE,8,"[{'abbreviation': 'Game', 'name': 'overall', 'summary': '24-5', 'type': 'total'}
 {'abbreviation': None, 'name': 'Home', 'summary': '14-4', 'type': 'home'}
 {'abbreviation': None, 'name': 'Road', 'summary': '8-0', 'type': 'road'}
 {'abbreviation': None, 'name': 'vs. Conf.', 'summary': '14-2', 'type': 'vsconf'}]",2,TRUE,99,"[{'abbreviation': 'Game', 'name': 'overall', 'summary': '19-8', 'type': 'total'}
 {'abbreviation': None, 'name': 'Home', 'summary': '12-3', 'type': 'home'}
 {'abbreviation': None, 'name': 'Road', 'summary': '6-4', 'type': 'road'}
 {'abbreviation': None, 'name': 'vs. Conf.', 'summary': '11-5', 'type': 'vsconf'}]",2,ACC,LOU,UVA,c9001f,f84c1e,ffffff,232d4b,LOU,c9001f,ffffff,UVA,f84c1e,232d4b,https://raw.githubusercontent.com/sportsdataverse/wehoop-wbb-raw/main/wbb/json/final/401819727.json,2026-02-22T17:00Z,TRUE,,
401825359,2026-02-22T17:00Z,Iowa,Michigan,Home,W,62,44,https://a.espncdn.com/i/teamlogos/ncaa/500/2294.png,https://a.espncdn.com/i/teamlogos/ncaa/500/130.png,13,6,7,7,,,TRUE,1,,STATUS_FINAL,7,TRUE,13,"[{'abbreviation': 'Game', 'name': 'overall', 'summary': '22-5', 'type': 'total'}
 {'abbreviation': None, 'name': 'Home', 'summary': '13-1', 'type': 'home'}
 {'abbreviation': None, 'name': 'Road', 'summary': '7-3', 'type': 'road'}
 {'abbreviation': None, 'name': 'vs. Conf.', 'summary': '13-3', 'type': 'vsconf'}]",7,FALSE,6,"[{'abbreviation': 'Game', 'name': 'overall', 'summary': '22-5', 'type': 'total'}
 {'abbreviation': None, 'name': 'Home', 'summary': '13-1', 'type': 'home'}
 {'abbreviation': None, 'name': 'Road', 'summary': '7-2', 'type': 'road'}
 {'abbreviation': None, 'name': 'vs. Conf.', 'summary': '13-3', 'type': 'vsconf'}]",7,Big Ten,IOWA,MICH,231f20,00274c,fcd116,ffcb05,IOWA,231f20,fcd116,MICH,00274c,ffcb05,https://raw.githubusercontent.com/sportsdataverse/wehoop-wbb-raw/main/wbb/json/final/401825359.json,2026-02-22T17:00Z,TRUE,,
401819727,2026-02-22T17:00Z,Virginia,Louisville,Away,W,74,72,https://a.espncdn.com/i/teamlogos/ncaa/500/258.png,https://a.espncdn.com/i/teamlogos/ncaa/500/97.png,99,8,2,2,,,TRUE,1,,STATUS_FINAL,2,FALSE,8,"[{'abbreviation': 'Game', 'name': 'overall', 'summary': '24-5', 'type': 'total'}
 {'abbreviation': None, 'name': 'Home', 'summary': '14-4', 'type': 'home'}
 {'abbreviation': None, 'name': 'Road', 'summary': '8-0', 'type': 'road'}
 {'abbreviation': None, 'name': 'vs. Conf.', 'summary': '14-2', 'type': 'vsconf'}]",2,TRUE,99,"[{'abbreviation': 'Game', 'name': 'overall', 'summary': '19-8', 'type': 'total'}
 {'abbreviation': None, 'name': 'Home', 'summary': '12-3', 'type': 'home'}
 {'abbreviation': None, 'name': 'Road', 'summary': '6-4', 'type': 'road'}
 {'abbreviation': None, 'name': 'vs. Conf.', 'summary': '11-5', 'type': 'vsconf'}]",2,ACC,UVA,LOU,f84c1e,c9001f,232d4b,ffffff,LOU,c9001f,ffffff,UVA,f84c1e,232d4b,https://raw.githubusercontent.com/sportsdataverse/wehoop-wbb-raw/main/wbb/json/final/401819727.json,2026-02-22T17:00Z,TRUE,,
401807636,2026-02-22T17:00Z,South Carolina,Ole Miss,Home,W,85,48,https://a.espncdn.com/i/teamlogos/ncaa/500/2579.png,https://a.espncdn.com/i/teamlogos/ncaa/500/145.png,3,17,23,23,,,TRUE,1,,STATUS_FINAL,23,TRUE,3,"[{'abbreviation': 'Game', 'name': 'overall', 'summary': '27-2', 'type': 'total'}
 {'abbreviation': None, 'name': 'Home', 'summary': '15-0', 'type': 'home'}
 {'abbreviation': None, 'name': 'Road', 'summary': '10-1', 'type': 'road'}
 {'abbreviation': None, 'name': 'vs. Conf.', 'summary': '13-1', 'type': 'vsconf'}]",23,FALSE,17,"[{'abbreviation': 'Game', 'name': 'overall', 'summary': '21-8', 'type': 'total'}
 {'abbreviation': None, 'name': 'Home', 'summary': '12-1', 'type': 'home'}
 {'abbreviation': None, 'name': 'Road', 'summary': '4-5', 'type': 'road'}
 {'abbreviation': None, 'name': 'vs. Conf.', 'summary': '8-6', 'type': 'vsconf'}]",23,SEC,SC,MISS,73000a,13294b,0,cf142b,SC,73000a,0,MISS,13294b,cf142b,https://raw.githubusercontent.com/sportsdataverse/wehoop-wbb-raw/main/wbb/json/final/401807636.json,2026-02-22T17:00Z,TRUE,,
401825359,2026-02-22T17:00Z,Michigan,Iowa,Away,L,44,62,https://a.espncdn.com/i/teamlogos/ncaa/500/130.png,https://a.espncdn.com/i/teamlogos/ncaa/500/2294.png,6,13,7,7,,,TRUE,1,,STATUS_FINAL,7,TRUE,13,"[{'abbreviation': 'Game', 'name': 'overall', 'summary': '22-5', 'type': 'total'}
 {'abbreviation': None, 'name': 'Home', 'summary': '13-1', 'type': 'home'}
 {'abbreviation': None, 'name': 'Road', 'summary': '7-3', 'type': 'road'}
 {'abbreviation': None, 'name': 'vs. Conf.', 'summary': '13-3', 'type': 'vsconf'}]",7,FALSE,6,"[{'abbreviation': 'Game', 'name': 'overall', 'summary': '22-5', 'type': 'total'}
 {'abbreviation': None, 'name': 'Home', 'summary': '13-1', 'type': 'home'}
 {'abbreviation': None, 'name': 'Road', 'summary': '7-2', 'type': 'road'}
 {'abbreviation': None, 'name': 'vs. Conf.', 'summary': '13-3', 'type': 'vsconf'}]",7,Big Ten,MICH,IOWA,00274c,231f20,ffcb05,fcd116,IOWA,231f20,fcd116,MICH,00274c,ffcb05,https://raw.githubusercontent.com/sportsdataverse/wehoop-wbb-raw/main/wbb/json/final/401825359.json,2026-02-22T17:00Z,TRUE,,
401825694,2026-02-22T17:00Z,UConn,Providence,Home,W,81,38,https://a.espncdn.com/i/teamlogos/ncaa/500/41.png,https://a.espncdn.com/i/teamlogos/ncaa/500/2507.png,1,99,4,4,,,TRUE,1,,STATUS_FINAL,4,TRUE,1,"[{'abbreviation': 'Game', 'name': 'overall', 'summary': '29-0', 'type': 'total'}
 {'abbreviation': None, 'name': 'Home', 'summary': '14-0', 'type': 'home'}
 {'abbreviation': None, 'name': 'Road', 'summary': '11-0', 'type': 'road'}
 {'abbreviation': None, 'name': 'vs. Conf.', 'summary': '18-0', 'type': 'vsconf'}]",4,FALSE,99,"[{'abbreviation': 'Game', 'name': 'overall', 'summary': '14-15', 'type': 'total'}
 {'abbreviation': None, 'name': 'Home', 'summary': '11-6', 'type': 'home'}
 {'abbreviation': None, 'name': 'Road', 'summary': '3-8', 'type': 'road'}
 {'abbreviation': None, 'name': 'vs. Conf.', 'summary': '7-11', 'type': 'vsconf'}]",4,Big East,CONN,PROV,0c2340,0,a2aaad,a3a19e,CONN,0c2340,a2aaad,PROV,0,a3a19e,https://raw.githubusercontent.com/sportsdataverse/wehoop-wbb-raw/main/wbb/json/final/401825694.json,2026-02-22T17:00Z,TRUE,,
401827412,2026-02-22T02:00Z,Colorado,Texas Tech,Home,W,75,68,https://a.espncdn.com/i/teamlogos/ncaa/500/38.png,https://a.espncdn.com/i/teamlogos/ncaa/500/2641.png,99,20,8,8,,,TRUE,1,,STATUS_FINAL,8,TRUE,99,"[{'abbreviation': 'Game', 'name': 'overall', 'summary': '20-8', 'type': 'total'}
 {'abbreviation': None, 'name': 'Home', 'summary': '14-2', 'type': 'home'}
 {'abbreviation': None, 'name': 'Road', 'summary': '4-5', 'type': 'road'}
 {'abbreviation': None, 'name': 'vs. Conf.', 'summary': '11-5', 'type': 'vsconf'}]",8,FALSE,20,"[{'abbreviation': 'Game', 'name': 'overall', 'summary': '24-5', 'type': 'total'}
 {'abbreviation': None, 'name': 'Home', 'summary': '14-2', 'type': 'home'}
 {'abbreviation': None, 'name': 'Road', 'summary': '7-3', 'type': 'road'}
 {'abbreviation': None, 'name': 'vs. Conf.', 'summary': '11-5', 'type': 'vsconf'}]",8,Big 12,COLO,TTU,cfb87c,da291c,0,0,COLO,cfb87c,0,TTU,da291c,0,https://raw.githubusercontent.com/sportsdataverse/wehoop-wbb-raw/main/wbb/json/final/401827412.json,2026-02-22T02:00Z,TRUE,,
401827412,2026-02-22T02:00Z,Texas Tech,Colorado,Away,L,68,75,https://a.espncdn.com/i/teamlogos/ncaa/500/2641.png,https://a.espncdn.com/i/teamlogos/ncaa/500/38.png,20,99,8,8,,,TRUE,1,,STATUS_FINAL,8,TRUE,99,"[{'abbreviation': 'Game', 'name': 'overall', 'summary': '20-8', 'type': 'total'}
 {'abbreviation': None, 'name': 'Home', 'summary': '14-2', 'type': 'home'}
 {'abbreviation': None, 'name': 'Road', 'summary': '4-5', 'type': 'road'}
 {'abbreviation': None, 'name': 'vs. Conf.', 'summary': '11-5', 'type': 'vsconf'}]",8,FALSE,20,"[{'abbreviation': 'Game', 'name': 'overall', 'summary': '24-5', 'type': 'total'}
 {'abbreviation': None, 'name': 'Home', 'summary': '14-2', 'type': 'home'}
 {'abbreviation': None, 'name': 'Road', 'summary': '7-3', 'type': 'road'}
 {'abbreviation': None, 'name': 'vs. Conf.', 'summary': '11-5', 'type': 'vsconf'}]",8,Big 12,TTU,COLO,da291c,cfb87c,0,0,COLO,cfb87c,0,TTU,da291c,0,https://raw.githubusercontent.com/sportsdataverse/wehoop-wbb-raw/main/wbb/json/final/401827412.json,2026-02-22T02:00Z,TRUE,,
401827410,2026-02-22T01:00Z,Baylor,Arizona,Home,W,74,60,https://a.espncdn.com/i/teamlogos/ncaa/500/239.png,https://a.espncdn.com/i/teamlogos/ncaa/500/12.png,15,99,8,8,,,TRUE,1,,STATUS_FINAL,8,TRUE,15,"[{'abbreviation': 'Game', 'name': 'overall', 'summary': '23-6', 'type': 'total'}
 {'abbreviation': None, 'name': 'Home', 'summary': '14-2', 'type': 'home'}
 {'abbreviation': None, 'name': 'Road', 'summary': '7-2', 'type': 'road'}
 {'abbreviation': None, 'name': 'vs. Conf.', 'summary': '12-4', 'type': 'vsconf'}]",8,FALSE,99,"[{'abbreviation': 'Game', 'name': 'overall', 'summary': '11-16', 'type': 'total'}
 {'abbreviation': None, 'name': 'Home', 'summary': '11-8', 'type': 'home'}
 {'abbreviation': None, 'name': 'Road', 'summary': '0-8', 'type': 'road'}
 {'abbreviation': None, 'name': 'vs. Conf.', 'summary': '2-14', 'type': 'vsconf'}]",8,Big 12,BAY,ARIZ,154734,cc0033,ffb81c,3366,BAY,154734,ffb81c,ARIZ,cc0033,3366,https://raw.githubusercontent.com/sportsdataverse/wehoop-wbb-raw/main/wbb/json/final/401827410.json,2026-02-22T01:00Z,TRUE,,
401823147,2026-02-21T22:30Z,Princeton,Brown,Home,W,69,37,https://a.espncdn.com/i/teamlogos/ncaa/500/163.png,https://a.espncdn.com/i/teamlogos/ncaa/500/225.png,99,99,12,12,,,TRUE,1,,STATUS_FINAL,12,TRUE,99,"[{'abbreviation': 'Game', 'name': 'overall', 'summary': '21-3', 'type': 'total'}
 {'abbreviation': None, 'name': 'Home', 'summary': '10-1', 'type': 'home'}
 {'abbreviation': None, 'name': 'Road', 'summary': '9-2', 'type': 'road'}
 {'abbreviation': None, 'name': 'vs. Conf.', 'summary': '9-2', 'type': 'vsconf'}]",12,FALSE,99,"[{'abbreviation': 'Game', 'name': 'overall', 'summary': '15-8', 'type': 'total'}
 {'abbreviation': None, 'name': 'Home', 'summary': '8-1', 'type': 'home'}
 {'abbreviation': None, 'name': 'Road', 'summary': '7-7', 'type': 'road'}
 {'abbreviation': None, 'name': 'vs. Conf.', 'summary': '7-4', 'type': 'vsconf'}]",12,Ivy,PRIN,BRWN,0,4.11E+11,ff6000,949300,PRIN,0,ff6000,BRWN,4.11E+11,949300,https://raw.githubusercontent.com/sportsdataverse/wehoop-wbb-raw/main/wbb/json/final/401823147.json,2026-02-21T22:30Z,TRUE,,
401808747,2026-02-21T19:00Z,James Madison,App State,Home,W,74,48,https://a.espncdn.com/i/teamlogos/ncaa/500/256.png,https://a.espncdn.com/i/teamlogos/ncaa/500/2026.png,99,99,27,27,,,TRUE,1,,STATUS_FINAL,27,TRUE,99,"[{'abbreviation': 'Game', 'name': 'overall', 'summary': '21-8', 'type': 'total'}
 {'abbreviation': None, 'name': 'Home', 'summary': '12-3', 'type': 'home'}
 {'abbreviation': None, 'name': 'Road', 'summary': '7-5', 'type': 'road'}
 {'abbreviation': None, 'name': 'vs. Conf.', 'summary': '12-4', 'type': 'vsconf'}]",27,FALSE,99,"[{'abbreviation': 'Game', 'name': 'overall', 'summary': '11-16', 'type': 'total'}
 {'abbreviation': None, 'name': 'Home', 'summary': '8-5', 'type': 'home'}
 {'abbreviation': None, 'name': 'Road', 'summary': '3-11', 'type': 'road'}
 {'abbreviation': None, 'name': 'vs. Conf.', 'summary': '4-12', 'type': 'vsconf'}]",27,Sun Belt,JMU,APP,450084,0,cbb677,ffcd00,JMU,450084,cbb677,APP,0,ffcd00,https://raw.githubusercontent.com/sportsdataverse/wehoop-wbb-raw/main/wbb/json/final/401808747.json,2026-02-21T19:00Z,TRUE,,
401827416,2026-02-21T19:00Z,West Virginia,Oklahoma State,Home,W,72,40,https://a.espncdn.com/i/teamlogos/ncaa/500/277.png,https://a.espncdn.com/i/teamlogos/ncaa/500/197.png,19,99,8,8,,,TRUE,1,,STATUS_FINAL,8,TRUE,19,"[{'abbreviation': 'Game', 'name': 'overall', 'summary': '22-6', 'type': 'total'}
 {'abbreviation': None, 'name': 'Home', 'summary': '13-3', 'type': 'home'}
 {'abbreviation': None, 'name': 'Road', 'summary': '7-2', 'type': 'road'}
 {'abbreviation': None, 'name': 'vs. Conf.', 'summary': '12-4', 'type': 'vsconf'}]",8,FALSE,99,"[{'abbreviation': 'Game', 'name': 'overall', 'summary': '21-8', 'type': 'total'}
 {'abbreviation': None, 'name': 'Home', 'summary': '15-1', 'type': 'home'}
 {'abbreviation': None, 'name': 'Road', 'summary': '4-6', 'type': 'road'}
 {'abbreviation': None, 'name': 'vs. Conf.', 'summary': '10-6', 'type': 'vsconf'}]",8,Big 12,WVU,OKST,eaaa00,fe5c00,2855,0,WVU,eaaa00,2855,OKST,fe5c00,0,https://raw.githubusercontent.com/sportsdataverse/wehoop-wbb-raw/main/wbb/json/final/401827416.json,2026-02-21T19:00Z,TRUE,,
401827416,2026-02-21T19:00Z,Oklahoma State,West Virginia,Away,L,40,72,https://a.espncdn.com/i/teamlogos/ncaa/500/197.png,https://a.espncdn.com/i/teamlogos/ncaa/500/277.png,99,19,8,8,,,TRUE,1,,STATUS_FINAL,8,TRUE,19,"[{'abbreviation': 'Game', 'name': 'overall', 'summary': '22-6', 'type': 'total'}
 {'abbreviation': None, 'name': 'Home', 'summary': '13-3', 'type': 'home'}
 {'abbreviation': None, 'name': 'Road', 'summary': '7-2', 'type': 'road'}
 {'abbreviation': None, 'name': 'vs. Conf.', 'summary': '12-4', 'type': 'vsconf'}]",8,FALSE,99,"[{'abbreviation': 'Game', 'name': 'overall', 'summary': '21-8', 'type': 'total'}
 {'abbreviation': None, 'name': 'Home', 'summary': '15-1', 'type': 'home'}
 {'abbreviation': None, 'name': 'Road', 'summary': '4-6', 'type': 'road'}
 {'abbreviation': None, 'name': 'vs. Conf.', 'summary': '10-6', 'type': 'vsconf'}]",8,Big 12,OKST,WVU,fe5c00,eaaa00,0,2855,WVU,eaaa00,2855,OKST,fe5c00,0,https://raw.githubusercontent.com/sportsdataverse/wehoop-wbb-raw/main/wbb/json/final/401827416.json,2026-02-21T19:00Z,TRUE,,
401819767,2026-02-21T19:00Z,Fairfield,Siena,Away,W,81,51,https://a.espncdn.com/i/teamlogos/ncaa/500/2217.png,https://a.espncdn.com/i/teamlogos/ncaa/500/2561.png,99,99,13,13,,,TRUE,1,,STATUS_FINAL,13,FALSE,99,"[{'abbreviation': 'Game', 'name': 'overall', 'summary': '11-16', 'type': 'total'}
 {'abbreviation': None, 'name': 'Home', 'summary': '6-6', 'type': 'home'}
 {'abbreviation': None, 'name': 'Road', 'summary': '5-10', 'type': 'road'}
 {'abbreviation': None, 'name': 'vs. Conf.', 'summary': '9-9', 'type': 'vsconf'}]",13,TRUE,99,"[{'abbreviation': 'Game', 'name': 'overall', 'summary': '24-4', 'type': 'total'}
 {'abbreviation': None, 'name': 'Home', 'summary': '11-1', 'type': 'home'}
 {'abbreviation': None, 'name': 'Road', 'summary': '12-2', 'type': 'road'}
 {'abbreviation': None, 'name': 'vs. Conf.', 'summary': '18-1', 'type': 'vsconf'}]",13,MAAC,FAIR,SIE,0,37961,ebebeb,eea60f,SIE,37961,eea60f,FAIR,0,ebebeb,https://raw.githubusercontent.com/sportsdataverse/wehoop-wbb-raw/main/wbb/json/final/401819767.json,2026-02-21T19:00Z,TRUE,,
401829143,2026-02-21T18:00Z,Rhode Island,Fordham,Home,W,69,39,https://a.espncdn.com/i/teamlogos/ncaa/500/227.png,https://a.espncdn.com/i/teamlogos/ncaa/500/2230.png,99,99,3,3,,,TRUE,1,,STATUS_FINAL,3,TRUE,99,"[{'abbreviation': 'Game', 'name': 'overall', 'summary': '24-3', 'type': 'total'}
 {'abbreviation': None, 'name': 'Home', 'summary': '13-1', 'type': 'home'}
 {'abbreviation': None, 'name': 'Road', 'summary': '11-2', 'type': 'road'}
 {'abbreviation': None, 'name': 'vs. Conf.', 'summary': '15-1', 'type': 'vsconf'}]",3,FALSE,99,"[{'abbreviation': 'Game', 'name': 'overall', 'summary': '10-17', 'type': 'total'}
 {'abbreviation': None, 'name': 'Home', 'summary': '7-8', 'type': 'home'}
 {'abbreviation': None, 'name': 'Road', 'summary': '3-9', 'type': 'road'}
 {'abbreviation': None, 'name': 'vs. Conf.', 'summary': '2-14', 'type': 'vsconf'}]",3,A-10,URI,FOR,091f3f,830032,5ab3e8,909090,URI,091f3f,5ab3e8,FOR,830032,909090,https://raw.githubusercontent.com/sportsdataverse/wehoop-wbb-raw/main/wbb/json/final/401829143.json,2026-02-21T18:00Z,TRUE,,
401825356,2026-02-20T03:00Z,Washington,UCLA,Away,L,67,82,https://a.espncdn.com/i/teamlogos/ncaa/500/264.png,https://a.espncdn.com/i/teamlogos/ncaa/500/26.png,99,2,7,7,,,TRUE,1,,STATUS_FINAL,7,TRUE,2,"[{'abbreviation': 'Game', 'name': 'overall', 'summary': '26-1', 'type': 'total'}
 {'abbreviation': None, 'name': 'Home', 'summary': '13-0', 'type': 'home'}
 {'abbreviation': None, 'name': 'Road', 'summary': '8-0', 'type': 'road'}
 {'abbreviation': None, 'name': 'vs. Conf.', 'summary': '16-0', 'type': 'vsconf'}]",7,FALSE,99,"[{'abbreviation': 'Game', 'name': 'overall', 'summary': '19-8', 'type': 'total'}
 {'abbreviation': None, 'name': 'Home', 'summary': '13-3', 'type': 'home'}
 {'abbreviation': None, 'name': 'Road', 'summary': '6-5', 'type': 'road'}
 {'abbreviation': None, 'name': 'vs. Conf.', 'summary': '9-7', 'type': 'vsconf'}]",7,Big Ten,WASH,UCLA,33006f,2774ae,e8d3a2,f2a900,UCLA,2774ae,f2a900,WASH,33006f,e8d3a2,https://raw.githubusercontent.com/sportsdataverse/wehoop-wbb-raw/main/wbb/json/final/401825356.json,2026-02-20T03:00Z,TRUE,,
401825356,2026-02-20T03:00Z,UCLA,Washington,Home,W,82,67,https://a.espncdn.com/i/teamlogos/ncaa/500/26.png,https://a.espncdn.com/i/teamlogos/ncaa/500/264.png,2,99,7,7,,,TRUE,1,,STATUS_FINAL,7,TRUE,2,"[{'abbreviation': 'Game', 'name': 'overall', 'summary': '26-1', 'type': 'total'}
 {'abbreviation': None, 'name': 'Home', 'summary': '13-0', 'type': 'home'}
 {'abbreviation': None, 'name': 'Road', 'summary': '8-0', 'type': 'road'}
 {'abbreviation': None, 'name': 'vs. Conf.', 'summary': '16-0', 'type': 'vsconf'}]",7,FALSE,99,"[{'abbreviation': 'Game', 'name': 'overall', 'summary': '19-8', 'type': 'total'}
 {'abbreviation': None, 'name': 'Home', 'summary': '13-3', 'type': 'home'}
 {'abbreviation': None, 'name': 'Road', 'summary': '6-5', 'type': 'road'}
 {'abbreviation': None, 'name': 'vs. Conf.', 'summary': '9-7', 'type': 'vsconf'}]",7,Big Ten,UCLA,WASH,2774ae,33006f,f2a900,e8d3a2,UCLA,2774ae,f2a900,WASH,33006f,e8d3a2,https://raw.githubusercontent.com/sportsdataverse/wehoop-wbb-raw/main/wbb/json/final/401825356.json,2026-02-20T03:00Z,TRUE,,
401807629,2026-02-20T02:00Z,LSU,Ole Miss,Away,W,78,70,https://a.espncdn.com/i/teamlogos/ncaa/500/99.png,https://a.espncdn.com/i/teamlogos/ncaa/500/145.png,7,17,23,23,,,TRUE,1,,STATUS_FINAL,23,FALSE,17,"[{'abbreviation': 'Game', 'name': 'overall', 'summary': '21-7', 'type': 'total'}
 {'abbreviation': None, 'name': 'Home', 'summary': '12-1', 'type': 'home'}
 {'abbreviation': None, 'name': 'Road', 'summary': '4-4', 'type': 'road'}
 {'abbreviation': None, 'name': 'vs. Conf.', 'summary': '8-5', 'type': 'vsconf'}]",23,TRUE,7,"[{'abbreviation': 'Game', 'name': 'overall', 'summary': '23-4', 'type': 'total'}
 {'abbreviation': None, 'name': 'Home', 'summary': '11-2', 'type': 'home'}
 {'abbreviation': None, 'name': 'Road', 'summary': '9-2', 'type': 'road'}
 {'abbreviation': None, 'name': 'vs. Conf.', 'summary': '9-4', 'type': 'vsconf'}]",23,SEC,LSU,MISS,461d76,13294b,fdd023,cf142b,MISS,13294b,cf142b,LSU,461d76,fdd023,https://raw.githubusercontent.com/sportsdataverse/wehoop-wbb-raw/main/wbb/json/final/401807629.json,2026-02-20T02:00Z,TRUE,,
401825354,2026-02-20T02:00Z,Nebraska,Oregon,Away,L,76,80,https://a.espncdn.com/i/teamlogos/ncaa/500/158.png,https://a.espncdn.com/i/teamlogos/ncaa/500/2483.png,99,99,7,7,,,TRUE,1,,STATUS_FINAL,7,TRUE,99,"[{'abbreviation': 'Game', 'name': 'overall', 'summary': '19-9', 'type': 'total'}
 {'abbreviation': None, 'name': 'Home', 'summary': '12-4', 'type': 'home'}
 {'abbreviation': None, 'name': 'Road', 'summary': '5-4', 'type': 'road'}
 {'abbreviation': None, 'name': 'vs. Conf.', 'summary': '7-8', 'type': 'vsconf'}]",7,FALSE,99,"[{'abbreviation': 'Game', 'name': 'overall', 'summary': '16-11', 'type': 'total'}
 {'abbreviation': None, 'name': 'Home', 'summary': '12-4', 'type': 'home'}
 {'abbreviation': None, 'name': 'Road', 'summary': '1-7', 'type': 'road'}
 {'abbreviation': None, 'name': 'vs. Conf.', 'summary': '5-11', 'type': 'vsconf'}]",7,Big Ten,NEB,ORE,e31937,00934b,ffffff,fff41b,ORE,00934b,fff41b,NEB,e31937,ffffff,https://raw.githubusercontent.com/sportsdataverse/wehoop-wbb-raw/main/wbb/json/final/401825354.json,2026-02-20T02:00Z,TRUE,,
401807629,2026-02-20T02:00Z,Ole Miss,LSU,Home,L,70,78,https://a.espncdn.com/i/teamlogos/ncaa/500/145.png,https://a.espncdn.com/i/teamlogos/ncaa/500/99.png,17,7,23,23,,,TRUE,1,,STATUS_FINAL,23,FALSE,17,"[{'abbreviation': 'Game', 'name': 'overall', 'summary': '21-7', 'type': 'total'}
 {'abbreviation': None, 'name': 'Home', 'summary': '12-1', 'type': 'home'}
 {'abbreviation': None, 'name': 'Road', 'summary': '4-4', 'type': 'road'}
 {'abbreviation': None, 'name': 'vs. Conf.', 'summary': '8-5', 'type': 'vsconf'}]",23,TRUE,7,"[{'abbreviation': 'Game', 'name': 'overall', 'summary': '23-4', 'type': 'total'}
 {'abbreviation': None, 'name': 'Home', 'summary': '11-2', 'type': 'home'}
 {'abbreviation': None, 'name': 'Road', 'summary': '9-2', 'type': 'road'}
 {'abbreviation': None, 'name': 'vs. Conf.', 'summary': '9-4', 'type': 'vsconf'}]",23,SEC,MISS,LSU,13294b,461d76,cf142b,fdd023,MISS,13294b,cf142b,LSU,461d76,fdd023,https://raw.githubusercontent.com/sportsdataverse/wehoop-wbb-raw/main/wbb/json/final/401807629.json,2026-02-20T02:00Z,TRUE,,
401825354,2026-02-20T02:00Z,Oregon,Nebraska,Home,W,80,76,https://a.espncdn.com/i/teamlogos/ncaa/500/2483.png,https://a.espncdn.com/i/teamlogos/ncaa/500/158.png,99,99,7,7,,,TRUE,1,,STATUS_FINAL,7,TRUE,99,"[{'abbreviation': 'Game', 'name': 'overall', 'summary': '19-9', 'type': 'total'}
 {'abbreviation': None, 'name': 'Home', 'summary': '12-4', 'type': 'home'}
 {'abbreviation': None, 'name': 'Road', 'summary': '5-4', 'type': 'road'}
 {'abbreviation': None, 'name': 'vs. Conf.', 'summary': '7-8', 'type': 'vsconf'}]",7,FALSE,99,"[{'abbreviation': 'Game', 'name': 'overall', 'summary': '16-11', 'type': 'total'}
 {'abbreviation': None, 'name': 'Home', 'summary': '12-4', 'type': 'home'}
 {'abbreviation': None, 'name': 'Road', 'summary': '1-7', 'type': 'road'}
 {'abbreviation': None, 'name': 'vs. Conf.', 'summary': '5-11', 'type': 'vsconf'}]",7,Big Ten,ORE,NEB,00934b,e31937,fff41b,ffffff,ORE,00934b,fff41b,NEB,e31937,ffffff,https://raw.githubusercontent.com/sportsdataverse/wehoop-wbb-raw/main/wbb/json/final/401825354.json,2026-02-20T02:00Z,TRUE,,
401825355,2026-02-20T02:00Z,USC,Wisconsin,Home,W,66,59,https://a.espncdn.com/i/teamlogos/ncaa/500/30.png,https://a.espncdn.com/i/teamlogos/ncaa/500/275.png,99,99,7,7,,,TRUE,1,,STATUS_FINAL,7,TRUE,99,"[{'abbreviation': 'Game', 'name': 'overall', 'summary': '17-9', 'type': 'total'}
 {'abbreviation': None, 'name': 'Home', 'summary': '12-3', 'type': 'home'}
 {'abbreviation': None, 'name': 'Road', 'summary': '3-5', 'type': 'road'}
 {'abbreviation': None, 'name': 'vs. Conf.', 'summary': '9-6', 'type': 'vsconf'}]",7,FALSE,99,"[{'abbreviation': 'Game', 'name': 'overall', 'summary': '13-14', 'type': 'total'}
 {'abbreviation': None, 'name': 'Home', 'summary': '11-4', 'type': 'home'}
 {'abbreviation': None, 'name': 'Road', 'summary': '2-8', 'type': 'road'}
 {'abbreviation': None, 'name': 'vs. Conf.', 'summary': '5-11', 'type': 'vsconf'}]",7,Big Ten,USC,WIS,9d2235,a00000,ffc72c,ffffff,USC,9d2235,ffc72c,WIS,a00000,ffffff,https://raw.githubusercontent.com/sportsdataverse/wehoop-wbb-raw/main/wbb/json/final/401825355.json,2026-02-20T02:00Z,TRUE,,
401807631,2026-02-20T01:30Z,South Carolina,Alabama,Away,W,76,57,https://a.espncdn.com/i/teamlogos/ncaa/500/2579.png,https://a.espncdn.com/i/teamlogos/ncaa/500/333.png,3,25,23,23,,,TRUE,1,,STATUS_FINAL,23,FALSE,25,"[{'abbreviation': 'Game', 'name': 'overall', 'summary': '20-7', 'type': 'total'}
 {'abbreviation': None, 'name': 'Home', 'summary': '16-3', 'type': 'home'}
 {'abbreviation': None, 'name': 'Road', 'summary': '2-4', 'type': 'road'}
 {'abbreviation': None, 'name': 'vs. Conf.', 'summary': '6-7', 'type': 'vsconf'}]",23,TRUE,3,"[{'abbreviation': 'Game', 'name': 'overall', 'summary': '26-2', 'type': 'total'}
 {'abbreviation': None, 'name': 'Home', 'summary': '14-0', 'type': 'home'}
 {'abbreviation': None, 'name': 'Road', 'summary': '10-1', 'type': 'road'}
 {'abbreviation': None, 'name': 'vs. Conf.', 'summary': '12-1', 'type': 'vsconf'}]",23,SEC,SC,ALA,73000a,9e1b32,0,ffffff,ALA,9e1b32,ffffff,SC,73000a,0,https://raw.githubusercontent.com/sportsdataverse/wehoop-wbb-raw/main/wbb/json/final/401807631.json,2026-02-20T01:30Z,TRUE,,
401807631,2026-02-20T01:30Z,Alabama,South Carolina,Home,L,57,76,https://a.espncdn.com/i/teamlogos/ncaa/500/333.png,https://a.espncdn.com/i/teamlogos/ncaa/500/2579.png,25,3,23,23,,,TRUE,1,,STATUS_FINAL,23,FALSE,25,"[{'abbreviation': 'Game', 'name': 'overall', 'summary': '20-7', 'type': 'total'}
 {'abbreviation': None, 'name': 'Home', 'summary': '16-3', 'type': 'home'}
 {'abbreviation': None, 'name': 'Road', 'summary': '2-4', 'type': 'road'}
 {'abbreviation': None, 'name': 'vs. Conf.', 'summary': '6-7', 'type': 'vsconf'}]",23,TRUE,3,"[{'abbreviation': 'Game', 'name': 'overall', 'summary': '26-2', 'type': 'total'}
 {'abbreviation': None, 'name': 'Home', 'summary': '14-0', 'type': 'home'}
 {'abbreviation': None, 'name': 'Road', 'summary': '10-1', 'type': 'road'}
 {'abbreviation': None, 'name': 'vs. Conf.', 'summary': '12-1', 'type': 'vsconf'}]",23,SEC,ALA,SC,9e1b32,73000a,ffffff,0,ALA,9e1b32,ffffff,SC,73000a,0,https://raw.githubusercontent.com/sportsdataverse/wehoop-wbb-raw/main/wbb/json/final/401807631.json,2026-02-20T01:30Z,TRUE,,
401819627,2026-02-20T01:00Z,Stanford,Miami (FL),Away,L,51,66,https://a.espncdn.com/i/teamlogos/ncaa/500/24.png,https://a.espncdn.com/i/teamlogos/ncaa/500/2390.png,99,99,2,2,,,TRUE,1,,STATUS_FINAL,2,TRUE,99,"[{'abbreviation': 'Game', 'name': 'overall', 'summary': '14-12', 'type': 'total'}
 {'abbreviation': None, 'name': 'Home', 'summary': '8-6', 'type': 'home'}
 {'abbreviation': None, 'name': 'Road', 'summary': '4-4', 'type': 'road'}
 {'abbreviation': None, 'name': 'vs. Conf.', 'summary': '6-9', 'type': 'vsconf'}]",2,FALSE,99,"[{'abbreviation': 'Game', 'name': 'overall', 'summary': '16-12', 'type': 'total'}
 {'abbreviation': None, 'name': 'Home', 'summary': '9-6', 'type': 'home'}
 {'abbreviation': None, 'name': 'Road', 'summary': '5-5', 'type': 'road'}
 {'abbreviation': None, 'name': 'vs. Conf.', 'summary': '5-10', 'type': 'vsconf'}]",2,ACC,STAN,MIA,8c1515,f47423,ffffff,35131,MIA,f47423,35131,STAN,8c1515,ffffff,https://raw.githubusercontent.com/sportsdataverse/wehoop-wbb-raw/main/wbb/json/final/401819627.json,2026-02-20T01:00Z,TRUE,,
401807628,2026-02-20T00:30Z,Mississippi State,Florida,Home,L,56,71,https://a.espncdn.com/i/teamlogos/ncaa/500/344.png,https://a.espncdn.com/i/teamlogos/ncaa/500/57.png,99,99,23,23,,,TRUE,1,,STATUS_FINAL,23,FALSE,99,"[{'abbreviation': 'Game', 'name': 'overall', 'summary': '18-9', 'type': 'total'}
 {'abbreviation': None, 'name': 'Home', 'summary': '14-4', 'type': 'home'}
 {'abbreviation': None, 'name': 'Road', 'summary': '3-5', 'type': 'road'}
 {'abbreviation': None, 'name': 'vs. Conf.', 'summary': '5-8', 'type': 'vsconf'}]",23,TRUE,99,"[{'abbreviation': 'Game', 'name': 'overall', 'summary': '16-12', 'type': 'total'}
 {'abbreviation': None, 'name': 'Home', 'summary': '12-4', 'type': 'home'}
 {'abbreviation': None, 'name': 'Road', 'summary': '2-8', 'type': 'road'}
 {'abbreviation': None, 'name': 'vs. Conf.', 'summary': '4-9', 'type': 'vsconf'}]",23,SEC,MSST,FLA,5d1725,0021a5,c1c6c8,fa4616,MSST,5d1725,c1c6c8,FLA,0021a5,fa4616,https://raw.githubusercontent.com/sportsdataverse/wehoop-wbb-raw/main/wbb/json/final/401807628.json,2026-02-20T00:30Z,TRUE,,
401807628,2026-02-20T00:30Z,Florida,Mississippi State,Away,W,71,56,https://a.espncdn.com/i/teamlogos/ncaa/500/57.png,https://a.espncdn.com/i/teamlogos/ncaa/500/344.png,99,99,23,23,,,TRUE,1,,STATUS_FINAL,23,FALSE,99,"[{'abbreviation': 'Game', 'name': 'overall', 'summary': '18-9', 'type': 'total'}
 {'abbreviation': None, 'name': 'Home', 'summary': '14-4', 'type': 'home'}
 {'abbreviation': None, 'name': 'Road', 'summary': '3-5', 'type': 'road'}
 {'abbreviation': None, 'name': 'vs. Conf.', 'summary': '5-8', 'type': 'vsconf'}]",23,TRUE,99,"[{'abbreviation': 'Game', 'name': 'overall', 'summary': '16-12', 'type': 'total'}
 {'abbreviation': None, 'name': 'Home', 'summary': '12-4', 'type': 'home'}
 {'abbreviation': None, 'name': 'Road', 'summary': '2-8', 'type': 'road'}
 {'abbreviation': None, 'name': 'vs. Conf.', 'summary': '4-9', 'type': 'vsconf'}]",23,SEC,FLA,MSST,0021a5,5d1725,fa4616,c1c6c8,MSST,5d1725,c1c6c8,FLA,0021a5,fa4616,https://raw.githubusercontent.com/sportsdataverse/wehoop-wbb-raw/main/wbb/json/final/401807628.json,2026-02-20T00:30Z,TRUE,,
401807581,2026-02-20T00:30Z,Texas,Arkansas,Away,W,93,62,https://a.espncdn.com/i/teamlogos/ncaa/500/251.png,https://a.espncdn.com/i/teamlogos/ncaa/500/8.png,4,99,23,23,,,TRUE,1,,STATUS_FINAL,23,FALSE,99,"[{'abbreviation': 'Game', 'name': 'overall', 'summary': '11-17', 'type': 'total'}
 {'abbreviation': None, 'name': 'Home', 'summary': '8-9', 'type': 'home'}
 {'abbreviation': None, 'name': 'Road', 'summary': '1-8', 'type': 'road'}
 {'abbreviation': None, 'name': 'vs. Conf.', 'summary': '0-13', 'type': 'vsconf'}]",23,TRUE,4,"[{'abbreviation': 'Game', 'name': 'overall', 'summary': '25-3', 'type': 'total'}
 {'abbreviation': None, 'name': 'Home', 'summary': '16-0', 'type': 'home'}
 {'abbreviation': None, 'name': 'Road', 'summary': '6-3', 'type': 'road'}
 {'abbreviation': None, 'name': 'vs. Conf.', 'summary': '10-3', 'type': 'vsconf'}]",23,SEC,TEX,ARK,af5c37,a32136,ffffff,ffffff,ARK,a32136,ffffff,TEX,af5c37,ffffff,https://raw.githubusercontent.com/sportsdataverse/wehoop-wbb-raw/main/wbb/json/final/401807581.json,2026-02-20T00:30Z,TRUE,,
401813783,2026-02-20T00:00Z,Fairfield,Saint Peter's,Home,W,62,30,https://a.espncdn.com/i/teamlogos/ncaa/500/2217.png,https://a.espncdn.com/i/teamlogos/ncaa/500/2612.png,99,99,13,13,,,TRUE,1,,STATUS_FINAL,13,TRUE,99,"[{'abbreviation': 'Game', 'name': 'overall', 'summary': '23-4', 'type': 'total'}
 {'abbreviation': None, 'name': 'Home', 'summary': '11-1', 'type': 'home'}
 {'abbreviation': None, 'name': 'Road', 'summary': '11-2', 'type': 'road'}
 {'abbreviation': None, 'name': 'vs. Conf.', 'summary': '17-1', 'type': 'vsconf'}]",13,FALSE,99,"[{'abbreviation': 'Game', 'name': 'overall', 'summary': '7-19', 'type': 'total'}
 {'abbreviation': None, 'name': 'Home', 'summary': '2-10', 'type': 'home'}
 {'abbreviation': None, 'name': 'Road', 'summary': '5-9', 'type': 'road'}
 {'abbreviation': None, 'name': 'vs. Conf.', 'summary': '6-11', 'type': 'vsconf'}]",13,MAAC,FAIR,SPU,0,004CC2,ebebeb,,FAIR,0,ebebeb,SPU,004CC2,,https://raw.githubusercontent.com/sportsdataverse/wehoop-wbb-raw/main/wbb/json/final/401813783.json,2026-02-20T00:00Z,TRUE,,
401819574,2026-02-20T00:00Z,Duke,NC State,Home,W,83,65,https://a.espncdn.com/i/teamlogos/ncaa/500/150.png,https://a.espncdn.com/i/teamlogos/ncaa/500/152.png,9,99,2,2,,,TRUE,1,,STATUS_FINAL,2,TRUE,9,"[{'abbreviation': 'Game', 'name': 'overall', 'summary': '20-6', 'type': 'total'}
 {'abbreviation': None, 'name': 'Home', 'summary': '11-1', 'type': 'home'}
 {'abbreviation': None, 'name': 'Road', 'summary': '9-1', 'type': 'road'}
 {'abbreviation': None, 'name': 'vs. Conf.', 'summary': '15-0', 'type': 'vsconf'}]",2,FALSE,99,"[{'abbreviation': 'Game', 'name': 'overall', 'summary': '17-9', 'type': 'total'}
 {'abbreviation': None, 'name': 'Home', 'summary': '8-4', 'type': 'home'}
 {'abbreviation': None, 'name': 'Road', 'summary': '6-4', 'type': 'road'}
 {'abbreviation': None, 'name': 'vs. Conf.', 'summary': '10-5', 'type': 'vsconf'}]",2,ACC,DUKE,NCSU,00539b,cc0000,ffffff,ffffff,DUKE,00539b,ffffff,NCSU,cc0000,ffffff,https://raw.githubusercontent.com/sportsdataverse/wehoop-wbb-raw/main/wbb/json/final/401819574.json,2026-02-20T00:00Z,TRUE,,
401819574,2026-02-20T00:00Z,NC State,Duke,Away,L,65,83,https://a.espncdn.com/i/teamlogos/ncaa/500/152.png,https://a.espncdn.com/i/teamlogos/ncaa/500/150.png,99,9,2,2,,,TRUE,1,,STATUS_FINAL,2,TRUE,9,"[{'abbreviation': 'Game', 'name': 'overall', 'summary': '20-6', 'type': 'total'}
 {'abbreviation': None, 'name': 'Home', 'summary': '11-1', 'type': 'home'}
 {'abbreviation': None, 'name': 'Road', 'summary': '9-1', 'type': 'road'}
 {'abbreviation': None, 'name': 'vs. Conf.', 'summary': '15-0', 'type': 'vsconf'}]",2,FALSE,99,"[{'abbreviation': 'Game', 'name': 'overall', 'summary': '17-9', 'type': 'total'}
 {'abbreviation': None, 'name': 'Home', 'summary': '8-4', 'type': 'home'}
 {'abbreviation': None, 'name': 'Road', 'summary': '6-4', 'type': 'road'}
 {'abbreviation': None, 'name': 'vs. Conf.', 'summary': '10-5', 'type': 'vsconf'}]",2,ACC,NCSU,DUKE,cc0000,00539b,ffffff,ffffff,DUKE,00539b,ffffff,NCSU,cc0000,ffffff,https://raw.githubusercontent.com/sportsdataverse/wehoop-wbb-raw/main/wbb/json/final/401819574.json,2026-02-20T00:00Z,TRUE,,
401825353,2026-02-20T00:00Z,Iowa,Purdue,Away,W,83,74,https://a.espncdn.com/i/teamlogos/ncaa/500/2294.png,https://a.espncdn.com/i/teamlogos/ncaa/500/2509.png,13,99,7,7,,,TRUE,1,,STATUS_FINAL,7,FALSE,99,"[{'abbreviation': 'Game', 'name': 'overall', 'summary': '12-14', 'type': 'total'}
 {'abbreviation': None, 'name': 'Home', 'summary': '11-5', 'type': 'home'}
 {'abbreviation': None, 'name': 'Road', 'summary': '1-9', 'type': 'road'}
 {'abbreviation': None, 'name': 'vs. Conf.', 'summary': '4-11', 'type': 'vsconf'}]",7,TRUE,13,"[{'abbreviation': 'Game', 'name': 'overall', 'summary': '21-5', 'type': 'total'}
 {'abbreviation': None, 'name': 'Home', 'summary': '12-1', 'type': 'home'}
 {'abbreviation': None, 'name': 'Road', 'summary': '7-3', 'type': 'road'}
 {'abbreviation': None, 'name': 'vs. Conf.', 'summary': '12-3', 'type': 'vsconf'}]",7,Big Ten,IOWA,PUR,231f20,ceb888,fcd116,0,PUR,ceb888,0,IOWA,231f20,fcd116,https://raw.githubusercontent.com/sportsdataverse/wehoop-wbb-raw/main/wbb/json/final/401825353.json,2026-02-20T00:00Z,TRUE,,
401807632,2026-02-19T23:30Z,Tennessee,Texas A&M,Home,L,74,82,https://a.espncdn.com/i/teamlogos/ncaa/500/2633_ncw.png,https://a.espncdn.com/i/teamlogos/ncaa/500/245.png,21,99,23,23,,,TRUE,1,,STATUS_FINAL,23,FALSE,21,"[{'abbreviation': 'Game', 'name': 'overall', 'summary': '16-9', 'type': 'total'}
 {'abbreviation': None, 'name': 'Home', 'summary': '9-3', 'type': 'home'}
 {'abbreviation': None, 'name': 'Road', 'summary': '7-4', 'type': 'road'}
 {'abbreviation': None, 'name': 'vs. Conf.', 'summary': '8-5', 'type': 'vsconf'}]",23,TRUE,99,"[{'abbreviation': 'Game', 'name': 'overall', 'summary': '11-11', 'type': 'total'}
 {'abbreviation': None, 'name': 'Home', 'summary': '6-5', 'type': 'home'}
 {'abbreviation': None, 'name': 'Road', 'summary': '3-5', 'type': 'road'}
 {'abbreviation': None, 'name': 'vs. Conf.', 'summary': '4-9', 'type': 'vsconf'}]",23,SEC,TENN,TA&M,ff8200,500000,ffffff,ffffff,TENN,ff8200,ffffff,TA&M,500000,ffffff,https://raw.githubusercontent.com/sportsdataverse/wehoop-wbb-raw/main/wbb/json/final/401807632.json,2026-02-19T23:30Z,TRUE,,
401807630,2026-02-19T23:30Z,Georgia,Oklahoma,Home,L,67,71,https://a.espncdn.com/i/teamlogos/ncaa/500/61.png,https://a.espncdn.com/i/teamlogos/ncaa/500/201.png,24,11,23,23,,,TRUE,1,,STATUS_FINAL,23,FALSE,24,"[{'abbreviation': 'Game', 'name': 'overall', 'summary': '20-7', 'type': 'total'}
 {'abbreviation': None, 'name': 'Home', 'summary': '11-4', 'type': 'home'}
 {'abbreviation': None, 'name': 'Road', 'summary': '5-3', 'type': 'road'}
 {'abbreviation': None, 'name': 'vs. Conf.', 'summary': '6-7', 'type': 'vsconf'}]",23,TRUE,11,"[{'abbreviation': 'Game', 'name': 'overall', 'summary': '20-6', 'type': 'total'}
 {'abbreviation': None, 'name': 'Home', 'summary': '12-2', 'type': 'home'}
 {'abbreviation': None, 'name': 'Road', 'summary': '5-3', 'type': 'road'}
 {'abbreviation': None, 'name': 'vs. Conf.', 'summary': '8-5', 'type': 'vsconf'}]",23,SEC,UGA,OU,ba0c2f,990000,2c2a29,ffffff,UGA,ba0c2f,2c2a29,OU,990000,ffffff,https://raw.githubusercontent.com/sportsdataverse/wehoop-wbb-raw/main/wbb/json/final/401807630.json,2026-02-19T23:30Z,TRUE,,
401807630,2026-02-19T23:30Z,Oklahoma,Georgia,Away,W,71,67,https://a.espncdn.com/i/teamlogos/ncaa/500/201.png,https://a.espncdn.com/i/teamlogos/ncaa/500/61.png,11,24,23,23,,,TRUE,1,,STATUS_FINAL,23,FALSE,24,"[{'abbreviation': 'Game', 'name': 'overall', 'summary': '20-7', 'type': 'total'}
 {'abbreviation': None, 'name': 'Home', 'summary': '11-4', 'type': 'home'}
 {'abbreviation': None, 'name': 'Road', 'summary': '5-3', 'type': 'road'}
 {'abbreviation': None, 'name': 'vs. Conf.', 'summary': '6-7', 'type': 'vsconf'}]",23,TRUE,11,"[{'abbreviation': 'Game', 'name': 'overall', 'summary': '20-6', 'type': 'total'}
 {'abbreviation': None, 'name': 'Home', 'summary': '12-2', 'type': 'home'}
 {'abbreviation': None, 'name': 'Road', 'summary': '5-3', 'type': 'road'}
 {'abbreviation': None, 'name': 'vs. Conf.', 'summary': '8-5', 'type': 'vsconf'}]",23,SEC,OU,UGA,990000,ba0c2f,ffffff,2c2a29,UGA,ba0c2f,2c2a29,OU,990000,ffffff,https://raw.githubusercontent.com/sportsdataverse/wehoop-wbb-raw/main/wbb/json/final/401807630.json,2026-02-19T23:30Z,TRUE,,
401819721,2026-02-19T23:00Z,Virginia Tech,UNC,Home,L,63,66,https://a.espncdn.com/i/teamlogos/ncaa/500/259.png,https://a.espncdn.com/i/teamlogos/ncaa/500/153.png,99,22,2,2,,,TRUE,1,,STATUS_FINAL,2,FALSE,99,"[{'abbreviation': 'Game', 'name': 'overall', 'summary': '20-8', 'type': 'total'}
 {'abbreviation': None, 'name': 'Home', 'summary': '13-4', 'type': 'home'}
 {'abbreviation': None, 'name': 'Road', 'summary': '6-3', 'type': 'road'}
 {'abbreviation': None, 'name': 'vs. Conf.', 'summary': '10-6', 'type': 'vsconf'}]",2,TRUE,22,"[{'abbreviation': 'Game', 'name': 'overall', 'summary': '22-6', 'type': 'total'}
 {'abbreviation': None, 'name': 'Home', 'summary': '11-2', 'type': 'home'}
 {'abbreviation': None, 'name': 'Road', 'summary': '7-3', 'type': 'road'}
 {'abbreviation': None, 'name': 'vs. Conf.', 'summary': '11-4', 'type': 'vsconf'}]",2,ACC,VT,UNC,6a2c3e,7bafd4,cf4520,13294b,VT,6a2c3e,cf4520,UNC,7bafd4,13294b,https://raw.githubusercontent.com/sportsdataverse/wehoop-wbb-raw/main/wbb/json/final/401819721.json,2026-02-19T23:00Z,TRUE,,
401819722,2026-02-19T23:00Z,Notre Dame,Wake Forest,Away,W,78,54,https://a.espncdn.com/i/teamlogos/ncaa/500/87.png,https://a.espncdn.com/i/teamlogos/ncaa/500/154.png,99,99,2,2,,,TRUE,1,,STATUS_FINAL,2,FALSE,99,"[{'abbreviation': 'Game', 'name': 'overall', 'summary': '13-14', 'type': 'total'}
 {'abbreviation': None, 'name': 'Home', 'summary': '8-9', 'type': 'home'}
 {'abbreviation': None, 'name': 'Road', 'summary': '2-5', 'type': 'road'}
 {'abbreviation': None, 'name': 'vs. Conf.', 'summary': '3-12', 'type': 'vsconf'}]",2,TRUE,99,"[{'abbreviation': 'Game', 'name': 'overall', 'summary': '17-9', 'type': 'total'}
 {'abbreviation': None, 'name': 'Home', 'summary': '13-2', 'type': 'home'}
 {'abbreviation': None, 'name': 'Road', 'summary': '4-6', 'type': 'road'}
 {'abbreviation': None, 'name': 'vs. Conf.', 'summary': '9-6', 'type': 'vsconf'}]",2,ACC,ND,WAKE,62340,ceb888,c99700,2c2a29,WAKE,ceb888,2c2a29,ND,62340,c99700,https://raw.githubusercontent.com/sportsdataverse/wehoop-wbb-raw/main/wbb/json/final/401819722.json,2026-02-19T23:00Z,TRUE,,
401819721,2026-02-19T23:00Z,UNC,Virginia Tech,Away,W,66,63,https://a.espncdn.com/i/teamlogos/ncaa/500/153.png,https://a.espncdn.com/i/teamlogos/ncaa/500/259.png,22,99,2,2,,,TRUE,1,,STATUS_FINAL,2,FALSE,99,"[{'abbreviation': 'Game', 'name': 'overall', 'summary': '20-8', 'type': 'total'}
 {'abbreviation': None, 'name': 'Home', 'summary': '13-4', 'type': 'home'}
 {'abbreviation': None, 'name': 'Road', 'summary': '6-3', 'type': 'road'}
 {'abbreviation': None, 'name': 'vs. Conf.', 'summary': '10-6', 'type': 'vsconf'}]",2,TRUE,22,"[{'abbreviation': 'Game', 'name': 'overall', 'summary': '22-6', 'type': 'total'}
 {'abbreviation': None, 'name': 'Home', 'summary': '11-2', 'type': 'home'}
 {'abbreviation': None, 'name': 'Road', 'summary': '7-3', 'type': 'road'}
 {'abbreviation': None, 'name': 'vs. Conf.', 'summary': '11-4', 'type': 'vsconf'}]",2,ACC,UNC,VT,7bafd4,6a2c3e,13294b,cf4520,VT,6a2c3e,cf4520,UNC,7bafd4,13294b,https://raw.githubusercontent.com/sportsdataverse/wehoop-wbb-raw/main/wbb/json/final/401819721.json,2026-02-19T23:00Z,TRUE,,
401825352,2026-02-19T01:00Z,Minnesota,Ohio State,Home,W,74,61,https://a.espncdn.com/i/teamlogos/ncaa/500/135.png,https://a.espncdn.com/i/teamlogos/ncaa/500/194.png,23,10,7,7,,,TRUE,1,,STATUS_FINAL,7,TRUE,23,"[{'abbreviation': 'Game', 'name': 'overall', 'summary': '21-6', 'type': 'total'}
 {'abbreviation': None, 'name': 'Home', 'summary': '13-2', 'type': 'home'}
 {'abbreviation': None, 'name': 'Road', 'summary': '7-3', 'type': 'road'}
 {'abbreviation': None, 'name': 'vs. Conf.', 'summary': '12-4', 'type': 'vsconf'}]",7,FALSE,10,"[{'abbreviation': 'Game', 'name': 'overall', 'summary': '22-5', 'type': 'total'}
 {'abbreviation': None, 'name': 'Home', 'summary': '13-2', 'type': 'home'}
 {'abbreviation': None, 'name': 'Road', 'summary': '6-3', 'type': 'road'}
 {'abbreviation': None, 'name': 'vs. Conf.', 'summary': '11-4', 'type': 'vsconf'}]",7,Big Ten,MINN,OSU,5e0a2f,ba0c2f,fab41c,a8adb4,MINN,5e0a2f,fab41c,OSU,ba0c2f,a8adb4,https://raw.githubusercontent.com/sportsdataverse/wehoop-wbb-raw/main/wbb/json/final/401825352.json,2026-02-19T01:00Z,TRUE,,
401825352,2026-02-19T01:00Z,Ohio State,Minnesota,Away,L,61,74,https://a.espncdn.com/i/teamlogos/ncaa/500/194.png,https://a.espncdn.com/i/teamlogos/ncaa/500/135.png,10,23,7,7,,,TRUE,1,,STATUS_FINAL,7,TRUE,23,"[{'abbreviation': 'Game', 'name': 'overall', 'summary': '21-6', 'type': 'total'}
 {'abbreviation': None, 'name': 'Home', 'summary': '13-2', 'type': 'home'}
 {'abbreviation': None, 'name': 'Road', 'summary': '7-3', 'type': 'road'}
 {'abbreviation': None, 'name': 'vs. Conf.', 'summary': '12-4', 'type': 'vsconf'}]",7,FALSE,10,"[{'abbreviation': 'Game', 'name': 'overall', 'summary': '22-5', 'type': 'total'}
 {'abbreviation': None, 'name': 'Home', 'summary': '13-2', 'type': 'home'}
 {'abbreviation': None, 'name': 'Road', 'summary': '6-3', 'type': 'road'}
 {'abbreviation': None, 'name': 'vs. Conf.', 'summary': '11-4', 'type': 'vsconf'}]",7,Big Ten,OSU,MINN,ba0c2f,5e0a2f,a8adb4,fab41c,MINN,5e0a2f,fab41c,OSU,ba0c2f,a8adb4,https://raw.githubusercontent.com/sportsdataverse/wehoop-wbb-raw/main/wbb/json/final/401825352.json,2026-02-19T01:00Z,TRUE,,
401827407,2026-02-19T00:30Z,TCU,Houston,Away,W,72,50,https://a.espncdn.com/i/teamlogos/ncaa/500/2628.png,https://a.espncdn.com/i/teamlogos/ncaa/500/248.png,12,99,8,8,,,TRUE,1,,STATUS_FINAL,8,FALSE,99,"[{'abbreviation': 'Game', 'name': 'overall', 'summary': '7-19', 'type': 'total'}
 {'abbreviation': None, 'name': 'Home', 'summary': '5-9', 'type': 'home'}
 {'abbreviation': None, 'name': 'Road', 'summary': '1-9', 'type': 'road'}
 {'abbreviation': None, 'name': 'vs. Conf.', 'summary': '1-14', 'type': 'vsconf'}]",8,TRUE,12,"[{'abbreviation': 'Game', 'name': 'overall', 'summary': '24-4', 'type': 'total'}
 {'abbreviation': None, 'name': 'Home', 'summary': '16-0', 'type': 'home'}
 {'abbreviation': None, 'name': 'Road', 'summary': '6-3', 'type': 'road'}
 {'abbreviation': None, 'name': 'vs. Conf.', 'summary': '12-3', 'type': 'vsconf'}]",8,Big 12,TCU,HOU,4d1979,c8102e,ffffff,ffffff,HOU,c8102e,ffffff,TCU,4d1979,ffffff,https://raw.githubusercontent.com/sportsdataverse/wehoop-wbb-raw/main/wbb/json/final/401827407.json,2026-02-19T00:30Z,TRUE,,
401827405,2026-02-19T00:30Z,Iowa State,Arizona State,Home,W,90,64,https://a.espncdn.com/i/teamlogos/ncaa/500/66.png,https://a.espncdn.com/i/teamlogos/ncaa/500/9.png,99,99,8,8,,,TRUE,1,,STATUS_FINAL,8,TRUE,99,"[{'abbreviation': 'Game', 'name': 'overall', 'summary': '21-6', 'type': 'total'}
 {'abbreviation': None, 'name': 'Home', 'summary': '15-2', 'type': 'home'}
 {'abbreviation': None, 'name': 'Road', 'summary': '4-4', 'type': 'road'}
 {'abbreviation': None, 'name': 'vs. Conf.', 'summary': '9-6', 'type': 'vsconf'}]",8,FALSE,99,"[{'abbreviation': 'Game', 'name': 'overall', 'summary': '21-7', 'type': 'total'}
 {'abbreviation': None, 'name': 'Home', 'summary': '14-1', 'type': 'home'}
 {'abbreviation': None, 'name': 'Road', 'summary': '7-6', 'type': 'road'}
 {'abbreviation': None, 'name': 'vs. Conf.', 'summary': '8-7', 'type': 'vsconf'}]",8,Big 12,ISU,ASU,ae192d,ffc627,ffc72a,8c1d40,ISU,ae192d,ffc72a,ASU,ffc627,8c1d40,https://raw.githubusercontent.com/sportsdataverse/wehoop-wbb-raw/main/wbb/json/final/401827405.json,2026-02-19T00:30Z,TRUE,,
401827408,2026-02-19T00:00Z,Texas Tech,Baylor,Home,W,87,56,https://a.espncdn.com/i/teamlogos/ncaa/500/2641.png,https://a.espncdn.com/i/teamlogos/ncaa/500/239.png,20,15,8,8,,,TRUE,1,,STATUS_FINAL,8,TRUE,20,"[{'abbreviation': 'Game', 'name': 'overall', 'summary': '24-4', 'type': 'total'}
 {'abbreviation': None, 'name': 'Home', 'summary': '14-2', 'type': 'home'}
 {'abbreviation': None, 'name': 'Road', 'summary': '7-2', 'type': 'road'}
 {'abbreviation': None, 'name': 'vs. Conf.', 'summary': '11-4', 'type': 'vsconf'}]",8,FALSE,15,"[{'abbreviation': 'Game', 'name': 'overall', 'summary': '22-6', 'type': 'total'}
 {'abbreviation': None, 'name': 'Home', 'summary': '13-2', 'type': 'home'}
 {'abbreviation': None, 'name': 'Road', 'summary': '7-2', 'type': 'road'}
 {'abbreviation': None, 'name': 'vs. Conf.', 'summary': '11-4', 'type': 'vsconf'}]",8,Big 12,TTU,BAY,da291c,154734,0,ffb81c,TTU,da291c,0,BAY,154734,ffb81c,https://raw.githubusercontent.com/sportsdataverse/wehoop-wbb-raw/main/wbb/json/final/401827408.json,2026-02-19T00:00Z,TRUE,,
401827408,2026-02-19T00:00Z,Baylor,Texas Tech,Away,L,56,87,https://a.espncdn.com/i/teamlogos/ncaa/500/239.png,https://a.espncdn.com/i/teamlogos/ncaa/500/2641.png,15,20,8,8,,,TRUE,1,,STATUS_FINAL,8,TRUE,20,"[{'abbreviation': 'Game', 'name': 'overall', 'summary': '24-4', 'type': 'total'}
 {'abbreviation': None, 'name': 'Home', 'summary': '14-2', 'type': 'home'}
 {'abbreviation': None, 'name': 'Road', 'summary': '7-2', 'type': 'road'}
 {'abbreviation': None, 'name': 'vs. Conf.', 'summary': '11-4', 'type': 'vsconf'}]",8,FALSE,15,"[{'abbreviation': 'Game', 'name': 'overall', 'summary': '22-6', 'type': 'total'}
 {'abbreviation': None, 'name': 'Home', 'summary': '13-2', 'type': 'home'}
 {'abbreviation': None, 'name': 'Road', 'summary': '7-2', 'type': 'road'}
 {'abbreviation': None, 'name': 'vs. Conf.', 'summary': '11-4', 'type': 'vsconf'}]",8,Big 12,BAY,TTU,154734,da291c,ffb81c,0,TTU,da291c,0,BAY,154734,ffb81c,https://raw.githubusercontent.com/sportsdataverse/wehoop-wbb-raw/main/wbb/json/final/401827408.json,2026-02-19T00:00Z,TRUE,,
401825687,2026-02-19T00:00Z,UConn,Villanova,Away,W,83,69,https://a.espncdn.com/i/teamlogos/ncaa/500/41.png,https://a.espncdn.com/i/teamlogos/ncaa/500/222.png,1,99,4,4,,,TRUE,1,,STATUS_FINAL,4,FALSE,99,"[{'abbreviation': 'Game', 'name': 'overall', 'summary': '21-6', 'type': 'total'}
 {'abbreviation': None, 'name': 'Home', 'summary': '11-3', 'type': 'home'}
 {'abbreviation': None, 'name': 'Road', 'summary': '9-3', 'type': 'road'}
 {'abbreviation': None, 'name': 'vs. Conf.', 'summary': '14-4', 'type': 'vsconf'}]",4,TRUE,1,"[{'abbreviation': 'Game', 'name': 'overall', 'summary': '28-0', 'type': 'total'}
 {'abbreviation': None, 'name': 'Home', 'summary': '13-0', 'type': 'home'}
 {'abbreviation': None, 'name': 'Road', 'summary': '11-0', 'type': 'road'}
 {'abbreviation': None, 'name': 'vs. Conf.', 'summary': '17-0', 'type': 'vsconf'}]",4,Big East,CONN,VILL,0c2340,00205b,a2aaad,13b5ea,VILL,00205b,13b5ea,CONN,0c2340,a2aaad,https://raw.githubusercontent.com/sportsdataverse/wehoop-wbb-raw/main/wbb/json/final/401825687.json,2026-02-19T00:00Z,TRUE,,
401825687,2026-02-19T00:00Z,Villanova,UConn,Home,L,69,83,https://a.espncdn.com/i/teamlogos/ncaa/500/222.png,https://a.espncdn.com/i/teamlogos/ncaa/500/41.png,99,1,4,4,,,TRUE,1,,STATUS_FINAL,4,FALSE,99,"[{'abbreviation': 'Game', 'name': 'overall', 'summary': '21-6', 'type': 'total'}
 {'abbreviation': None, 'name': 'Home', 'summary': '11-3', 'type': 'home'}
 {'abbreviation': None, 'name': 'Road', 'summary': '9-3', 'type': 'road'}
 {'abbreviation': None, 'name': 'vs. Conf.', 'summary': '14-4', 'type': 'vsconf'}]",4,TRUE,1,"[{'abbreviation': 'Game', 'name': 'overall', 'summary': '28-0', 'type': 'total'}
 {'abbreviation': None, 'name': 'Home', 'summary': '13-0', 'type': 'home'}
 {'abbreviation': None, 'name': 'Road', 'summary': '11-0', 'type': 'road'}
 {'abbreviation': None, 'name': 'vs. Conf.', 'summary': '17-0', 'type': 'vsconf'}]",4,Big East,VILL,CONN,00205b,0c2340,13b5ea,a2aaad,VILL,00205b,13b5ea,CONN,0c2340,a2aaad,https://raw.githubusercontent.com/sportsdataverse/wehoop-wbb-raw/main/wbb/json/final/401825687.json,2026-02-19T00:00Z,TRUE,,
401829140,2026-02-18T23:30Z,Rhode Island,La Salle,Away,L,59,63,https://a.espncdn.com/i/teamlogos/ncaa/500/227.png,https://a.espncdn.com/i/teamlogos/ncaa/500/2325.png,99,99,3,3,,,TRUE,1,,STATUS_FINAL,3,TRUE,99,"[{'abbreviation': 'Game', 'name': 'overall', 'summary': '15-11', 'type': 'total'}
 {'abbreviation': None, 'name': 'Home', 'summary': '7-6', 'type': 'home'}
 {'abbreviation': None, 'name': 'Road', 'summary': '8-4', 'type': 'road'}
 {'abbreviation': None, 'name': 'vs. Conf.', 'summary': '8-7', 'type': 'vsconf'}]",3,FALSE,99,"[{'abbreviation': 'Game', 'name': 'overall', 'summary': '23-3', 'type': 'total'}
 {'abbreviation': None, 'name': 'Home', 'summary': '12-1', 'type': 'home'}
 {'abbreviation': None, 'name': 'Road', 'summary': '11-2', 'type': 'road'}
 {'abbreviation': None, 'name': 'vs. Conf.', 'summary': '14-1', 'type': 'vsconf'}]",3,A-10,URI,LAS,091f3f,3356,5ab3e8,ffce00,LAS,3356,ffce00,URI,091f3f,5ab3e8,https://raw.githubusercontent.com/sportsdataverse/wehoop-wbb-raw/main/wbb/json/final/401829140.json,2026-02-18T23:30Z,TRUE,,
401825351,2026-02-18T23:30Z,Michigan State,Northwestern,Home,W,104,68,https://a.espncdn.com/i/teamlogos/ncaa/500/127.png,https://a.espncdn.com/i/teamlogos/ncaa/500/77.png,18,99,7,7,,,TRUE,1,,STATUS_FINAL,7,TRUE,18,"[{'abbreviation': 'Game', 'name': 'overall', 'summary': '21-6', 'type': 'total'}
 {'abbreviation': None, 'name': 'Home', 'summary': '11-3', 'type': 'home'}
 {'abbreviation': None, 'name': 'Road', 'summary': '6-3', 'type': 'road'}
 {'abbreviation': None, 'name': 'vs. Conf.', 'summary': '10-6', 'type': 'vsconf'}]",7,FALSE,99,"[{'abbreviation': 'Game', 'name': 'overall', 'summary': '8-18', 'type': 'total'}
 {'abbreviation': None, 'name': 'Home', 'summary': '6-7', 'type': 'home'}
 {'abbreviation': None, 'name': 'Road', 'summary': '1-10', 'type': 'road'}
 {'abbreviation': None, 'name': 'vs. Conf.', 'summary': '2-13', 'type': 'vsconf'}]",7,Big Ten,MSU,NU,173f35,492f92,ffffff,ffffff,MSU,173f35,ffffff,NU,492f92,ffffff,https://raw.githubusercontent.com/sportsdataverse/wehoop-wbb-raw/main/wbb/json/final/401825351.json,2026-02-18T23:30Z,TRUE,,
401829141,2026-02-18T23:00Z,Richmond,George Washington,Away,L,54,57,https://a.espncdn.com/i/teamlogos/ncaa/500/257.png,https://a.espncdn.com/i/teamlogos/ncaa/500/45.png,99,99,3,3,,,TRUE,1,,STATUS_FINAL,3,TRUE,99,"[{'abbreviation': 'Game', 'name': 'overall', 'summary': '14-14', 'type': 'total'}
 {'abbreviation': None, 'name': 'Home', 'summary': '10-5', 'type': 'home'}
 {'abbreviation': None, 'name': 'Road', 'summary': '3-8', 'type': 'road'}
 {'abbreviation': None, 'name': 'vs. Conf.', 'summary': '6-9', 'type': 'vsconf'}]",3,FALSE,99,"[{'abbreviation': 'Game', 'name': 'overall', 'summary': '22-6', 'type': 'total'}
 {'abbreviation': None, 'name': 'Home', 'summary': '11-1', 'type': 'home'}
 {'abbreviation': None, 'name': 'Road', 'summary': '8-4', 'type': 'road'}
 {'abbreviation': None, 'name': 'vs. Conf.', 'summary': '12-3', 'type': 'vsconf'}]",3,A-10,RICH,GW,9e0712,2843,b90b2e,e8d2a1,GW,2843,e8d2a1,RICH,9e0712,b90b2e,https://raw.githubusercontent.com/sportsdataverse/wehoop-wbb-raw/main/wbb/json/final/401829141.json,2026-02-18T23:00Z,TRUE,,
401827403,2026-02-18T01:00Z,Colorado,Arizona,Away,W,78,70,https://a.espncdn.com/i/teamlogos/ncaa/500/38.png,https://a.espncdn.com/i/teamlogos/ncaa/500/12.png,99,99,8,8,,,TRUE,1,,STATUS_FINAL,8,FALSE,99,"[{'abbreviation': 'Game', 'name': 'overall', 'summary': '11-15', 'type': 'total'}
 {'abbreviation': None, 'name': 'Home', 'summary': '11-8', 'type': 'home'}
 {'abbreviation': None, 'name': 'Road', 'summary': '0-7', 'type': 'road'}
 {'abbreviation': None, 'name': 'vs. Conf.', 'summary': '2-13', 'type': 'vsconf'}]",8,TRUE,99,"[{'abbreviation': 'Game', 'name': 'overall', 'summary': '19-8', 'type': 'total'}
 {'abbreviation': None, 'name': 'Home', 'summary': '13-2', 'type': 'home'}
 {'abbreviation': None, 'name': 'Road', 'summary': '4-5', 'type': 'road'}
 {'abbreviation': None, 'name': 'vs. Conf.', 'summary': '10-5', 'type': 'vsconf'}]",8,Big 12,COLO,ARIZ,cfb87c,cc0033,0,3366,ARIZ,cc0033,3366,COLO,cfb87c,0,https://raw.githubusercontent.com/sportsdataverse/wehoop-wbb-raw/main/wbb/json/final/401827403.json,2026-02-18T01:00Z,TRUE,,
401825350,2026-02-18T00:00Z,Illinois,Rutgers,Home,W,76,56,https://a.espncdn.com/i/teamlogos/ncaa/500/356.png,https://a.espncdn.com/i/teamlogos/ncaa/500/164.png,99,99,7,7,,,TRUE,1,,STATUS_FINAL,7,TRUE,99,"[{'abbreviation': 'Game', 'name': 'overall', 'summary': '18-8', 'type': 'total'}
 {'abbreviation': None, 'name': 'Home', 'summary': '13-3', 'type': 'home'}
 {'abbreviation': None, 'name': 'Road', 'summary': '5-5', 'type': 'road'}
 {'abbreviation': None, 'name': 'vs. Conf.', 'summary': '8-7', 'type': 'vsconf'}]",7,FALSE,99,"[{'abbreviation': 'Game', 'name': 'overall', 'summary': '9-17', 'type': 'total'}
 {'abbreviation': None, 'name': 'Home', 'summary': '8-8', 'type': 'home'}
 {'abbreviation': None, 'name': 'Road', 'summary': '1-9', 'type': 'road'}
 {'abbreviation': None, 'name': 'vs. Conf.', 'summary': '1-14', 'type': 'vsconf'}]",7,Big Ten,ILL,RUTG,ff5f05,ce0e2d,13294b,ffffff,ILL,ff5f05,13294b,RUTG,ce0e2d,ffffff,https://raw.githubusercontent.com/sportsdataverse/wehoop-wbb-raw/main/wbb/json/final/401825350.json,2026-02-18T00:00Z,TRUE,,
401858717,2026-02-18T00:00Z,Ole Miss,Tennessee,Home,W,94,81,https://a.espncdn.com/i/teamlogos/ncaa/500/145.png,https://a.espncdn.com/i/teamlogos/ncaa/500/2633_ncw.png,17,21,23,23,,,TRUE,1,,STATUS_FINAL,23,TRUE,17,"[{'abbreviation': 'Game', 'name': 'overall', 'summary': '21-6', 'type': 'total'}
 {'abbreviation': None, 'name': 'Home', 'summary': '12-0', 'type': 'home'}
 {'abbreviation': None, 'name': 'Road', 'summary': '4-4', 'type': 'road'}
 {'abbreviation': None, 'name': 'vs. Conf.', 'summary': '8-4', 'type': 'vsconf'}]",23,FALSE,21,"[{'abbreviation': 'Game', 'name': 'overall', 'summary': '16-8', 'type': 'total'}
 {'abbreviation': None, 'name': 'Home', 'summary': '9-2', 'type': 'home'}
 {'abbreviation': None, 'name': 'Road', 'summary': '7-4', 'type': 'road'}
 {'abbreviation': None, 'name': 'vs. Conf.', 'summary': '8-4', 'type': 'vsconf'}]",23,SEC,MISS,TENN,13294b,ff8200,cf142b,ffffff,MISS,13294b,cf142b,TENN,ff8200,ffffff,https://raw.githubusercontent.com/sportsdataverse/wehoop-wbb-raw/main/wbb/json/final/401858717.json,2026-02-18T00:00Z,TRUE,,
401858717,2026-02-18T00:00Z,Tennessee,Ole Miss,Away,L,81,94,https://a.espncdn.com/i/teamlogos/ncaa/500/2633_ncw.png,https://a.espncdn.com/i/teamlogos/ncaa/500/145.png,21,17,23,23,,,TRUE,1,,STATUS_FINAL,23,TRUE,17,"[{'abbreviation': 'Game', 'name': 'overall', 'summary': '21-6', 'type': 'total'}
 {'abbreviation': None, 'name': 'Home', 'summary': '12-0', 'type': 'home'}
 {'abbreviation': None, 'name': 'Road', 'summary': '4-4', 'type': 'road'}
 {'abbreviation': None, 'name': 'vs. Conf.', 'summary': '8-4', 'type': 'vsconf'}]",23,FALSE,21,"[{'abbreviation': 'Game', 'name': 'overall', 'summary': '16-8', 'type': 'total'}
 {'abbreviation': None, 'name': 'Home', 'summary': '9-2', 'type': 'home'}
 {'abbreviation': None, 'name': 'Road', 'summary': '7-4', 'type': 'road'}
 {'abbreviation': None, 'name': 'vs. Conf.', 'summary': '8-4', 'type': 'vsconf'}]",23,SEC,TENN,MISS,ff8200,13294b,ffffff,cf142b,MISS,13294b,cf142b,TENN,ff8200,ffffff,https://raw.githubusercontent.com/sportsdataverse/wehoop-wbb-raw/main/wbb/json/final/401858717.json,2026-02-18T00:00Z,TRUE,,
401807626,2026-02-17T00:30Z,Mississippi State,Arkansas,Away,W,75,66,https://a.espncdn.com/i/teamlogos/ncaa/500/344.png,https://a.espncdn.com/i/teamlogos/ncaa/500/8.png,99,99,23,23,,,TRUE,1,,STATUS_FINAL,23,FALSE,99,"[{'abbreviation': 'Game', 'name': 'overall', 'summary': '11-16', 'type': 'total'}
 {'abbreviation': None, 'name': 'Home', 'summary': '8-8', 'type': 'home'}
 {'abbreviation': None, 'name': 'Road', 'summary': '1-8', 'type': 'road'}
 {'abbreviation': None, 'name': 'vs. Conf.', 'summary': '0-12', 'type': 'vsconf'}]",23,TRUE,99,"[{'abbreviation': 'Game', 'name': 'overall', 'summary': '18-8', 'type': 'total'}
 {'abbreviation': None, 'name': 'Home', 'summary': '14-3', 'type': 'home'}
 {'abbreviation': None, 'name': 'Road', 'summary': '3-5', 'type': 'road'}
 {'abbreviation': None, 'name': 'vs. Conf.', 'summary': '5-7', 'type': 'vsconf'}]",23,SEC,MSST,ARK,5d1725,a32136,c1c6c8,ffffff,ARK,a32136,ffffff,MSST,5d1725,c1c6c8,https://raw.githubusercontent.com/sportsdataverse/wehoop-wbb-raw/main/wbb/json/final/401807626.json,2026-02-17T00:30Z,TRUE,,
401829097,2026-02-16T21:00Z,Richmond,George Mason,Away,L,37,46,https://a.espncdn.com/i/teamlogos/ncaa/500/257.png,https://a.espncdn.com/i/teamlogos/ncaa/500/2244.png,99,99,3,3,,,TRUE,1,,STATUS_FINAL,3,TRUE,99,"[{'abbreviation': 'Game', 'name': 'overall', 'summary': '17-8', 'type': 'total'}
 {'abbreviation': None, 'name': 'Home', 'summary': '10-3', 'type': 'home'}
 {'abbreviation': None, 'name': 'Road', 'summary': '7-3', 'type': 'road'}
 {'abbreviation': None, 'name': 'vs. Conf.', 'summary': '12-2', 'type': 'vsconf'}]",3,FALSE,99,"[{'abbreviation': 'Game', 'name': 'overall', 'summary': '22-5', 'type': 'total'}
 {'abbreviation': None, 'name': 'Home', 'summary': '11-1', 'type': 'home'}
 {'abbreviation': None, 'name': 'Road', 'summary': '8-3', 'type': 'road'}
 {'abbreviation': None, 'name': 'vs. Conf.', 'summary': '12-2', 'type': 'vsconf'}]",3,A-10,RICH,GMU,9e0712,16600,b90b2e,ecb010,GMU,16600,ecb010,RICH,9e0712,b90b2e,https://raw.githubusercontent.com/sportsdataverse/wehoop-wbb-raw/main/wbb/json/final/401829097.json,2026-02-16T21:00Z,TRUE,,
401827402,2026-02-16T19:00Z,Oklahoma State,Utah,Home,W,73,55,https://a.espncdn.com/i/teamlogos/ncaa/500/197.png,https://a.espncdn.com/i/teamlogos/ncaa/500/254.png,99,99,8,8,,,TRUE,1,,STATUS_FINAL,8,TRUE,99,"[{'abbreviation': 'Game', 'name': 'overall', 'summary': '21-7', 'type': 'total'}
 {'abbreviation': None, 'name': 'Home', 'summary': '15-1', 'type': 'home'}
 {'abbreviation': None, 'name': 'Road', 'summary': '4-5', 'type': 'road'}
 {'abbreviation': None, 'name': 'vs. Conf.', 'summary': '10-5', 'type': 'vsconf'}]",8,FALSE,99,"[{'abbreviation': 'Game', 'name': 'overall', 'summary': '17-10', 'type': 'total'}
 {'abbreviation': None, 'name': 'Home', 'summary': '9-5', 'type': 'home'}
 {'abbreviation': None, 'name': 'Road', 'summary': '8-3', 'type': 'road'}
 {'abbreviation': None, 'name': 'vs. Conf.', 'summary': '8-7', 'type': 'vsconf'}]",8,Big 12,OKST,UTAH,fe5c00,be0000,0,ffffff,OKST,fe5c00,0,UTAH,be0000,ffffff,https://raw.githubusercontent.com/sportsdataverse/wehoop-wbb-raw/main/wbb/json/final/401827402.json,2026-02-16T19:00Z,TRUE,,
401825349,2026-02-16T17:00Z,Nebraska,Iowa,Home,L,67,80,https://a.espncdn.com/i/teamlogos/ncaa/500/158.png,https://a.espncdn.com/i/teamlogos/ncaa/500/2294.png,99,13,7,7,,,TRUE,1,,STATUS_FINAL,7,FALSE,99,"[{'abbreviation': 'Game', 'name': 'overall', 'summary': '16-10', 'type': 'total'}
 {'abbreviation': None, 'name': 'Home', 'summary': '12-4', 'type': 'home'}
 {'abbreviation': None, 'name': 'Road', 'summary': '1-6', 'type': 'road'}
 {'abbreviation': None, 'name': 'vs. Conf.', 'summary': '5-10', 'type': 'vsconf'}]",7,TRUE,13,"[{'abbreviation': 'Game', 'name': 'overall', 'summary': '20-5', 'type': 'total'}
 {'abbreviation': None, 'name': 'Home', 'summary': '12-1', 'type': 'home'}
 {'abbreviation': None, 'name': 'Road', 'summary': '6-3', 'type': 'road'}
 {'abbreviation': None, 'name': 'vs. Conf.', 'summary': '11-3', 'type': 'vsconf'}]",7,Big Ten,NEB,IOWA,e31937,231f20,ffffff,fcd116,NEB,e31937,ffffff,IOWA,231f20,fcd116,https://raw.githubusercontent.com/sportsdataverse/wehoop-wbb-raw/main/wbb/json/final/401825349.json,2026-02-16T17:00Z,TRUE,,
401825349,2026-02-16T17:00Z,Iowa,Nebraska,Away,W,80,67,https://a.espncdn.com/i/teamlogos/ncaa/500/2294.png,https://a.espncdn.com/i/teamlogos/ncaa/500/158.png,13,99,7,7,,,TRUE,1,,STATUS_FINAL,7,FALSE,99,"[{'abbreviation': 'Game', 'name': 'overall', 'summary': '16-10', 'type': 'total'}
 {'abbreviation': None, 'name': 'Home', 'summary': '12-4', 'type': 'home'}
 {'abbreviation': None, 'name': 'Road', 'summary': '1-6', 'type': 'road'}
 {'abbreviation': None, 'name': 'vs. Conf.', 'summary': '5-10', 'type': 'vsconf'}]",7,TRUE,13,"[{'abbreviation': 'Game', 'name': 'overall', 'summary': '20-5', 'type': 'total'}
 {'abbreviation': None, 'name': 'Home', 'summary': '12-1', 'type': 'home'}
 {'abbreviation': None, 'name': 'Road', 'summary': '6-3', 'type': 'road'}
 {'abbreviation': None, 'name': 'vs. Conf.', 'summary': '11-3', 'type': 'vsconf'}]",7,Big Ten,IOWA,NEB,231f20,e31937,fcd116,ffffff,NEB,e31937,ffffff,IOWA,231f20,fcd116,https://raw.githubusercontent.com/sportsdataverse/wehoop-wbb-raw/main/wbb/json/final/401825349.json,2026-02-16T17:00Z,TRUE,,
401827401,2026-02-16T01:00Z,West Virginia,TCU,Away,L,50,59,https://a.espncdn.com/i/teamlogos/ncaa/500/277.png,https://a.espncdn.com/i/teamlogos/ncaa/500/2628.png,19,17,8,8,,,TRUE,1,,STATUS_FINAL,8,TRUE,17,"[{'abbreviation': 'Game', 'name': 'overall', 'summary': '23-4', 'type': 'total'}
 {'abbreviation': None, 'name': 'Home', 'summary': '16-0', 'type': 'home'}
 {'abbreviation': None, 'name': 'Road', 'summary': '5-3', 'type': 'road'}
 {'abbreviation': None, 'name': 'vs. Conf.', 'summary': '11-3', 'type': 'vsconf'}]",8,FALSE,19,"[{'abbreviation': 'Game', 'name': 'overall', 'summary': '21-6', 'type': 'total'}
 {'abbreviation': None, 'name': 'Home', 'summary': '12-3', 'type': 'home'}
 {'abbreviation': None, 'name': 'Road', 'summary': '7-2', 'type': 'road'}
 {'abbreviation': None, 'name': 'vs. Conf.', 'summary': '11-4', 'type': 'vsconf'}]",8,Big 12,WVU,TCU,eaaa00,4d1979,2855,ffffff,TCU,4d1979,ffffff,WVU,eaaa00,2855,https://raw.githubusercontent.com/sportsdataverse/wehoop-wbb-raw/main/wbb/json/final/401827401.json,2026-02-16T01:00Z,TRUE,,
401827401,2026-02-16T01:00Z,TCU,West Virginia,Home,W,59,50,https://a.espncdn.com/i/teamlogos/ncaa/500/2628.png,https://a.espncdn.com/i/teamlogos/ncaa/500/277.png,17,19,8,8,,,TRUE,1,,STATUS_FINAL,8,TRUE,17,"[{'abbreviation': 'Game', 'name': 'overall', 'summary': '23-4', 'type': 'total'}
 {'abbreviation': None, 'name': 'Home', 'summary': '16-0', 'type': 'home'}
 {'abbreviation': None, 'name': 'Road', 'summary': '5-3', 'type': 'road'}
 {'abbreviation': None, 'name': 'vs. Conf.', 'summary': '11-3', 'type': 'vsconf'}]",8,FALSE,19,"[{'abbreviation': 'Game', 'name': 'overall', 'summary': '21-6', 'type': 'total'}
 {'abbreviation': None, 'name': 'Home', 'summary': '12-3', 'type': 'home'}
 {'abbreviation': None, 'name': 'Road', 'summary': '7-2', 'type': 'road'}
 {'abbreviation': None, 'name': 'vs. Conf.', 'summary': '11-4', 'type': 'vsconf'}]",8,Big 12,TCU,WVU,4d1979,eaaa00,ffffff,2855,TCU,4d1979,ffffff,WVU,eaaa00,2855,https://raw.githubusercontent.com/sportsdataverse/wehoop-wbb-raw/main/wbb/json/final/401827401.json,2026-02-16T01:00Z,TRUE,,
401825348,2026-02-16T01:00Z,Oregon,Washington,Away,L,43,51,https://a.espncdn.com/i/teamlogos/ncaa/500/2483.png,https://a.espncdn.com/i/teamlogos/ncaa/500/264.png,99,25,7,7,,,TRUE,1,,STATUS_FINAL,7,TRUE,25,"[{'abbreviation': 'Game', 'name': 'overall', 'summary': '19-7', 'type': 'total'}
 {'abbreviation': None, 'name': 'Home', 'summary': '13-3', 'type': 'home'}
 {'abbreviation': None, 'name': 'Road', 'summary': '6-4', 'type': 'road'}
 {'abbreviation': None, 'name': 'vs. Conf.', 'summary': '9-6', 'type': 'vsconf'}]",7,FALSE,99,"[{'abbreviation': 'Game', 'name': 'overall', 'summary': '18-9', 'type': 'total'}
 {'abbreviation': None, 'name': 'Home', 'summary': '11-4', 'type': 'home'}
 {'abbreviation': None, 'name': 'Road', 'summary': '5-4', 'type': 'road'}
 {'abbreviation': None, 'name': 'vs. Conf.', 'summary': '6-8', 'type': 'vsconf'}]",7,Big Ten,ORE,WASH,00934b,33006f,fff41b,e8d3a2,WASH,33006f,e8d3a2,ORE,00934b,fff41b,https://raw.githubusercontent.com/sportsdataverse/wehoop-wbb-raw/main/wbb/json/final/401825348.json,2026-02-16T01:00Z,TRUE,,
401825348,2026-02-16T01:00Z,Washington,Oregon,Home,W,51,43,https://a.espncdn.com/i/teamlogos/ncaa/500/264.png,https://a.espncdn.com/i/teamlogos/ncaa/500/2483.png,25,99,7,7,,,TRUE,1,,STATUS_FINAL,7,TRUE,25,"[{'abbreviation': 'Game', 'name': 'overall', 'summary': '19-7', 'type': 'total'}
 {'abbreviation': None, 'name': 'Home', 'summary': '13-3', 'type': 'home'}
 {'abbreviation': None, 'name': 'Road', 'summary': '6-4', 'type': 'road'}
 {'abbreviation': None, 'name': 'vs. Conf.', 'summary': '9-6', 'type': 'vsconf'}]",7,FALSE,99,"[{'abbreviation': 'Game', 'name': 'overall', 'summary': '18-9', 'type': 'total'}
 {'abbreviation': None, 'name': 'Home', 'summary': '11-4', 'type': 'home'}
 {'abbreviation': None, 'name': 'Road', 'summary': '5-4', 'type': 'road'}
 {'abbreviation': None, 'name': 'vs. Conf.', 'summary': '6-8', 'type': 'vsconf'}]",7,Big Ten,WASH,ORE,33006f,00934b,e8d3a2,fff41b,WASH,33006f,e8d3a2,ORE,00934b,fff41b,https://raw.githubusercontent.com/sportsdataverse/wehoop-wbb-raw/main/wbb/json/final/401825348.json,2026-02-16T01:00Z,TRUE,,
401825346,2026-02-15T23:00Z,Minnesota,Wisconsin,Away,W,83,60,https://a.espncdn.com/i/teamlogos/ncaa/500/135.png,https://a.espncdn.com/i/teamlogos/ncaa/500/275.png,99,99,7,7,,,TRUE,1,,STATUS_FINAL,7,FALSE,99,"[{'abbreviation': 'Game', 'name': 'overall', 'summary': '13-13', 'type': 'total'}
 {'abbreviation': None, 'name': 'Home', 'summary': '11-4', 'type': 'home'}
 {'abbreviation': None, 'name': 'Road', 'summary': '2-7', 'type': 'road'}
 {'abbreviation': None, 'name': 'vs. Conf.', 'summary': '5-10', 'type': 'vsconf'}]",7,TRUE,99,"[{'abbreviation': 'Game', 'name': 'overall', 'summary': '20-6', 'type': 'total'}
 {'abbreviation': None, 'name': 'Home', 'summary': '12-2', 'type': 'home'}
 {'abbreviation': None, 'name': 'Road', 'summary': '7-3', 'type': 'road'}
 {'abbreviation': None, 'name': 'vs. Conf.', 'summary': '11-4', 'type': 'vsconf'}]",7,Big Ten,MINN,WIS,5e0a2f,a00000,fab41c,ffffff,WIS,a00000,ffffff,MINN,5e0a2f,fab41c,https://raw.githubusercontent.com/sportsdataverse/wehoop-wbb-raw/main/wbb/json/final/401825346.json,2026-02-15T23:00Z,TRUE,,
401819713,2026-02-15T23:00Z,Louisville,Florida State,Home,W,88,65,https://a.espncdn.com/i/teamlogos/ncaa/500/97.png,https://a.espncdn.com/i/teamlogos/ncaa/500/52.png,9,99,2,2,,,TRUE,1,,STATUS_FINAL,2,TRUE,9,"[{'abbreviation': 'Game', 'name': 'overall', 'summary': '24-4', 'type': 'total'}
 {'abbreviation': None, 'name': 'Home', 'summary': '14-3', 'type': 'home'}
 {'abbreviation': None, 'name': 'Road', 'summary': '8-0', 'type': 'road'}
 {'abbreviation': None, 'name': 'vs. Conf.', 'summary': '14-1', 'type': 'vsconf'}]",2,FALSE,99,"[{'abbreviation': 'Game', 'name': 'overall', 'summary': '9-17', 'type': 'total'}
 {'abbreviation': None, 'name': 'Home', 'summary': '6-9', 'type': 'home'}
 {'abbreviation': None, 'name': 'Road', 'summary': '2-7', 'type': 'road'}
 {'abbreviation': None, 'name': 'vs. Conf.', 'summary': '4-10', 'type': 'vsconf'}]",2,ACC,LOU,FSU,c9001f,782f40,ffffff,ceb888,LOU,c9001f,ffffff,FSU,782f40,ceb888,https://raw.githubusercontent.com/sportsdataverse/wehoop-wbb-raw/main/wbb/json/final/401819713.json,2026-02-15T23:00Z,TRUE,,
401819717,2026-02-15T22:00Z,Virginia Tech,California,Away,W,68,58,https://a.espncdn.com/i/teamlogos/ncaa/500/259.png,https://a.espncdn.com/i/teamlogos/ncaa/500/25.png,99,99,2,2,,,TRUE,1,,STATUS_FINAL,2,FALSE,99,"[{'abbreviation': 'Game', 'name': 'overall', 'summary': '16-11', 'type': 'total'}
 {'abbreviation': None, 'name': 'Home', 'summary': '12-3', 'type': 'home'}
 {'abbreviation': None, 'name': 'Road', 'summary': '3-5', 'type': 'road'}
 {'abbreviation': None, 'name': 'vs. Conf.', 'summary': '7-7', 'type': 'vsconf'}]",2,TRUE,99,"[{'abbreviation': 'Game', 'name': 'overall', 'summary': '20-7', 'type': 'total'}
 {'abbreviation': None, 'name': 'Home', 'summary': '13-3', 'type': 'home'}
 {'abbreviation': None, 'name': 'Road', 'summary': '6-3', 'type': 'road'}
 {'abbreviation': None, 'name': 'vs. Conf.', 'summary': '10-5', 'type': 'vsconf'}]",2,ACC,VT,CAL,6a2c3e,4.10E+43,cf4520,ffc72c,CAL,4.10E+43,ffc72c,VT,6a2c3e,cf4520,https://raw.githubusercontent.com/sportsdataverse/wehoop-wbb-raw/main/wbb/json/final/401819717.json,2026-02-15T22:00Z,TRUE,,
401825686,2026-02-15T22:00Z,Villanova,Creighton,Away,W,74,64,https://a.espncdn.com/i/teamlogos/ncaa/500/222.png,https://a.espncdn.com/i/teamlogos/ncaa/500/156.png,99,99,4,4,,,TRUE,1,,STATUS_FINAL,4,FALSE,99,"[{'abbreviation': 'Game', 'name': 'overall', 'summary': '12-14', 'type': 'total'}
 {'abbreviation': None, 'name': 'Home', 'summary': '7-6', 'type': 'home'}
 {'abbreviation': None, 'name': 'Road', 'summary': '4-8', 'type': 'road'}
 {'abbreviation': None, 'name': 'vs. Conf.', 'summary': '8-9', 'type': 'vsconf'}]",4,TRUE,99,"[{'abbreviation': 'Game', 'name': 'overall', 'summary': '21-5', 'type': 'total'}
 {'abbreviation': None, 'name': 'Home', 'summary': '11-2', 'type': 'home'}
 {'abbreviation': None, 'name': 'Road', 'summary': '9-3', 'type': 'road'}
 {'abbreviation': None, 'name': 'vs. Conf.', 'summary': '14-3', 'type': 'vsconf'}]",4,Big East,VILL,CREI,00205b,005ca9,13b5ea,6cadde,CREI,005ca9,6cadde,VILL,00205b,13b5ea,https://raw.githubusercontent.com/sportsdataverse/wehoop-wbb-raw/main/wbb/json/final/401825686.json,2026-02-15T22:00Z,TRUE,,
401819573,2026-02-15T21:00Z,Notre Dame,NC State,Home,W,79,67,https://a.espncdn.com/i/teamlogos/ncaa/500/87.png,https://a.espncdn.com/i/teamlogos/ncaa/500/152.png,99,99,2,2,,,TRUE,1,,STATUS_FINAL,2,TRUE,99,"[{'abbreviation': 'Game', 'name': 'overall', 'summary': '16-9', 'type': 'total'}
 {'abbreviation': None, 'name': 'Home', 'summary': '13-2', 'type': 'home'}
 {'abbreviation': None, 'name': 'Road', 'summary': '3-6', 'type': 'road'}
 {'abbreviation': None, 'name': 'vs. Conf.', 'summary': '8-6', 'type': 'vsconf'}]",2,FALSE,99,"[{'abbreviation': 'Game', 'name': 'overall', 'summary': '17-8', 'type': 'total'}
 {'abbreviation': None, 'name': 'Home', 'summary': '8-4', 'type': 'home'}
 {'abbreviation': None, 'name': 'Road', 'summary': '6-3', 'type': 'road'}
 {'abbreviation': None, 'name': 'vs. Conf.', 'summary': '10-4', 'type': 'vsconf'}]",2,ACC,ND,NCSU,62340,cc0000,c99700,ffffff,ND,62340,c99700,NCSU,cc0000,ffffff,https://raw.githubusercontent.com/sportsdataverse/wehoop-wbb-raw/main/wbb/json/final/401819573.json,2026-02-15T21:00Z,TRUE,,
401807624,2026-02-15T21:00Z,Alabama,Oklahoma,Home,L,71,79,https://a.espncdn.com/i/teamlogos/ncaa/500/333.png,https://a.espncdn.com/i/teamlogos/ncaa/500/201.png,23,10,23,23,,,TRUE,1,,STATUS_FINAL,23,FALSE,23,"[{'abbreviation': 'Game', 'name': 'overall', 'summary': '20-6', 'type': 'total'}
 {'abbreviation': None, 'name': 'Home', 'summary': '16-2', 'type': 'home'}
 {'abbreviation': None, 'name': 'Road', 'summary': '2-4', 'type': 'road'}
 {'abbreviation': None, 'name': 'vs. Conf.', 'summary': '6-6', 'type': 'vsconf'}]",23,TRUE,10,"[{'abbreviation': 'Game', 'name': 'overall', 'summary': '19-6', 'type': 'total'}
 {'abbreviation': None, 'name': 'Home', 'summary': '12-2', 'type': 'home'}
 {'abbreviation': None, 'name': 'Road', 'summary': '4-3', 'type': 'road'}
 {'abbreviation': None, 'name': 'vs. Conf.', 'summary': '7-5', 'type': 'vsconf'}]",23,SEC,ALA,OU,9e1b32,990000,ffffff,ffffff,ALA,9e1b32,ffffff,OU,990000,ffffff,https://raw.githubusercontent.com/sportsdataverse/wehoop-wbb-raw/main/wbb/json/final/401807624.json,2026-02-15T21:00Z,TRUE,,
401819573,2026-02-15T21:00Z,NC State,Notre Dame,Away,L,67,79,https://a.espncdn.com/i/teamlogos/ncaa/500/152.png,https://a.espncdn.com/i/teamlogos/ncaa/500/87.png,99,99,2,2,,,TRUE,1,,STATUS_FINAL,2,TRUE,99,"[{'abbreviation': 'Game', 'name': 'overall', 'summary': '16-9', 'type': 'total'}
 {'abbreviation': None, 'name': 'Home', 'summary': '13-2', 'type': 'home'}
 {'abbreviation': None, 'name': 'Road', 'summary': '3-6', 'type': 'road'}
 {'abbreviation': None, 'name': 'vs. Conf.', 'summary': '8-6', 'type': 'vsconf'}]",2,FALSE,99,"[{'abbreviation': 'Game', 'name': 'overall', 'summary': '17-8', 'type': 'total'}
 {'abbreviation': None, 'name': 'Home', 'summary': '8-4', 'type': 'home'}
 {'abbreviation': None, 'name': 'Road', 'summary': '6-3', 'type': 'road'}
 {'abbreviation': None, 'name': 'vs. Conf.', 'summary': '10-4', 'type': 'vsconf'}]",2,ACC,NCSU,ND,cc0000,62340,ffffff,c99700,ND,62340,c99700,NCSU,cc0000,ffffff,https://raw.githubusercontent.com/sportsdataverse/wehoop-wbb-raw/main/wbb/json/final/401819573.json,2026-02-15T21:00Z,TRUE,,
401825345,2026-02-15T21:00Z,Michigan,Michigan State,Home,W,86,65,https://a.espncdn.com/i/teamlogos/ncaa/500/130.png,https://a.espncdn.com/i/teamlogos/ncaa/500/127.png,7,13,7,7,,,TRUE,1,,STATUS_FINAL,7,TRUE,7,"[{'abbreviation': 'Game', 'name': 'overall', 'summary': '22-4', 'type': 'total'}
 {'abbreviation': None, 'name': 'Home', 'summary': '13-1', 'type': 'home'}
 {'abbreviation': None, 'name': 'Road', 'summary': '7-1', 'type': 'road'}
 {'abbreviation': None, 'name': 'vs. Conf.', 'summary': '13-2', 'type': 'vsconf'}]",7,FALSE,13,"[{'abbreviation': 'Game', 'name': 'overall', 'summary': '20-6', 'type': 'total'}
 {'abbreviation': None, 'name': 'Home', 'summary': '10-3', 'type': 'home'}
 {'abbreviation': None, 'name': 'Road', 'summary': '6-3', 'type': 'road'}
 {'abbreviation': None, 'name': 'vs. Conf.', 'summary': '9-6', 'type': 'vsconf'}]",7,Big Ten,MICH,MSU,00274c,173f35,ffcb05,ffffff,MICH,00274c,ffcb05,MSU,173f35,ffffff,https://raw.githubusercontent.com/sportsdataverse/wehoop-wbb-raw/main/wbb/json/final/401825345.json,2026-02-15T21:00Z,TRUE,,
401825345,2026-02-15T21:00Z,Michigan State,Michigan,Away,L,65,86,https://a.espncdn.com/i/teamlogos/ncaa/500/127.png,https://a.espncdn.com/i/teamlogos/ncaa/500/130.png,13,7,7,7,,,TRUE,1,,STATUS_FINAL,7,TRUE,7,"[{'abbreviation': 'Game', 'name': 'overall', 'summary': '22-4', 'type': 'total'}
 {'abbreviation': None, 'name': 'Home', 'summary': '13-1', 'type': 'home'}
 {'abbreviation': None, 'name': 'Road', 'summary': '7-1', 'type': 'road'}
 {'abbreviation': None, 'name': 'vs. Conf.', 'summary': '13-2', 'type': 'vsconf'}]",7,FALSE,13,"[{'abbreviation': 'Game', 'name': 'overall', 'summary': '20-6', 'type': 'total'}
 {'abbreviation': None, 'name': 'Home', 'summary': '10-3', 'type': 'home'}
 {'abbreviation': None, 'name': 'Road', 'summary': '6-3', 'type': 'road'}
 {'abbreviation': None, 'name': 'vs. Conf.', 'summary': '9-6', 'type': 'vsconf'}]",7,Big Ten,MSU,MICH,173f35,00274c,ffffff,ffcb05,MICH,00274c,ffcb05,MSU,173f35,ffffff,https://raw.githubusercontent.com/sportsdataverse/wehoop-wbb-raw/main/wbb/json/final/401825345.json,2026-02-15T21:00Z,TRUE,,
401807624,2026-02-15T21:00Z,Oklahoma,Alabama,Away,W,79,71,https://a.espncdn.com/i/teamlogos/ncaa/500/201.png,https://a.espncdn.com/i/teamlogos/ncaa/500/333.png,10,23,23,23,,,TRUE,1,,STATUS_FINAL,23,FALSE,23,"[{'abbreviation': 'Game', 'name': 'overall', 'summary': '20-6', 'type': 'total'}
 {'abbreviation': None, 'name': 'Home', 'summary': '16-2', 'type': 'home'}
 {'abbreviation': None, 'name': 'Road', 'summary': '2-4', 'type': 'road'}
 {'abbreviation': None, 'name': 'vs. Conf.', 'summary': '6-6', 'type': 'vsconf'}]",23,TRUE,10,"[{'abbreviation': 'Game', 'name': 'overall', 'summary': '19-6', 'type': 'total'}
 {'abbreviation': None, 'name': 'Home', 'summary': '12-2', 'type': 'home'}
 {'abbreviation': None, 'name': 'Road', 'summary': '4-3', 'type': 'road'}
 {'abbreviation': None, 'name': 'vs. Conf.', 'summary': '7-5', 'type': 'vsconf'}]",23,SEC,OU,ALA,990000,9e1b32,ffffff,ffffff,ALA,9e1b32,ffffff,OU,990000,ffffff,https://raw.githubusercontent.com/sportsdataverse/wehoop-wbb-raw/main/wbb/json/final/401807624.json,2026-02-15T21:00Z,TRUE,,
401825343,2026-02-15T20:00Z,UCLA,Indiana,Home,W,92,48,https://a.espncdn.com/i/teamlogos/ncaa/500/26.png,https://a.espncdn.com/i/teamlogos/ncaa/500/84.png,2,99,7,7,,,TRUE,1,,STATUS_FINAL,7,TRUE,2,"[{'abbreviation': 'Game', 'name': 'overall', 'summary': '25-1', 'type': 'total'}
 {'abbreviation': None, 'name': 'Home', 'summary': '12-0', 'type': 'home'}
 {'abbreviation': None, 'name': 'Road', 'summary': '8-0', 'type': 'road'}
 {'abbreviation': None, 'name': 'vs. Conf.', 'summary': '15-0', 'type': 'vsconf'}]",7,FALSE,99,"[{'abbreviation': 'Game', 'name': 'overall', 'summary': '14-13', 'type': 'total'}
 {'abbreviation': None, 'name': 'Home', 'summary': '10-5', 'type': 'home'}
 {'abbreviation': None, 'name': 'Road', 'summary': '3-7', 'type': 'road'}
 {'abbreviation': None, 'name': 'vs. Conf.', 'summary': '3-12', 'type': 'vsconf'}]",7,Big Ten,UCLA,IU,2774ae,970310,f2a900,ffffff,UCLA,2774ae,f2a900,IU,970310,ffffff,https://raw.githubusercontent.com/sportsdataverse/wehoop-wbb-raw/main/wbb/json/final/401825343.json,2026-02-15T20:00Z,TRUE,,
401807625,2026-02-15T20:00Z,Tennessee,Texas,Home,L,63,65,https://a.espncdn.com/i/teamlogos/ncaa/500/2633_ncw.png,https://a.espncdn.com/i/teamlogos/ncaa/500/251.png,22,4,23,23,,,TRUE,1,,STATUS_FINAL,23,FALSE,22,"[{'abbreviation': 'Game', 'name': 'overall', 'summary': '16-7', 'type': 'total'}
 {'abbreviation': None, 'name': 'Home', 'summary': '9-2', 'type': 'home'}
 {'abbreviation': None, 'name': 'Road', 'summary': '7-3', 'type': 'road'}
 {'abbreviation': None, 'name': 'vs. Conf.', 'summary': '8-3', 'type': 'vsconf'}]",23,TRUE,4,"[{'abbreviation': 'Game', 'name': 'overall', 'summary': '24-3', 'type': 'total'}
 {'abbreviation': None, 'name': 'Home', 'summary': '16-0', 'type': 'home'}
 {'abbreviation': None, 'name': 'Road', 'summary': '5-3', 'type': 'road'}
 {'abbreviation': None, 'name': 'vs. Conf.', 'summary': '9-3', 'type': 'vsconf'}]",23,SEC,TENN,TEX,ff8200,af5c37,ffffff,ffffff,TENN,ff8200,ffffff,TEX,af5c37,ffffff,https://raw.githubusercontent.com/sportsdataverse/wehoop-wbb-raw/main/wbb/json/final/401807625.json,2026-02-15T20:00Z,TRUE,,
401807625,2026-02-15T20:00Z,Texas,Tennessee,Away,W,65,63,https://a.espncdn.com/i/teamlogos/ncaa/500/251.png,https://a.espncdn.com/i/teamlogos/ncaa/500/2633_ncw.png,4,22,23,23,,,TRUE,1,,STATUS_FINAL,23,FALSE,22,"[{'abbreviation': 'Game', 'name': 'overall', 'summary': '16-7', 'type': 'total'}
 {'abbreviation': None, 'name': 'Home', 'summary': '9-2', 'type': 'home'}
 {'abbreviation': None, 'name': 'Road', 'summary': '7-3', 'type': 'road'}
 {'abbreviation': None, 'name': 'vs. Conf.', 'summary': '8-3', 'type': 'vsconf'}]",23,TRUE,4,"[{'abbreviation': 'Game', 'name': 'overall', 'summary': '24-3', 'type': 'total'}
 {'abbreviation': None, 'name': 'Home', 'summary': '16-0', 'type': 'home'}
 {'abbreviation': None, 'name': 'Road', 'summary': '5-3', 'type': 'road'}
 {'abbreviation': None, 'name': 'vs. Conf.', 'summary': '9-3', 'type': 'vsconf'}]",23,SEC,TEX,TENN,af5c37,ff8200,ffffff,ffffff,TENN,ff8200,ffffff,TEX,af5c37,ffffff,https://raw.githubusercontent.com/sportsdataverse/wehoop-wbb-raw/main/wbb/json/final/401807625.json,2026-02-15T20:00Z,TRUE,,
401807623,2026-02-15T19:00Z,Ole Miss,Kentucky,Away,L,57,74,https://a.espncdn.com/i/teamlogos/ncaa/500/145.png,https://a.espncdn.com/i/teamlogos/ncaa/500/96.png,14,18,23,23,,,TRUE,1,,STATUS_FINAL,23,TRUE,18,"[{'abbreviation': 'Game', 'name': 'overall', 'summary': '20-7', 'type': 'total'}
 {'abbreviation': None, 'name': 'Home', 'summary': '12-2', 'type': 'home'}
 {'abbreviation': None, 'name': 'Road', 'summary': '7-4', 'type': 'road'}
 {'abbreviation': None, 'name': 'vs. Conf.', 'summary': '7-6', 'type': 'vsconf'}]",23,FALSE,14,"[{'abbreviation': 'Game', 'name': 'overall', 'summary': '20-6', 'type': 'total'}
 {'abbreviation': None, 'name': 'Home', 'summary': '11-0', 'type': 'home'}
 {'abbreviation': None, 'name': 'Road', 'summary': '4-4', 'type': 'road'}
 {'abbreviation': None, 'name': 'vs. Conf.', 'summary': '7-4', 'type': 'vsconf'}]",23,SEC,MISS,UK,13294b,0033a0,cf142b,ffffff,UK,0033a0,ffffff,MISS,13294b,cf142b,https://raw.githubusercontent.com/sportsdataverse/wehoop-wbb-raw/main/wbb/json/final/401807623.json,2026-02-15T19:00Z,TRUE,,
401819599,2026-02-15T19:00Z,Syracuse,Clemson,Home,W,68,64,https://a.espncdn.com/i/teamlogos/ncaa/500/183.png,https://a.espncdn.com/i/teamlogos/ncaa/500/228.png,99,99,2,2,,,TRUE,1,,STATUS_FINAL,2,TRUE,99,"[{'abbreviation': 'Game', 'name': 'overall', 'summary': '21-5', 'type': 'total'}
 {'abbreviation': None, 'name': 'Home', 'summary': '14-3', 'type': 'home'}
 {'abbreviation': None, 'name': 'Road', 'summary': '6-1', 'type': 'road'}
 {'abbreviation': None, 'name': 'vs. Conf.', 'summary': '11-4', 'type': 'vsconf'}]",2,FALSE,99,"[{'abbreviation': 'Game', 'name': 'overall', 'summary': '18-9', 'type': 'total'}
 {'abbreviation': None, 'name': 'Home', 'summary': '11-1', 'type': 'home'}
 {'abbreviation': None, 'name': 'Road', 'summary': '6-7', 'type': 'road'}
 {'abbreviation': None, 'name': 'vs. Conf.', 'summary': '9-6', 'type': 'vsconf'}]",2,ACC,SYR,CLEM,0.00E+00,f56600,ff431b,ffffff,SYR,0.00E+00,ff431b,CLEM,f56600,ffffff,https://raw.githubusercontent.com/sportsdataverse/wehoop-wbb-raw/main/wbb/json/final/401819599.json,2026-02-15T19:00Z,TRUE,,
401819626,2026-02-15T19:00Z,Virginia,Stanford,Away,W,75,69,https://a.espncdn.com/i/teamlogos/ncaa/500/258.png,https://a.espncdn.com/i/teamlogos/ncaa/500/24.png,99,99,2,2,,,TRUE,1,,STATUS_FINAL,2,FALSE,99,"[{'abbreviation': 'Game', 'name': 'overall', 'summary': '16-11', 'type': 'total'}
 {'abbreviation': None, 'name': 'Home', 'summary': '9-6', 'type': 'home'}
 {'abbreviation': None, 'name': 'Road', 'summary': '5-4', 'type': 'road'}
 {'abbreviation': None, 'name': 'vs. Conf.', 'summary': '5-9', 'type': 'vsconf'}]",2,TRUE,99,"[{'abbreviation': 'Game', 'name': 'overall', 'summary': '18-8', 'type': 'total'}
 {'abbreviation': None, 'name': 'Home', 'summary': '12-3', 'type': 'home'}
 {'abbreviation': None, 'name': 'Road', 'summary': '5-4', 'type': 'road'}
 {'abbreviation': None, 'name': 'vs. Conf.', 'summary': '10-5', 'type': 'vsconf'}]",2,ACC,UVA,STAN,f84c1e,8c1515,232d4b,ffffff,STAN,8c1515,ffffff,UVA,f84c1e,232d4b,https://raw.githubusercontent.com/sportsdataverse/wehoop-wbb-raw/main/wbb/json/final/401819626.json,2026-02-15T19:00Z,TRUE,,
401819599,2026-02-15T19:00Z,Clemson,Syracuse,Away,L,64,68,https://a.espncdn.com/i/teamlogos/ncaa/500/228.png,https://a.espncdn.com/i/teamlogos/ncaa/500/183.png,99,99,2,2,,,TRUE,1,,STATUS_FINAL,2,TRUE,99,"[{'abbreviation': 'Game', 'name': 'overall', 'summary': '21-5', 'type': 'total'}
 {'abbreviation': None, 'name': 'Home', 'summary': '14-3', 'type': 'home'}
 {'abbreviation': None, 'name': 'Road', 'summary': '6-1', 'type': 'road'}
 {'abbreviation': None, 'name': 'vs. Conf.', 'summary': '11-4', 'type': 'vsconf'}]",2,FALSE,99,"[{'abbreviation': 'Game', 'name': 'overall', 'summary': '18-9', 'type': 'total'}
 {'abbreviation': None, 'name': 'Home', 'summary': '11-1', 'type': 'home'}
 {'abbreviation': None, 'name': 'Road', 'summary': '6-7', 'type': 'road'}
 {'abbreviation': None, 'name': 'vs. Conf.', 'summary': '9-6', 'type': 'vsconf'}]",2,ACC,CLEM,SYR,f56600,0.00E+00,ffffff,ff431b,SYR,0.00E+00,ff431b,CLEM,f56600,ffffff,https://raw.githubusercontent.com/sportsdataverse/wehoop-wbb-raw/main/wbb/json/final/401819599.json,2026-02-15T19:00Z,TRUE,,
401825344,2026-02-15T19:00Z,Maryland,Ohio State,Away,W,76,75,https://a.espncdn.com/i/teamlogos/ncaa/500/120.png,https://a.espncdn.com/i/teamlogos/ncaa/500/194.png,20,8,7,7,,,TRUE,1,,STATUS_FINAL,7,FALSE,8,"[{'abbreviation': 'Game', 'name': 'overall', 'summary': '22-4', 'type': 'total'}
 {'abbreviation': None, 'name': 'Home', 'summary': '13-2', 'type': 'home'}
 {'abbreviation': None, 'name': 'Road', 'summary': '6-2', 'type': 'road'}
 {'abbreviation': None, 'name': 'vs. Conf.', 'summary': '11-3', 'type': 'vsconf'}]",7,TRUE,20,"[{'abbreviation': 'Game', 'name': 'overall', 'summary': '21-6', 'type': 'total'}
 {'abbreviation': None, 'name': 'Home', 'summary': '13-4', 'type': 'home'}
 {'abbreviation': None, 'name': 'Road', 'summary': '6-2', 'type': 'road'}
 {'abbreviation': None, 'name': 'vs. Conf.', 'summary': '9-6', 'type': 'vsconf'}]",7,Big Ten,MD,OSU,ce1126,ba0c2f,ffffff,a8adb4,OSU,ba0c2f,a8adb4,MD,ce1126,ffffff,https://raw.githubusercontent.com/sportsdataverse/wehoop-wbb-raw/main/wbb/json/final/401825344.json,2026-02-15T19:00Z,TRUE,,
401825344,2026-02-15T19:00Z,Ohio State,Maryland,Home,L,75,76,https://a.espncdn.com/i/teamlogos/ncaa/500/194.png,https://a.espncdn.com/i/teamlogos/ncaa/500/120.png,8,20,7,7,,,TRUE,1,,STATUS_FINAL,7,FALSE,8,"[{'abbreviation': 'Game', 'name': 'overall', 'summary': '22-4', 'type': 'total'}
 {'abbreviation': None, 'name': 'Home', 'summary': '13-2', 'type': 'home'}
 {'abbreviation': None, 'name': 'Road', 'summary': '6-2', 'type': 'road'}
 {'abbreviation': None, 'name': 'vs. Conf.', 'summary': '11-3', 'type': 'vsconf'}]",7,TRUE,20,"[{'abbreviation': 'Game', 'name': 'overall', 'summary': '21-6', 'type': 'total'}
 {'abbreviation': None, 'name': 'Home', 'summary': '13-4', 'type': 'home'}
 {'abbreviation': None, 'name': 'Road', 'summary': '6-2', 'type': 'road'}
 {'abbreviation': None, 'name': 'vs. Conf.', 'summary': '9-6', 'type': 'vsconf'}]",7,Big Ten,OSU,MD,ba0c2f,ce1126,a8adb4,ffffff,OSU,ba0c2f,a8adb4,MD,ce1126,ffffff,https://raw.githubusercontent.com/sportsdataverse/wehoop-wbb-raw/main/wbb/json/final/401825344.json,2026-02-15T19:00Z,TRUE,,
401827400,2026-02-15T19:00Z,Baylor,UCF,Away,W,93,63,https://a.espncdn.com/i/teamlogos/ncaa/500/239.png,https://a.espncdn.com/i/teamlogos/ncaa/500/2116.png,12,99,8,8,,,TRUE,1,,STATUS_FINAL,8,FALSE,99,"[{'abbreviation': 'Game', 'name': 'overall', 'summary': '10-15', 'type': 'total'}
 {'abbreviation': None, 'name': 'Home', 'summary': '7-8', 'type': 'home'}
 {'abbreviation': None, 'name': 'Road', 'summary': '1-6', 'type': 'road'}
 {'abbreviation': None, 'name': 'vs. Conf.', 'summary': '2-12', 'type': 'vsconf'}]",8,TRUE,12,"[{'abbreviation': 'Game', 'name': 'overall', 'summary': '22-5', 'type': 'total'}
 {'abbreviation': None, 'name': 'Home', 'summary': '13-2', 'type': 'home'}
 {'abbreviation': None, 'name': 'Road', 'summary': '7-1', 'type': 'road'}
 {'abbreviation': None, 'name': 'vs. Conf.', 'summary': '11-3', 'type': 'vsconf'}]",8,Big 12,BAY,UCF,154734,0,ffb81c,b4a169,UCF,0,b4a169,BAY,154734,ffb81c,https://raw.githubusercontent.com/sportsdataverse/wehoop-wbb-raw/main/wbb/json/final/401827400.json,2026-02-15T19:00Z,TRUE,,
401807623,2026-02-15T19:00Z,Kentucky,Ole Miss,Home,W,74,57,https://a.espncdn.com/i/teamlogos/ncaa/500/96.png,https://a.espncdn.com/i/teamlogos/ncaa/500/145.png,18,14,23,23,,,TRUE,1,,STATUS_FINAL,23,TRUE,18,"[{'abbreviation': 'Game', 'name': 'overall', 'summary': '20-7', 'type': 'total'}
 {'abbreviation': None, 'name': 'Home', 'summary': '12-2', 'type': 'home'}
 {'abbreviation': None, 'name': 'Road', 'summary': '7-4', 'type': 'road'}
 {'abbreviation': None, 'name': 'vs. Conf.', 'summary': '7-6', 'type': 'vsconf'}]",23,FALSE,14,"[{'abbreviation': 'Game', 'name': 'overall', 'summary': '20-6', 'type': 'total'}
 {'abbreviation': None, 'name': 'Home', 'summary': '11-0', 'type': 'home'}
 {'abbreviation': None, 'name': 'Road', 'summary': '4-4', 'type': 'road'}
 {'abbreviation': None, 'name': 'vs. Conf.', 'summary': '7-4', 'type': 'vsconf'}]",23,SEC,UK,MISS,0033a0,13294b,ffffff,cf142b,UK,0033a0,ffffff,MISS,13294b,cf142b,https://raw.githubusercontent.com/sportsdataverse/wehoop-wbb-raw/main/wbb/json/final/401807623.json,2026-02-15T19:00Z,TRUE,,
401827399,2026-02-15T19:00Z,Iowa State,Kansas State,Home,W,76,72,https://a.espncdn.com/i/teamlogos/ncaa/500/66.png,https://a.espncdn.com/i/teamlogos/ncaa/500/2306.png,99,99,8,8,,,TRUE,1,,STATUS_FINAL,8,TRUE,99,"[{'abbreviation': 'Game', 'name': 'overall', 'summary': '20-6', 'type': 'total'}
 {'abbreviation': None, 'name': 'Home', 'summary': '14-2', 'type': 'home'}
 {'abbreviation': None, 'name': 'Road', 'summary': '4-4', 'type': 'road'}
 {'abbreviation': None, 'name': 'vs. Conf.', 'summary': '8-6', 'type': 'vsconf'}]",8,FALSE,99,"[{'abbreviation': 'Game', 'name': 'overall', 'summary': '14-13', 'type': 'total'}
 {'abbreviation': None, 'name': 'Home', 'summary': '7-6', 'type': 'home'}
 {'abbreviation': None, 'name': 'Road', 'summary': '5-5', 'type': 'road'}
 {'abbreviation': None, 'name': 'vs. Conf.', 'summary': '7-7', 'type': 'vsconf'}]",8,Big 12,ISU,KSU,ae192d,330a57,ffc72a,e2e3e4,ISU,ae192d,ffc72a,KSU,330a57,e2e3e4,https://raw.githubusercontent.com/sportsdataverse/wehoop-wbb-raw/main/wbb/json/final/401827399.json,2026-02-15T19:00Z,TRUE,,
401819626,2026-02-15T19:00Z,Stanford,Virginia,Home,L,69,75,https://a.espncdn.com/i/teamlogos/ncaa/500/24.png,https://a.espncdn.com/i/teamlogos/ncaa/500/258.png,99,99,2,2,,,TRUE,1,,STATUS_FINAL,2,FALSE,99,"[{'abbreviation': 'Game', 'name': 'overall', 'summary': '16-11', 'type': 'total'}
 {'abbreviation': None, 'name': 'Home', 'summary': '9-6', 'type': 'home'}
 {'abbreviation': None, 'name': 'Road', 'summary': '5-4', 'type': 'road'}
 {'abbreviation': None, 'name': 'vs. Conf.', 'summary': '5-9', 'type': 'vsconf'}]",2,TRUE,99,"[{'abbreviation': 'Game', 'name': 'overall', 'summary': '18-8', 'type': 'total'}
 {'abbreviation': None, 'name': 'Home', 'summary': '12-3', 'type': 'home'}
 {'abbreviation': None, 'name': 'Road', 'summary': '5-4', 'type': 'road'}
 {'abbreviation': None, 'name': 'vs. Conf.', 'summary': '10-5', 'type': 'vsconf'}]",2,ACC,STAN,UVA,8c1515,f84c1e,ffffff,232d4b,STAN,8c1515,ffffff,UVA,f84c1e,232d4b,https://raw.githubusercontent.com/sportsdataverse/wehoop-wbb-raw/main/wbb/json/final/401819626.json,2026-02-15T19:00Z,TRUE,,
401819715,2026-02-15T18:00Z,Duke,UNC,Home,W,72,68,https://a.espncdn.com/i/teamlogos/ncaa/500/150.png,https://a.espncdn.com/i/teamlogos/ncaa/500/153.png,11,21,2,2,,,TRUE,1,,STATUS_FINAL,2,TRUE,11,"[{'abbreviation': 'Game', 'name': 'overall', 'summary': '19-6', 'type': 'total'}
 {'abbreviation': None, 'name': 'Home', 'summary': '10-1', 'type': 'home'}
 {'abbreviation': None, 'name': 'Road', 'summary': '9-1', 'type': 'road'}
 {'abbreviation': None, 'name': 'vs. Conf.', 'summary': '14-0', 'type': 'vsconf'}]",2,FALSE,21,"[{'abbreviation': 'Game', 'name': 'overall', 'summary': '21-6', 'type': 'total'}
 {'abbreviation': None, 'name': 'Home', 'summary': '11-2', 'type': 'home'}
 {'abbreviation': None, 'name': 'Road', 'summary': '6-3', 'type': 'road'}
 {'abbreviation': None, 'name': 'vs. Conf.', 'summary': '10-4', 'type': 'vsconf'}]",2,ACC,DUKE,UNC,00539b,7bafd4,ffffff,13294b,DUKE,00539b,ffffff,UNC,7bafd4,13294b,https://raw.githubusercontent.com/sportsdataverse/wehoop-wbb-raw/main/wbb/json/final/401819715.json,2026-02-15T18:00Z,TRUE,,
401819715,2026-02-15T18:00Z,UNC,Duke,Away,L,68,72,https://a.espncdn.com/i/teamlogos/ncaa/500/153.png,https://a.espncdn.com/i/teamlogos/ncaa/500/150.png,21,11,2,2,,,TRUE,1,,STATUS_FINAL,2,TRUE,11,"[{'abbreviation': 'Game', 'name': 'overall', 'summary': '19-6', 'type': 'total'}
 {'abbreviation': None, 'name': 'Home', 'summary': '10-1', 'type': 'home'}
 {'abbreviation': None, 'name': 'Road', 'summary': '9-1', 'type': 'road'}
 {'abbreviation': None, 'name': 'vs. Conf.', 'summary': '14-0', 'type': 'vsconf'}]",2,FALSE,21,"[{'abbreviation': 'Game', 'name': 'overall', 'summary': '21-6', 'type': 'total'}
 {'abbreviation': None, 'name': 'Home', 'summary': '11-2', 'type': 'home'}
 {'abbreviation': None, 'name': 'Road', 'summary': '6-3', 'type': 'road'}
 {'abbreviation': None, 'name': 'vs. Conf.', 'summary': '10-4', 'type': 'vsconf'}]",2,ACC,UNC,DUKE,7bafd4,00539b,13294b,ffffff,DUKE,00539b,ffffff,UNC,7bafd4,13294b,https://raw.githubusercontent.com/sportsdataverse/wehoop-wbb-raw/main/wbb/json/final/401819715.json,2026-02-15T18:00Z,TRUE,,
401807622,2026-02-15T17:00Z,Georgia,Vanderbilt,Home,W,76,74,https://a.espncdn.com/i/teamlogos/ncaa/500/61.png,https://a.espncdn.com/i/teamlogos/ncaa/500/238.png,99,5,23,23,,,TRUE,1,,STATUS_FINAL,23,TRUE,99,"[{'abbreviation': 'Game', 'name': 'overall', 'summary': '20-6', 'type': 'total'}
 {'abbreviation': None, 'name': 'Home', 'summary': '11-3', 'type': 'home'}
 {'abbreviation': None, 'name': 'Road', 'summary': '5-3', 'type': 'road'}
 {'abbreviation': None, 'name': 'vs. Conf.', 'summary': '6-6', 'type': 'vsconf'}]",23,FALSE,5,"[{'abbreviation': 'Game', 'name': 'overall', 'summary': '24-3', 'type': 'total'}
 {'abbreviation': None, 'name': 'Home', 'summary': '14-0', 'type': 'home'}
 {'abbreviation': None, 'name': 'Road', 'summary': '6-2', 'type': 'road'}
 {'abbreviation': None, 'name': 'vs. Conf.', 'summary': '10-3', 'type': 'vsconf'}]",23,SEC,UGA,VAN,ba0c2f,0,2c2a29,cfae70,UGA,ba0c2f,2c2a29,VAN,0,cfae70,https://raw.githubusercontent.com/sportsdataverse/wehoop-wbb-raw/main/wbb/json/final/401807622.json,2026-02-15T17:00Z,TRUE,,
401807622,2026-02-15T17:00Z,Vanderbilt,Georgia,Away,L,74,76,https://a.espncdn.com/i/teamlogos/ncaa/500/238.png,https://a.espncdn.com/i/teamlogos/ncaa/500/61.png,5,99,23,23,,,TRUE,1,,STATUS_FINAL,23,TRUE,99,"[{'abbreviation': 'Game', 'name': 'overall', 'summary': '20-6', 'type': 'total'}
 {'abbreviation': None, 'name': 'Home', 'summary': '11-3', 'type': 'home'}
 {'abbreviation': None, 'name': 'Road', 'summary': '5-3', 'type': 'road'}
 {'abbreviation': None, 'name': 'vs. Conf.', 'summary': '6-6', 'type': 'vsconf'}]",23,FALSE,5,"[{'abbreviation': 'Game', 'name': 'overall', 'summary': '24-3', 'type': 'total'}
 {'abbreviation': None, 'name': 'Home', 'summary': '14-0', 'type': 'home'}
 {'abbreviation': None, 'name': 'Road', 'summary': '6-2', 'type': 'road'}
 {'abbreviation': None, 'name': 'vs. Conf.', 'summary': '10-3', 'type': 'vsconf'}]",23,SEC,VAN,UGA,0,ba0c2f,cfae70,2c2a29,UGA,ba0c2f,2c2a29,VAN,0,cfae70,https://raw.githubusercontent.com/sportsdataverse/wehoop-wbb-raw/main/wbb/json/final/401807622.json,2026-02-15T17:00Z,TRUE,,
401807620,2026-02-15T01:30Z,South Carolina,LSU,Away,W,79,72,https://a.espncdn.com/i/teamlogos/ncaa/500/2579.png,https://a.espncdn.com/i/teamlogos/ncaa/500/99.png,3,6,23,23,,,TRUE,1,,STATUS_FINAL,23,FALSE,6,"[{'abbreviation': 'Game', 'name': 'overall', 'summary': '22-4', 'type': 'total'}
 {'abbreviation': None, 'name': 'Home', 'summary': '11-2', 'type': 'home'}
 {'abbreviation': None, 'name': 'Road', 'summary': '8-2', 'type': 'road'}
 {'abbreviation': None, 'name': 'vs. Conf.', 'summary': '8-4', 'type': 'vsconf'}]",23,TRUE,3,"[{'abbreviation': 'Game', 'name': 'overall', 'summary': '25-2', 'type': 'total'}
 {'abbreviation': None, 'name': 'Home', 'summary': '14-0', 'type': 'home'}
 {'abbreviation': None, 'name': 'Road', 'summary': '9-1', 'type': 'road'}
 {'abbreviation': None, 'name': 'vs. Conf.', 'summary': '11-1', 'type': 'vsconf'}]",23,SEC,SC,LSU,73000a,461d76,0,fdd023,LSU,461d76,fdd023,SC,73000a,0,https://raw.githubusercontent.com/sportsdataverse/wehoop-wbb-raw/main/wbb/json/final/401807620.json,2026-02-15T01:30Z,TRUE,,
401807620,2026-02-15T01:30Z,LSU,South Carolina,Home,L,72,79,https://a.espncdn.com/i/teamlogos/ncaa/500/99.png,https://a.espncdn.com/i/teamlogos/ncaa/500/2579.png,6,3,23,23,,,TRUE,1,,STATUS_FINAL,23,FALSE,6,"[{'abbreviation': 'Game', 'name': 'overall', 'summary': '22-4', 'type': 'total'}
 {'abbreviation': None, 'name': 'Home', 'summary': '11-2', 'type': 'home'}
 {'abbreviation': None, 'name': 'Road', 'summary': '8-2', 'type': 'road'}
 {'abbreviation': None, 'name': 'vs. Conf.', 'summary': '8-4', 'type': 'vsconf'}]",23,TRUE,3,"[{'abbreviation': 'Game', 'name': 'overall', 'summary': '25-2', 'type': 'total'}
 {'abbreviation': None, 'name': 'Home', 'summary': '14-0', 'type': 'home'}
 {'abbreviation': None, 'name': 'Road', 'summary': '9-1', 'type': 'road'}
 {'abbreviation': None, 'name': 'vs. Conf.', 'summary': '11-1', 'type': 'vsconf'}]",23,SEC,LSU,SC,461d76,73000a,fdd023,0,LSU,461d76,fdd023,SC,73000a,0,https://raw.githubusercontent.com/sportsdataverse/wehoop-wbb-raw/main/wbb/json/final/401807620.json,2026-02-15T01:30Z,TRUE,,
401823251,2026-02-14T22:00Z,Princeton,Cornell,Away,W,59,38,https://a.espncdn.com/i/teamlogos/ncaa/500/163.png,https://a.espncdn.com/i/teamlogos/ncaa/500/172.png,24,99,12,12,,,TRUE,1,,STATUS_FINAL,12,FALSE,99,"[{'abbreviation': 'Game', 'name': 'overall', 'summary': '8-15', 'type': 'total'}
 {'abbreviation': None, 'name': 'Home', 'summary': '2-9', 'type': 'home'}
 {'abbreviation': None, 'name': 'Road', 'summary': '6-6', 'type': 'road'}
 {'abbreviation': None, 'name': 'vs. Conf.', 'summary': '3-7', 'type': 'vsconf'}]",12,TRUE,24,"[{'abbreviation': 'Game', 'name': 'overall', 'summary': '20-3', 'type': 'total'}
 {'abbreviation': None, 'name': 'Home', 'summary': '9-1', 'type': 'home'}
 {'abbreviation': None, 'name': 'Road', 'summary': '9-2', 'type': 'road'}
 {'abbreviation': None, 'name': 'vs. Conf.', 'summary': '8-2', 'type': 'vsconf'}]",12,Ivy,PRIN,COR,0,b31b1b,ff6000,ffffff,COR,b31b1b,ffffff,PRIN,0,ff6000,https://raw.githubusercontent.com/sportsdataverse/wehoop-wbb-raw/main/wbb/json/final/401823251.json,2026-02-14T22:00Z,TRUE,,
401813928,2026-02-14T21:00Z,Fairfield,Quinnipiac,Away,W,75,63,https://a.espncdn.com/i/teamlogos/ncaa/500/2217.png,https://a.espncdn.com/i/teamlogos/ncaa/500/2514.png,99,99,13,13,,,TRUE,1,,STATUS_FINAL,13,FALSE,99,"[{'abbreviation': 'Game', 'name': 'overall', 'summary': '21-5', 'type': 'total'}
 {'abbreviation': None, 'name': 'Home', 'summary': '8-4', 'type': 'home'}
 {'abbreviation': None, 'name': 'Road', 'summary': '13-1', 'type': 'road'}
 {'abbreviation': None, 'name': 'vs. Conf.', 'summary': '16-1', 'type': 'vsconf'}]",13,TRUE,99,"[{'abbreviation': 'Game', 'name': 'overall', 'summary': '22-4', 'type': 'total'}
 {'abbreviation': None, 'name': 'Home', 'summary': '10-1', 'type': 'home'}
 {'abbreviation': None, 'name': 'Road', 'summary': '11-2', 'type': 'road'}
 {'abbreviation': None, 'name': 'vs. Conf.', 'summary': '16-1', 'type': 'vsconf'}]",13,MAAC,FAIR,QUIN,0.00E+00,041B43,ebebeb,,QUIN,041B43,,FAIR,0,ebebeb,https://raw.githubusercontent.com/sportsdataverse/wehoop-wbb-raw/main/wbb/json/final/401813928.json,2026-02-14T21:00Z,TRUE,,
401827397,2026-02-14T20:30Z,Texas Tech,Oklahoma State,Away,L,65,75,https://a.espncdn.com/i/teamlogos/ncaa/500/2641.png,https://a.espncdn.com/i/teamlogos/ncaa/500/197.png,16,99,8,8,,,TRUE,1,,STATUS_FINAL,8,TRUE,99,"[{'abbreviation': 'Game', 'name': 'overall', 'summary': '20-7', 'type': 'total'}
 {'abbreviation': None, 'name': 'Home', 'summary': '14-1', 'type': 'home'}
 {'abbreviation': None, 'name': 'Road', 'summary': '4-5', 'type': 'road'}
 {'abbreviation': None, 'name': 'vs. Conf.', 'summary': '9-5', 'type': 'vsconf'}]",8,FALSE,16,"[{'abbreviation': 'Game', 'name': 'overall', 'summary': '23-4', 'type': 'total'}
 {'abbreviation': None, 'name': 'Home', 'summary': '13-2', 'type': 'home'}
 {'abbreviation': None, 'name': 'Road', 'summary': '7-2', 'type': 'road'}
 {'abbreviation': None, 'name': 'vs. Conf.', 'summary': '10-4', 'type': 'vsconf'}]",8,Big 12,TTU,OKST,da291c,fe5c00,0,0,OKST,fe5c00,0,TTU,da291c,0,https://raw.githubusercontent.com/sportsdataverse/wehoop-wbb-raw/main/wbb/json/final/401827397.json,2026-02-14T20:30Z,TRUE,,
401827397,2026-02-14T20:30Z,Oklahoma State,Texas Tech,Home,W,75,65,https://a.espncdn.com/i/teamlogos/ncaa/500/197.png,https://a.espncdn.com/i/teamlogos/ncaa/500/2641.png,99,16,8,8,,,TRUE,1,,STATUS_FINAL,8,TRUE,99,"[{'abbreviation': 'Game', 'name': 'overall', 'summary': '20-7', 'type': 'total'}
 {'abbreviation': None, 'name': 'Home', 'summary': '14-1', 'type': 'home'}
 {'abbreviation': None, 'name': 'Road', 'summary': '4-5', 'type': 'road'}
 {'abbreviation': None, 'name': 'vs. Conf.', 'summary': '9-5', 'type': 'vsconf'}]",8,FALSE,16,"[{'abbreviation': 'Game', 'name': 'overall', 'summary': '23-4', 'type': 'total'}
 {'abbreviation': None, 'name': 'Home', 'summary': '13-2', 'type': 'home'}
 {'abbreviation': None, 'name': 'Road', 'summary': '7-2', 'type': 'road'}
 {'abbreviation': None, 'name': 'vs. Conf.', 'summary': '10-4', 'type': 'vsconf'}]",8,Big 12,OKST,TTU,fe5c00,da291c,0,0,OKST,fe5c00,0,TTU,da291c,0,https://raw.githubusercontent.com/sportsdataverse/wehoop-wbb-raw/main/wbb/json/final/401827397.json,2026-02-14T20:30Z,TRUE,,
401827395,2026-02-14T20:00Z,Colorado,BYU,Home,W,76,46,https://a.espncdn.com/i/teamlogos/ncaa/500/38.png,https://a.espncdn.com/i/teamlogos/ncaa/500/252.png,99,99,8,8,,,TRUE,1,,STATUS_FINAL,8,TRUE,99,"[{'abbreviation': 'Game', 'name': 'overall', 'summary': '18-8', 'type': 'total'}
 {'abbreviation': None, 'name': 'Home', 'summary': '13-2', 'type': 'home'}
 {'abbreviation': None, 'name': 'Road', 'summary': '3-5', 'type': 'road'}
 {'abbreviation': None, 'name': 'vs. Conf.', 'summary': '9-5', 'type': 'vsconf'}]",8,FALSE,99,"[{'abbreviation': 'Game', 'name': 'overall', 'summary': '17-9', 'type': 'total'}
 {'abbreviation': None, 'name': 'Home', 'summary': '12-3', 'type': 'home'}
 {'abbreviation': None, 'name': 'Road', 'summary': '4-5', 'type': 'road'}
 {'abbreviation': None, 'name': 'vs. Conf.', 'summary': '6-8', 'type': 'vsconf'}]",8,Big 12,COLO,BYU,cfb87c,0047ba,0,002e5d,COLO,cfb87c,0,BYU,0047ba,002e5d,https://raw.githubusercontent.com/sportsdataverse/wehoop-wbb-raw/main/wbb/json/final/401827395.json,2026-02-14T20:00Z,TRUE,,
401829132,2026-02-14T20:00Z,Rhode Island,George Mason,Away,W,79,63,https://a.espncdn.com/i/teamlogos/ncaa/500/227.png,https://a.espncdn.com/i/teamlogos/ncaa/500/2244.png,99,99,3,3,,,TRUE,1,,STATUS_FINAL,3,FALSE,99,"[{'abbreviation': 'Game', 'name': 'overall', 'summary': '16-8', 'type': 'total'}
 {'abbreviation': None, 'name': 'Home', 'summary': '9-3', 'type': 'home'}
 {'abbreviation': None, 'name': 'Road', 'summary': '7-3', 'type': 'road'}
 {'abbreviation': None, 'name': 'vs. Conf.', 'summary': '11-2', 'type': 'vsconf'}]",3,TRUE,99,"[{'abbreviation': 'Game', 'name': 'overall', 'summary': '23-2', 'type': 'total'}
 {'abbreviation': None, 'name': 'Home', 'summary': '12-1', 'type': 'home'}
 {'abbreviation': None, 'name': 'Road', 'summary': '11-1', 'type': 'road'}
 {'abbreviation': None, 'name': 'vs. Conf.', 'summary': '14-0', 'type': 'vsconf'}]",3,A-10,URI,GMU,091f3f,16600,5ab3e8,ecb010,GMU,16600,ecb010,URI,091f3f,5ab3e8,https://raw.githubusercontent.com/sportsdataverse/wehoop-wbb-raw/main/wbb/json/final/401829132.json,2026-02-14T20:00Z,TRUE,,
401829133,2026-02-14T18:00Z,Richmond,Davidson,Away,W,65,43,https://a.espncdn.com/i/teamlogos/ncaa/500/257.png,https://a.espncdn.com/i/teamlogos/ncaa/500/2166.png,99,99,3,3,,,TRUE,1,,STATUS_FINAL,3,FALSE,99,"[{'abbreviation': 'Game', 'name': 'overall', 'summary': '16-11', 'type': 'total'}
 {'abbreviation': None, 'name': 'Home', 'summary': '11-3', 'type': 'home'}
 {'abbreviation': None, 'name': 'Road', 'summary': '5-6', 'type': 'road'}
 {'abbreviation': None, 'name': 'vs. Conf.', 'summary': '8-6', 'type': 'vsconf'}]",3,TRUE,99,"[{'abbreviation': 'Game', 'name': 'overall', 'summary': '22-4', 'type': 'total'}
 {'abbreviation': None, 'name': 'Home', 'summary': '11-1', 'type': 'home'}
 {'abbreviation': None, 'name': 'Road', 'summary': '8-2', 'type': 'road'}
 {'abbreviation': None, 'name': 'vs. Conf.', 'summary': '12-1', 'type': 'vsconf'}]",3,A-10,RICH,DAV,9e0712,0,b90b2e,e51837,DAV,0,e51837,RICH,9e0712,b90b2e,https://raw.githubusercontent.com/sportsdataverse/wehoop-wbb-raw/main/wbb/json/final/401829133.json,2026-02-14T18:00Z,TRUE,,
401825682,2026-02-14T18:00Z,UConn,Marquette,Away,W,71,56,https://a.espncdn.com/i/teamlogos/ncaa/500/41.png,https://a.espncdn.com/i/teamlogos/ncaa/500/269.png,1,99,4,4,,,TRUE,1,,STATUS_FINAL,4,FALSE,99,"[{'abbreviation': 'Game', 'name': 'overall', 'summary': '16-10', 'type': 'total'}
 {'abbreviation': None, 'name': 'Home', 'summary': '10-4', 'type': 'home'}
 {'abbreviation': None, 'name': 'Road', 'summary': '6-4', 'type': 'road'}
 {'abbreviation': None, 'name': 'vs. Conf.', 'summary': '10-7', 'type': 'vsconf'}]",4,TRUE,1,"[{'abbreviation': 'Game', 'name': 'overall', 'summary': '27-0', 'type': 'total'}
 {'abbreviation': None, 'name': 'Home', 'summary': '13-0', 'type': 'home'}
 {'abbreviation': None, 'name': 'Road', 'summary': '10-0', 'type': 'road'}
 {'abbreviation': None, 'name': 'vs. Conf.', 'summary': '16-0', 'type': 'vsconf'}]",4,Big East,CONN,MARQ,0c2340,3366,a2aaad,ffcc00,MARQ,3366,ffcc00,CONN,0c2340,a2aaad,https://raw.githubusercontent.com/sportsdataverse/wehoop-wbb-raw/main/wbb/json/final/401825682.json,2026-02-14T18:00Z,TRUE,,
401808814,2026-02-14T18:00Z,James Madison,Old Dominion,Away,W,87,53,https://a.espncdn.com/i/teamlogos/ncaa/500/256.png,https://a.espncdn.com/i/teamlogos/ncaa/500/295.png,99,99,27,27,,,TRUE,1,,STATUS_FINAL,27,FALSE,99,"[{'abbreviation': 'Game', 'name': 'overall', 'summary': '15-12', 'type': 'total'}
 {'abbreviation': None, 'name': 'Home', 'summary': '10-5', 'type': 'home'}
 {'abbreviation': None, 'name': 'Road', 'summary': '4-4', 'type': 'road'}
 {'abbreviation': None, 'name': 'vs. Conf.', 'summary': '6-8', 'type': 'vsconf'}]",27,TRUE,99,"[{'abbreviation': 'Game', 'name': 'overall', 'summary': '20-8', 'type': 'total'}
 {'abbreviation': None, 'name': 'Home', 'summary': '11-3', 'type': 'home'}
 {'abbreviation': None, 'name': 'Road', 'summary': '7-5', 'type': 'road'}
 {'abbreviation': None, 'name': 'vs. Conf.', 'summary': '11-4', 'type': 'vsconf'}]",27,Sun Belt,JMU,ODU,450084,3768,cbb677,a1d2f1,ODU,3768,a1d2f1,JMU,450084,cbb677,https://raw.githubusercontent.com/sportsdataverse/wehoop-wbb-raw/main/wbb/json/final/401808814.json,2026-02-14T18:00Z,TRUE,,
401823208,2026-02-13T23:00Z,Princeton,Columbia,Away,L,56,70,https://a.espncdn.com/i/teamlogos/ncaa/500/163.png,https://a.espncdn.com/i/teamlogos/ncaa/500/171.png,24,99,12,12,,,TRUE,1,,STATUS_FINAL,12,TRUE,99,"[{'abbreviation': 'Game', 'name': 'overall', 'summary': '16-6', 'type': 'total'}
 {'abbreviation': None, 'name': 'Home', 'summary': '7-3', 'type': 'home'}
 {'abbreviation': None, 'name': 'Road', 'summary': '8-1', 'type': 'road'}
 {'abbreviation': None, 'name': 'vs. Conf.', 'summary': '7-2', 'type': 'vsconf'}]",12,FALSE,24,"[{'abbreviation': 'Game', 'name': 'overall', 'summary': '19-3', 'type': 'total'}
 {'abbreviation': None, 'name': 'Home', 'summary': '9-1', 'type': 'home'}
 {'abbreviation': None, 'name': 'Road', 'summary': '8-2', 'type': 'road'}
 {'abbreviation': None, 'name': 'vs. Conf.', 'summary': '7-2', 'type': 'vsconf'}]",12,Ivy,PRIN,COLU,0.00E+00,7ba4db,ff6000,183863,COLU,7ba4db,183863,PRIN,0,ff6000,https://raw.githubusercontent.com/sportsdataverse/wehoop-wbb-raw/main/wbb/json/final/401823208.json,2026-02-13T23:00Z,TRUE,,
401819711,2026-02-13T03:00Z,Virginia,California,Away,L,58,64,https://a.espncdn.com/i/teamlogos/ncaa/500/258.png,https://a.espncdn.com/i/teamlogos/ncaa/500/25.png,99,99,2,2,,,TRUE,1,,STATUS_FINAL,2,TRUE,99,"[{'abbreviation': 'Game', 'name': 'overall', 'summary': '16-10', 'type': 'total'}
 {'abbreviation': None, 'name': 'Home', 'summary': '12-2', 'type': 'home'}
 {'abbreviation': None, 'name': 'Road', 'summary': '3-5', 'type': 'road'}
 {'abbreviation': None, 'name': 'vs. Conf.', 'summary': '7-6', 'type': 'vsconf'}]",2,FALSE,99,"[{'abbreviation': 'Game', 'name': 'overall', 'summary': '17-8', 'type': 'total'}
 {'abbreviation': None, 'name': 'Home', 'summary': '12-3', 'type': 'home'}
 {'abbreviation': None, 'name': 'Road', 'summary': '4-4', 'type': 'road'}
 {'abbreviation': None, 'name': 'vs. Conf.', 'summary': '9-5', 'type': 'vsconf'}]",2,ACC,UVA,CAL,f84c1e,4.10E+43,232d4b,ffc72c,CAL,4.10E+43,ffc72c,UVA,f84c1e,232d4b,https://raw.githubusercontent.com/sportsdataverse/wehoop-wbb-raw/main/wbb/json/final/401819711.json,2026-02-13T03:00Z,TRUE,,
401819625,2026-02-13T03:00Z,Stanford,Virginia Tech,Home,L,67,79,https://a.espncdn.com/i/teamlogos/ncaa/500/24.png,https://a.espncdn.com/i/teamlogos/ncaa/500/259.png,99,99,2,2,,,TRUE,1,,STATUS_FINAL,2,FALSE,99,"[{'abbreviation': 'Game', 'name': 'overall', 'summary': '16-10', 'type': 'total'}
 {'abbreviation': None, 'name': 'Home', 'summary': '9-5', 'type': 'home'}
 {'abbreviation': None, 'name': 'Road', 'summary': '5-4', 'type': 'road'}
 {'abbreviation': None, 'name': 'vs. Conf.', 'summary': '5-8', 'type': 'vsconf'}]",2,TRUE,99,"[{'abbreviation': 'Game', 'name': 'overall', 'summary': '19-7', 'type': 'total'}
 {'abbreviation': None, 'name': 'Home', 'summary': '13-3', 'type': 'home'}
 {'abbreviation': None, 'name': 'Road', 'summary': '5-3', 'type': 'road'}
 {'abbreviation': None, 'name': 'vs. Conf.', 'summary': '9-5', 'type': 'vsconf'}]",2,ACC,STAN,VT,8c1515,6a2c3e,ffffff,cf4520,STAN,8c1515,ffffff,VT,6a2c3e,cf4520,https://raw.githubusercontent.com/sportsdataverse/wehoop-wbb-raw/main/wbb/json/final/401819625.json,2026-02-13T03:00Z,TRUE,,
401825338,2026-02-13T03:00Z,USC,Indiana,Home,W,79,73,https://a.espncdn.com/i/teamlogos/ncaa/500/30.png,https://a.espncdn.com/i/teamlogos/ncaa/500/84.png,99,99,7,7,,,TRUE,1,,STATUS_FINAL,7,TRUE,99,"[{'abbreviation': 'Game', 'name': 'overall', 'summary': '16-9', 'type': 'total'}
 {'abbreviation': None, 'name': 'Home', 'summary': '11-3', 'type': 'home'}
 {'abbreviation': None, 'name': 'Road', 'summary': '3-5', 'type': 'road'}
 {'abbreviation': None, 'name': 'vs. Conf.', 'summary': '8-6', 'type': 'vsconf'}]",7,FALSE,99,"[{'abbreviation': 'Game', 'name': 'overall', 'summary': '14-12', 'type': 'total'}
 {'abbreviation': None, 'name': 'Home', 'summary': '10-5', 'type': 'home'}
 {'abbreviation': None, 'name': 'Road', 'summary': '3-6', 'type': 'road'}
 {'abbreviation': None, 'name': 'vs. Conf.', 'summary': '3-11', 'type': 'vsconf'}]",7,Big Ten,USC,IU,9d2235,970310,ffc72c,ffffff,USC,9d2235,ffc72c,IU,970310,ffffff,https://raw.githubusercontent.com/sportsdataverse/wehoop-wbb-raw/main/wbb/json/final/401825338.json,2026-02-13T03:00Z,TRUE,,
401819625,2026-02-13T03:00Z,Virginia Tech,Stanford,Away,W,79,67,https://a.espncdn.com/i/teamlogos/ncaa/500/259.png,https://a.espncdn.com/i/teamlogos/ncaa/500/24.png,99,99,2,2,,,TRUE,1,,STATUS_FINAL,2,FALSE,99,"[{'abbreviation': 'Game', 'name': 'overall', 'summary': '16-10', 'type': 'total'}
 {'abbreviation': None, 'name': 'Home', 'summary': '9-5', 'type': 'home'}
 {'abbreviation': None, 'name': 'Road', 'summary': '5-4', 'type': 'road'}
 {'abbreviation': None, 'name': 'vs. Conf.', 'summary': '5-8', 'type': 'vsconf'}]",2,TRUE,99,"[{'abbreviation': 'Game', 'name': 'overall', 'summary': '19-7', 'type': 'total'}
 {'abbreviation': None, 'name': 'Home', 'summary': '13-3', 'type': 'home'}
 {'abbreviation': None, 'name': 'Road', 'summary': '5-3', 'type': 'road'}
 {'abbreviation': None, 'name': 'vs. Conf.', 'summary': '9-5', 'type': 'vsconf'}]",2,ACC,VT,STAN,6a2c3e,8c1515,cf4520,ffffff,STAN,8c1515,ffffff,VT,6a2c3e,cf4520,https://raw.githubusercontent.com/sportsdataverse/wehoop-wbb-raw/main/wbb/json/final/401819625.json,2026-02-13T03:00Z,TRUE,,
401825339,2026-02-13T02:00Z,Michigan,Northwestern,Away,W,80,58,https://a.espncdn.com/i/teamlogos/ncaa/500/130.png,https://a.espncdn.com/i/teamlogos/ncaa/500/77.png,7,99,7,7,,,TRUE,1,,STATUS_FINAL,7,FALSE,99,"[{'abbreviation': 'Game', 'name': 'overall', 'summary': '8-16', 'type': 'total'}
 {'abbreviation': None, 'name': 'Home', 'summary': '6-7', 'type': 'home'}
 {'abbreviation': None, 'name': 'Road', 'summary': '1-8', 'type': 'road'}
 {'abbreviation': None, 'name': 'vs. Conf.', 'summary': '2-11', 'type': 'vsconf'}]",7,TRUE,7,"[{'abbreviation': 'Game', 'name': 'overall', 'summary': '21-4', 'type': 'total'}
 {'abbreviation': None, 'name': 'Home', 'summary': '12-1', 'type': 'home'}
 {'abbreviation': None, 'name': 'Road', 'summary': '7-1', 'type': 'road'}
 {'abbreviation': None, 'name': 'vs. Conf.', 'summary': '12-2', 'type': 'vsconf'}]",7,Big Ten,MICH,NU,00274c,492f92,ffcb05,ffffff,NU,492f92,ffffff,MICH,00274c,ffcb05,https://raw.githubusercontent.com/sportsdataverse/wehoop-wbb-raw/main/wbb/json/final/401825339.json,2026-02-13T02:00Z,TRUE,,
401807614,2026-02-13T02:00Z,Ole Miss,Arkansas,Home,W,80,57,https://a.espncdn.com/i/teamlogos/ncaa/500/145.png,https://a.espncdn.com/i/teamlogos/ncaa/500/8.png,14,99,23,23,,,TRUE,1,,STATUS_FINAL,23,TRUE,14,"[{'abbreviation': 'Game', 'name': 'overall', 'summary': '20-5', 'type': 'total'}
 {'abbreviation': None, 'name': 'Home', 'summary': '11-0', 'type': 'home'}
 {'abbreviation': None, 'name': 'Road', 'summary': '4-3', 'type': 'road'}
 {'abbreviation': None, 'name': 'vs. Conf.', 'summary': '7-3', 'type': 'vsconf'}]",23,FALSE,99,"[{'abbreviation': 'Game', 'name': 'overall', 'summary': '11-15', 'type': 'total'}
 {'abbreviation': None, 'name': 'Home', 'summary': '8-7', 'type': 'home'}
 {'abbreviation': None, 'name': 'Road', 'summary': '1-8', 'type': 'road'}
 {'abbreviation': None, 'name': 'vs. Conf.', 'summary': '0-11', 'type': 'vsconf'}]",23,SEC,MISS,ARK,13294b,a32136,cf142b,ffffff,MISS,13294b,cf142b,ARK,a32136,ffffff,https://raw.githubusercontent.com/sportsdataverse/wehoop-wbb-raw/main/wbb/json/final/401807614.json,2026-02-13T02:00Z,TRUE,,
401819598,2026-02-13T01:00Z,Clemson,Georgia Tech,Home,W,67,65,https://a.espncdn.com/i/teamlogos/ncaa/500/228.png,https://a.espncdn.com/i/teamlogos/ncaa/500/59.png,99,99,2,2,,,TRUE,1,,STATUS_FINAL,2,TRUE,99,"[{'abbreviation': 'Game', 'name': 'overall', 'summary': '18-8', 'type': 'total'}
 {'abbreviation': None, 'name': 'Home', 'summary': '11-1', 'type': 'home'}
 {'abbreviation': None, 'name': 'Road', 'summary': '6-6', 'type': 'road'}
 {'abbreviation': None, 'name': 'vs. Conf.', 'summary': '9-5', 'type': 'vsconf'}]",2,FALSE,99,"[{'abbreviation': 'Game', 'name': 'overall', 'summary': '11-15', 'type': 'total'}
 {'abbreviation': None, 'name': 'Home', 'summary': '9-5', 'type': 'home'}
 {'abbreviation': None, 'name': 'Road', 'summary': '2-8', 'type': 'road'}
 {'abbreviation': None, 'name': 'vs. Conf.', 'summary': '6-8', 'type': 'vsconf'}]",2,ACC,CLEM,GT,f56600,b3a369,ffffff,ffffff,CLEM,f56600,ffffff,GT,b3a369,ffffff,https://raw.githubusercontent.com/sportsdataverse/wehoop-wbb-raw/main/wbb/json/final/401819598.json,2026-02-13T01:00Z,TRUE,,
401825341,2026-02-13T01:00Z,Nebraska,Minnesota,Away,L,67,84,https://a.espncdn.com/i/teamlogos/ncaa/500/158.png,https://a.espncdn.com/i/teamlogos/ncaa/500/135.png,99,99,7,7,,,TRUE,1,,STATUS_FINAL,7,TRUE,99,"[{'abbreviation': 'Game', 'name': 'overall', 'summary': '19-6', 'type': 'total'}
 {'abbreviation': None, 'name': 'Home', 'summary': '12-2', 'type': 'home'}
 {'abbreviation': None, 'name': 'Road', 'summary': '6-3', 'type': 'road'}
 {'abbreviation': None, 'name': 'vs. Conf.', 'summary': '10-4', 'type': 'vsconf'}]",7,FALSE,99,"[{'abbreviation': 'Game', 'name': 'overall', 'summary': '16-9', 'type': 'total'}
 {'abbreviation': None, 'name': 'Home', 'summary': '12-3', 'type': 'home'}
 {'abbreviation': None, 'name': 'Road', 'summary': '1-6', 'type': 'road'}
 {'abbreviation': None, 'name': 'vs. Conf.', 'summary': '5-9', 'type': 'vsconf'}]",7,Big Ten,NEB,MINN,e31937,5e0a2f,ffffff,fab41c,MINN,5e0a2f,fab41c,NEB,e31937,ffffff,https://raw.githubusercontent.com/sportsdataverse/wehoop-wbb-raw/main/wbb/json/final/401825341.json,2026-02-13T01:00Z,TRUE,,
401825341,2026-02-13T01:00Z,Minnesota,Nebraska,Home,W,84,67,https://a.espncdn.com/i/teamlogos/ncaa/500/135.png,https://a.espncdn.com/i/teamlogos/ncaa/500/158.png,99,99,7,7,,,TRUE,1,,STATUS_FINAL,7,TRUE,99,"[{'abbreviation': 'Game', 'name': 'overall', 'summary': '19-6', 'type': 'total'}
 {'abbreviation': None, 'name': 'Home', 'summary': '12-2', 'type': 'home'}
 {'abbreviation': None, 'name': 'Road', 'summary': '6-3', 'type': 'road'}
 {'abbreviation': None, 'name': 'vs. Conf.', 'summary': '10-4', 'type': 'vsconf'}]",7,FALSE,99,"[{'abbreviation': 'Game', 'name': 'overall', 'summary': '16-9', 'type': 'total'}
 {'abbreviation': None, 'name': 'Home', 'summary': '12-3', 'type': 'home'}
 {'abbreviation': None, 'name': 'Road', 'summary': '1-6', 'type': 'road'}
 {'abbreviation': None, 'name': 'vs. Conf.', 'summary': '5-9', 'type': 'vsconf'}]",7,Big Ten,MINN,NEB,5e0a2f,e31937,fab41c,ffffff,MINN,5e0a2f,fab41c,NEB,e31937,ffffff,https://raw.githubusercontent.com/sportsdataverse/wehoop-wbb-raw/main/wbb/json/final/401825341.json,2026-02-13T01:00Z,TRUE,,
401807618,2026-02-13T00:30Z,Texas,Vanderbilt,Away,L,70,86,https://a.espncdn.com/i/teamlogos/ncaa/500/251.png,https://a.espncdn.com/i/teamlogos/ncaa/500/238.png,4,5,23,23,,,TRUE,1,,STATUS_FINAL,23,TRUE,5,"[{'abbreviation': 'Game', 'name': 'overall', 'summary': '24-2', 'type': 'total'}
 {'abbreviation': None, 'name': 'Home', 'summary': '14-0', 'type': 'home'}
 {'abbreviation': None, 'name': 'Road', 'summary': '6-1', 'type': 'road'}
 {'abbreviation': None, 'name': 'vs. Conf.', 'summary': '10-2', 'type': 'vsconf'}]",23,FALSE,4,"[{'abbreviation': 'Game', 'name': 'overall', 'summary': '23-3', 'type': 'total'}
 {'abbreviation': None, 'name': 'Home', 'summary': '16-0', 'type': 'home'}
 {'abbreviation': None, 'name': 'Road', 'summary': '4-3', 'type': 'road'}
 {'abbreviation': None, 'name': 'vs. Conf.', 'summary': '8-3', 'type': 'vsconf'}]",23,SEC,TEX,VAN,af5c37,0,ffffff,cfae70,VAN,0,cfae70,TEX,af5c37,ffffff,https://raw.githubusercontent.com/sportsdataverse/wehoop-wbb-raw/main/wbb/json/final/401807618.json,2026-02-13T00:30Z,TRUE,,
401807618,2026-02-13T00:30Z,Vanderbilt,Texas,Home,W,86,70,https://a.espncdn.com/i/teamlogos/ncaa/500/238.png,https://a.espncdn.com/i/teamlogos/ncaa/500/251.png,5,4,23,23,,,TRUE,1,,STATUS_FINAL,23,TRUE,5,"[{'abbreviation': 'Game', 'name': 'overall', 'summary': '24-2', 'type': 'total'}
 {'abbreviation': None, 'name': 'Home', 'summary': '14-0', 'type': 'home'}
 {'abbreviation': None, 'name': 'Road', 'summary': '6-1', 'type': 'road'}
 {'abbreviation': None, 'name': 'vs. Conf.', 'summary': '10-2', 'type': 'vsconf'}]",23,FALSE,4,"[{'abbreviation': 'Game', 'name': 'overall', 'summary': '23-3', 'type': 'total'}
 {'abbreviation': None, 'name': 'Home', 'summary': '16-0', 'type': 'home'}
 {'abbreviation': None, 'name': 'Road', 'summary': '4-3', 'type': 'road'}
 {'abbreviation': None, 'name': 'vs. Conf.', 'summary': '8-3', 'type': 'vsconf'}]",23,SEC,VAN,TEX,0,af5c37,cfae70,ffffff,VAN,0,cfae70,TEX,af5c37,ffffff,https://raw.githubusercontent.com/sportsdataverse/wehoop-wbb-raw/main/wbb/json/final/401807618.json,2026-02-13T00:30Z,TRUE,,
401807617,2026-02-13T00:30Z,Georgia,Mississippi State,Away,L,71,85,https://a.espncdn.com/i/teamlogos/ncaa/500/61.png,https://a.espncdn.com/i/teamlogos/ncaa/500/344.png,99,99,23,23,,,TRUE,1,,STATUS_FINAL,23,TRUE,99,"[{'abbreviation': 'Game', 'name': 'overall', 'summary': '17-8', 'type': 'total'}
 {'abbreviation': None, 'name': 'Home', 'summary': '14-3', 'type': 'home'}
 {'abbreviation': None, 'name': 'Road', 'summary': '2-5', 'type': 'road'}
 {'abbreviation': None, 'name': 'vs. Conf.', 'summary': '4-7', 'type': 'vsconf'}]",23,FALSE,99,"[{'abbreviation': 'Game', 'name': 'overall', 'summary': '19-6', 'type': 'total'}
 {'abbreviation': None, 'name': 'Home', 'summary': '10-3', 'type': 'home'}
 {'abbreviation': None, 'name': 'Road', 'summary': '5-3', 'type': 'road'}
 {'abbreviation': None, 'name': 'vs. Conf.', 'summary': '5-6', 'type': 'vsconf'}]",23,SEC,UGA,MSST,ba0c2f,5d1725,2c2a29,c1c6c8,MSST,5d1725,c1c6c8,UGA,ba0c2f,2c2a29,https://raw.githubusercontent.com/sportsdataverse/wehoop-wbb-raw/main/wbb/json/final/401807617.json,2026-02-13T00:30Z,TRUE,,
401807617,2026-02-13T00:30Z,Mississippi State,Georgia,Home,W,85,71,https://a.espncdn.com/i/teamlogos/ncaa/500/344.png,https://a.espncdn.com/i/teamlogos/ncaa/500/61.png,99,99,23,23,,,TRUE,1,,STATUS_FINAL,23,TRUE,99,"[{'abbreviation': 'Game', 'name': 'overall', 'summary': '17-8', 'type': 'total'}
 {'abbreviation': None, 'name': 'Home', 'summary': '14-3', 'type': 'home'}
 {'abbreviation': None, 'name': 'Road', 'summary': '2-5', 'type': 'road'}
 {'abbreviation': None, 'name': 'vs. Conf.', 'summary': '4-7', 'type': 'vsconf'}]",23,FALSE,99,"[{'abbreviation': 'Game', 'name': 'overall', 'summary': '19-6', 'type': 'total'}
 {'abbreviation': None, 'name': 'Home', 'summary': '10-3', 'type': 'home'}
 {'abbreviation': None, 'name': 'Road', 'summary': '5-3', 'type': 'road'}
 {'abbreviation': None, 'name': 'vs. Conf.', 'summary': '5-6', 'type': 'vsconf'}]",23,SEC,MSST,UGA,5d1725,ba0c2f,c1c6c8,2c2a29,MSST,5d1725,c1c6c8,UGA,ba0c2f,2c2a29,https://raw.githubusercontent.com/sportsdataverse/wehoop-wbb-raw/main/wbb/json/final/401807617.json,2026-02-13T00:30Z,TRUE,,
401827393,2026-02-13T00:00Z,TCU,Baylor,Away,W,83,67,https://a.espncdn.com/i/teamlogos/ncaa/500/2628.png,https://a.espncdn.com/i/teamlogos/ncaa/500/239.png,17,12,8,8,,,TRUE,1,,STATUS_FINAL,8,FALSE,12,"[{'abbreviation': 'Game', 'name': 'overall', 'summary': '21-5', 'type': 'total'}
 {'abbreviation': None, 'name': 'Home', 'summary': '13-2', 'type': 'home'}
 {'abbreviation': None, 'name': 'Road', 'summary': '6-1', 'type': 'road'}
 {'abbreviation': None, 'name': 'vs. Conf.', 'summary': '10-3', 'type': 'vsconf'}]",8,TRUE,17,"[{'abbreviation': 'Game', 'name': 'overall', 'summary': '22-4', 'type': 'total'}
 {'abbreviation': None, 'name': 'Home', 'summary': '15-0', 'type': 'home'}
 {'abbreviation': None, 'name': 'Road', 'summary': '5-3', 'type': 'road'}
 {'abbreviation': None, 'name': 'vs. Conf.', 'summary': '10-3', 'type': 'vsconf'}]",8,Big 12,TCU,BAY,4d1979,154734,ffffff,ffb81c,BAY,154734,ffb81c,TCU,4d1979,ffffff,https://raw.githubusercontent.com/sportsdataverse/wehoop-wbb-raw/main/wbb/json/final/401827393.json,2026-02-13T00:00Z,TRUE,,
401825340,2026-02-13T00:00Z,Maryland,Penn State,Home,W,81,62,https://a.espncdn.com/i/teamlogos/ncaa/500/120.png,https://a.espncdn.com/i/teamlogos/ncaa/500/213.png,20,99,7,7,,,TRUE,1,,STATUS_FINAL,7,TRUE,20,"[{'abbreviation': 'Game', 'name': 'overall', 'summary': '20-6', 'type': 'total'}
 {'abbreviation': None, 'name': 'Home', 'summary': '13-4', 'type': 'home'}
 {'abbreviation': None, 'name': 'Road', 'summary': '5-2', 'type': 'road'}
 {'abbreviation': None, 'name': 'vs. Conf.', 'summary': '8-6', 'type': 'vsconf'}]",7,FALSE,99,"[{'abbreviation': 'Game', 'name': 'overall', 'summary': '8-17', 'type': 'total'}
 {'abbreviation': None, 'name': 'Home', 'summary': '4-8', 'type': 'home'}
 {'abbreviation': None, 'name': 'Road', 'summary': '2-7', 'type': 'road'}
 {'abbreviation': None, 'name': 'vs. Conf.', 'summary': '1-13', 'type': 'vsconf'}]",7,Big Ten,MD,PSU,ce1126,61440,ffffff,ffffff,MD,ce1126,ffffff,PSU,61440,ffffff,https://raw.githubusercontent.com/sportsdataverse/wehoop-wbb-raw/main/wbb/json/final/401825340.json,2026-02-13T00:00Z,TRUE,,
401827393,2026-02-13T00:00Z,Baylor,TCU,Home,L,67,83,https://a.espncdn.com/i/teamlogos/ncaa/500/239.png,https://a.espncdn.com/i/teamlogos/ncaa/500/2628.png,12,17,8,8,,,TRUE,1,,STATUS_FINAL,8,FALSE,12,"[{'abbreviation': 'Game', 'name': 'overall', 'summary': '21-5', 'type': 'total'}
 {'abbreviation': None, 'name': 'Home', 'summary': '13-2', 'type': 'home'}
 {'abbreviation': None, 'name': 'Road', 'summary': '6-1', 'type': 'road'}
 {'abbreviation': None, 'name': 'vs. Conf.', 'summary': '10-3', 'type': 'vsconf'}]",8,TRUE,17,"[{'abbreviation': 'Game', 'name': 'overall', 'summary': '22-4', 'type': 'total'}
 {'abbreviation': None, 'name': 'Home', 'summary': '15-0', 'type': 'home'}
 {'abbreviation': None, 'name': 'Road', 'summary': '5-3', 'type': 'road'}
 {'abbreviation': None, 'name': 'vs. Conf.', 'summary': '10-3', 'type': 'vsconf'}]",8,Big 12,BAY,TCU,154734,4d1979,ffb81c,ffffff,BAY,154734,ffb81c,TCU,4d1979,ffffff,https://raw.githubusercontent.com/sportsdataverse/wehoop-wbb-raw/main/wbb/json/final/401827393.json,2026-02-13T00:00Z,TRUE,,
401807615,2026-02-13T00:00Z,Oklahoma,Florida,Home,W,81,74,https://a.espncdn.com/i/teamlogos/ncaa/500/201.png,https://a.espncdn.com/i/teamlogos/ncaa/500/57.png,10,99,23,23,,,TRUE,1,,STATUS_FINAL,23,TRUE,10,"[{'abbreviation': 'Game', 'name': 'overall', 'summary': '18-6', 'type': 'total'}
 {'abbreviation': None, 'name': 'Home', 'summary': '12-2', 'type': 'home'}
 {'abbreviation': None, 'name': 'Road', 'summary': '3-3', 'type': 'road'}
 {'abbreviation': None, 'name': 'vs. Conf.', 'summary': '6-5', 'type': 'vsconf'}]",23,FALSE,99,"[{'abbreviation': 'Game', 'name': 'overall', 'summary': '15-12', 'type': 'total'}
 {'abbreviation': None, 'name': 'Home', 'summary': '12-4', 'type': 'home'}
 {'abbreviation': None, 'name': 'Road', 'summary': '1-8', 'type': 'road'}
 {'abbreviation': None, 'name': 'vs. Conf.', 'summary': '3-9', 'type': 'vsconf'}]",23,SEC,OU,FLA,990000,0021a5,ffffff,fa4616,OU,990000,ffffff,FLA,0021a5,fa4616,https://raw.githubusercontent.com/sportsdataverse/wehoop-wbb-raw/main/wbb/json/final/401807615.json,2026-02-13T00:00Z,FALSE,,
401819712,2026-02-13T00:00Z,Louisville,Wake Forest,Home,W,86,67,https://a.espncdn.com/i/teamlogos/ncaa/500/97.png,https://a.espncdn.com/i/teamlogos/ncaa/500/154.png,9,99,2,2,,,TRUE,1,,STATUS_FINAL,2,TRUE,9,"[{'abbreviation': 'Game', 'name': 'overall', 'summary': '23-4', 'type': 'total'}
 {'abbreviation': None, 'name': 'Home', 'summary': '13-3', 'type': 'home'}
 {'abbreviation': None, 'name': 'Road', 'summary': '8-0', 'type': 'road'}
 {'abbreviation': None, 'name': 'vs. Conf.', 'summary': '13-1', 'type': 'vsconf'}]",2,FALSE,99,"[{'abbreviation': 'Game', 'name': 'overall', 'summary': '13-13', 'type': 'total'}
 {'abbreviation': None, 'name': 'Home', 'summary': '8-8', 'type': 'home'}
 {'abbreviation': None, 'name': 'Road', 'summary': '2-5', 'type': 'road'}
 {'abbreviation': None, 'name': 'vs. Conf.', 'summary': '3-11', 'type': 'vsconf'}]",2,ACC,LOU,WAKE,c9001f,ceb888,ffffff,2c2a29,LOU,c9001f,ffffff,WAKE,ceb888,2c2a29,https://raw.githubusercontent.com/sportsdataverse/wehoop-wbb-raw/main/wbb/json/final/401819712.json,2026-02-13T00:00Z,TRUE,,
401813940,2026-02-13T00:00Z,Fairfield,Mount St. Mary's,Away,W,69,43,https://a.espncdn.com/i/teamlogos/ncaa/500/2217.png,https://a.espncdn.com/i/teamlogos/ncaa/500/116.png,99,99,13,13,,,TRUE,1,,STATUS_FINAL,13,FALSE,99,"[{'abbreviation': 'Game', 'name': 'overall', 'summary': '12-13', 'type': 'total'}
 {'abbreviation': None, 'name': 'Home', 'summary': '7-5', 'type': 'home'}
 {'abbreviation': None, 'name': 'Road', 'summary': '5-8', 'type': 'road'}
 {'abbreviation': None, 'name': 'vs. Conf.', 'summary': '8-8', 'type': 'vsconf'}]",13,TRUE,99,"[{'abbreviation': 'Game', 'name': 'overall', 'summary': '21-4', 'type': 'total'}
 {'abbreviation': None, 'name': 'Home', 'summary': '10-1', 'type': 'home'}
 {'abbreviation': None, 'name': 'Road', 'summary': '10-2', 'type': 'road'}
 {'abbreviation': None, 'name': 'vs. Conf.', 'summary': '15-1', 'type': 'vsconf'}]",13,MAAC,FAIR,MSM,0,5596,ebebeb,ebebeb,MSM,5596,ebebeb,FAIR,0,ebebeb,https://raw.githubusercontent.com/sportsdataverse/wehoop-wbb-raw/main/wbb/json/final/401813940.json,2026-02-13T00:00Z,TRUE,,
401807615,2026-02-13T00:00Z,Florida,Oklahoma,Away,L,74,81,https://a.espncdn.com/i/teamlogos/ncaa/500/57.png,https://a.espncdn.com/i/teamlogos/ncaa/500/201.png,99,10,23,23,,,TRUE,1,,STATUS_FINAL,23,TRUE,10,"[{'abbreviation': 'Game', 'name': 'overall', 'summary': '18-6', 'type': 'total'}
 {'abbreviation': None, 'name': 'Home', 'summary': '12-2', 'type': 'home'}
 {'abbreviation': None, 'name': 'Road', 'summary': '3-3', 'type': 'road'}
 {'abbreviation': None, 'name': 'vs. Conf.', 'summary': '6-5', 'type': 'vsconf'}]",23,FALSE,99,"[{'abbreviation': 'Game', 'name': 'overall', 'summary': '15-12', 'type': 'total'}
 {'abbreviation': None, 'name': 'Home', 'summary': '12-4', 'type': 'home'}
 {'abbreviation': None, 'name': 'Road', 'summary': '1-8', 'type': 'road'}
 {'abbreviation': None, 'name': 'vs. Conf.', 'summary': '3-9', 'type': 'vsconf'}]",23,SEC,FLA,OU,0021a5,990000,fa4616,ffffff,OU,990000,ffffff,FLA,0021a5,fa4616,https://raw.githubusercontent.com/sportsdataverse/wehoop-wbb-raw/main/wbb/json/final/401807615.json,2026-02-13T00:00Z,FALSE,,
401807619,2026-02-12T23:30Z,Kentucky,Texas A&M,Home,W,75,55,https://a.espncdn.com/i/teamlogos/ncaa/500/96.png,https://a.espncdn.com/i/teamlogos/ncaa/500/245.png,18,99,23,23,,,TRUE,1,,STATUS_FINAL,23,TRUE,18,"[{'abbreviation': 'Game', 'name': 'overall', 'summary': '19-7', 'type': 'total'}
 {'abbreviation': None, 'name': 'Home', 'summary': '11-2', 'type': 'home'}
 {'abbreviation': None, 'name': 'Road', 'summary': '7-4', 'type': 'road'}
 {'abbreviation': None, 'name': 'vs. Conf.', 'summary': '6-6', 'type': 'vsconf'}]",23,FALSE,99,"[{'abbreviation': 'Game', 'name': 'overall', 'summary': '9-11', 'type': 'total'}
 {'abbreviation': None, 'name': 'Home', 'summary': '5-5', 'type': 'home'}
 {'abbreviation': None, 'name': 'Road', 'summary': '2-5', 'type': 'road'}
 {'abbreviation': None, 'name': 'vs. Conf.', 'summary': '2-9', 'type': 'vsconf'}]",23,SEC,UK,TA&M,0033a0,500000,ffffff,ffffff,UK,0033a0,ffffff,TA&M,500000,ffffff,https://raw.githubusercontent.com/sportsdataverse/wehoop-wbb-raw/main/wbb/json/final/401807619.json,2026-02-12T23:30Z,TRUE,,
401807616,2026-02-12T23:30Z,Tennessee,Missouri,Home,W,98,53,https://a.espncdn.com/i/teamlogos/ncaa/500/2633_ncw.png,https://a.espncdn.com/i/teamlogos/ncaa/500/142.png,22,99,23,23,,,TRUE,1,,STATUS_FINAL,23,TRUE,22,"[{'abbreviation': 'Game', 'name': 'overall', 'summary': '16-6', 'type': 'total'}
 {'abbreviation': None, 'name': 'Home', 'summary': '9-1', 'type': 'home'}
 {'abbreviation': None, 'name': 'Road', 'summary': '7-3', 'type': 'road'}
 {'abbreviation': None, 'name': 'vs. Conf.', 'summary': '8-2', 'type': 'vsconf'}]",23,FALSE,99,"[{'abbreviation': 'Game', 'name': 'overall', 'summary': '16-11', 'type': 'total'}
 {'abbreviation': None, 'name': 'Home', 'summary': '9-6', 'type': 'home'}
 {'abbreviation': None, 'name': 'Road', 'summary': '4-4', 'type': 'road'}
 {'abbreviation': None, 'name': 'vs. Conf.', 'summary': '4-8', 'type': 'vsconf'}]",23,SEC,TENN,MIZ,ff8200,f1b82d,ffffff,0,TENN,ff8200,ffffff,MIZ,f1b82d,0,https://raw.githubusercontent.com/sportsdataverse/wehoop-wbb-raw/main/wbb/json/final/401807616.json,2026-02-12T23:30Z,TRUE,,
401819709,2026-02-12T23:00Z,UNC,SMU,Home,W,94,42,https://a.espncdn.com/i/teamlogos/ncaa/500/153.png,https://a.espncdn.com/i/teamlogos/ncaa/500/2567.png,21,99,2,2,,,TRUE,1,,STATUS_FINAL,2,TRUE,21,"[{'abbreviation': 'Game', 'name': 'overall', 'summary': '21-5', 'type': 'total'}
 {'abbreviation': None, 'name': 'Home', 'summary': '11-2', 'type': 'home'}
 {'abbreviation': None, 'name': 'Road', 'summary': '6-2', 'type': 'road'}
 {'abbreviation': None, 'name': 'vs. Conf.', 'summary': '10-3', 'type': 'vsconf'}]",2,FALSE,99,"[{'abbreviation': 'Game', 'name': 'overall', 'summary': '8-17', 'type': 'total'}
 {'abbreviation': None, 'name': 'Home', 'summary': '5-8', 'type': 'home'}
 {'abbreviation': None, 'name': 'Road', 'summary': '2-8', 'type': 'road'}
 {'abbreviation': None, 'name': 'vs. Conf.', 'summary': '1-12', 'type': 'vsconf'}]",2,ACC,UNC,SMU,7bafd4,a80000,13294b,0033a1,UNC,7bafd4,13294b,SMU,a80000,0033a1,https://raw.githubusercontent.com/sportsdataverse/wehoop-wbb-raw/main/wbb/json/final/401819709.json,2026-02-12T23:00Z,TRUE,,
401819710,2026-02-12T23:00Z,Syracuse,Pittsburgh,Away,W,84,51,https://a.espncdn.com/i/teamlogos/ncaa/500/183.png,https://a.espncdn.com/i/teamlogos/ncaa/500/221.png,99,99,2,2,,,TRUE,1,,STATUS_FINAL,2,FALSE,99,"[{'abbreviation': 'Game', 'name': 'overall', 'summary': '8-18', 'type': 'total'}
 {'abbreviation': None, 'name': 'Home', 'summary': '6-10', 'type': 'home'}
 {'abbreviation': None, 'name': 'Road', 'summary': '1-7', 'type': 'road'}
 {'abbreviation': None, 'name': 'vs. Conf.', 'summary': '1-12', 'type': 'vsconf'}]",2,TRUE,99,"[{'abbreviation': 'Game', 'name': 'overall', 'summary': '20-5', 'type': 'total'}
 {'abbreviation': None, 'name': 'Home', 'summary': '13-3', 'type': 'home'}
 {'abbreviation': None, 'name': 'Road', 'summary': '6-1', 'type': 'road'}
 {'abbreviation': None, 'name': 'vs. Conf.', 'summary': '10-4', 'type': 'vsconf'}]",2,ACC,SYR,PITT,0.00E+00,3594,ff431b,ffb81c,PITT,3594,ffb81c,SYR,0.00E+00,ff431b,https://raw.githubusercontent.com/sportsdataverse/wehoop-wbb-raw/main/wbb/json/final/401819710.json,2026-02-12T23:00Z,TRUE,,
401825336,2026-02-12T01:00Z,Michigan State,UCLA,Home,L,63,86,https://a.espncdn.com/i/teamlogos/ncaa/500/127.png,https://a.espncdn.com/i/teamlogos/ncaa/500/26.png,13,2,7,7,,,TRUE,1,,STATUS_FINAL,7,FALSE,13,"[{'abbreviation': 'Game', 'name': 'overall', 'summary': '20-5', 'type': 'total'}
 {'abbreviation': None, 'name': 'Home', 'summary': '10-3', 'type': 'home'}
 {'abbreviation': None, 'name': 'Road', 'summary': '6-2', 'type': 'road'}
 {'abbreviation': None, 'name': 'vs. Conf.', 'summary': '9-5', 'type': 'vsconf'}]",7,TRUE,2,"[{'abbreviation': 'Game', 'name': 'overall', 'summary': '24-1', 'type': 'total'}
 {'abbreviation': None, 'name': 'Home', 'summary': '11-0', 'type': 'home'}
 {'abbreviation': None, 'name': 'Road', 'summary': '8-0', 'type': 'road'}
 {'abbreviation': None, 'name': 'vs. Conf.', 'summary': '14-0', 'type': 'vsconf'}]",7,Big Ten,MSU,UCLA,173f35,2774ae,ffffff,f2a900,MSU,173f35,ffffff,UCLA,2774ae,f2a900,https://raw.githubusercontent.com/sportsdataverse/wehoop-wbb-raw/main/wbb/json/final/401825336.json,2026-02-12T01:00Z,TRUE,,
401825336,2026-02-12T01:00Z,UCLA,Michigan State,Away,W,86,63,https://a.espncdn.com/i/teamlogos/ncaa/500/26.png,https://a.espncdn.com/i/teamlogos/ncaa/500/127.png,2,13,7,7,,,TRUE,1,,STATUS_FINAL,7,FALSE,13,"[{'abbreviation': 'Game', 'name': 'overall', 'summary': '20-5', 'type': 'total'}
 {'abbreviation': None, 'name': 'Home', 'summary': '10-3', 'type': 'home'}
 {'abbreviation': None, 'name': 'Road', 'summary': '6-2', 'type': 'road'}
 {'abbreviation': None, 'name': 'vs. Conf.', 'summary': '9-5', 'type': 'vsconf'}]",7,TRUE,2,"[{'abbreviation': 'Game', 'name': 'overall', 'summary': '24-1', 'type': 'total'}
 {'abbreviation': None, 'name': 'Home', 'summary': '11-0', 'type': 'home'}
 {'abbreviation': None, 'name': 'Road', 'summary': '8-0', 'type': 'road'}
 {'abbreviation': None, 'name': 'vs. Conf.', 'summary': '14-0', 'type': 'vsconf'}]",7,Big Ten,UCLA,MSU,2774ae,173f35,f2a900,ffffff,MSU,173f35,ffffff,UCLA,2774ae,f2a900,https://raw.githubusercontent.com/sportsdataverse/wehoop-wbb-raw/main/wbb/json/final/401825336.json,2026-02-12T01:00Z,TRUE,,
401825337,2026-02-12T00:30Z,Washington,Iowa,Away,L,56,65,https://a.espncdn.com/i/teamlogos/ncaa/500/264.png,https://a.espncdn.com/i/teamlogos/ncaa/500/2294.png,25,15,7,7,,,TRUE,1,,STATUS_FINAL,7,TRUE,15,"[{'abbreviation': 'Game', 'name': 'overall', 'summary': '19-5', 'type': 'total'}
 {'abbreviation': None, 'name': 'Home', 'summary': '12-1', 'type': 'home'}
 {'abbreviation': None, 'name': 'Road', 'summary': '5-3', 'type': 'road'}
 {'abbreviation': None, 'name': 'vs. Conf.', 'summary': '10-3', 'type': 'vsconf'}]",7,FALSE,25,"[{'abbreviation': 'Game', 'name': 'overall', 'summary': '18-7', 'type': 'total'}
 {'abbreviation': None, 'name': 'Home', 'summary': '12-3', 'type': 'home'}
 {'abbreviation': None, 'name': 'Road', 'summary': '6-4', 'type': 'road'}
 {'abbreviation': None, 'name': 'vs. Conf.', 'summary': '8-6', 'type': 'vsconf'}]",7,Big Ten,WASH,IOWA,33006f,231f20,e8d3a2,fcd116,IOWA,231f20,fcd116,WASH,33006f,e8d3a2,https://raw.githubusercontent.com/sportsdataverse/wehoop-wbb-raw/main/wbb/json/final/401825337.json,2026-02-12T00:30Z,TRUE,,
401825337,2026-02-12T00:30Z,Iowa,Washington,Home,W,65,56,https://a.espncdn.com/i/teamlogos/ncaa/500/2294.png,https://a.espncdn.com/i/teamlogos/ncaa/500/264.png,15,25,7,7,,,TRUE,1,,STATUS_FINAL,7,TRUE,15,"[{'abbreviation': 'Game', 'name': 'overall', 'summary': '19-5', 'type': 'total'}
 {'abbreviation': None, 'name': 'Home', 'summary': '12-1', 'type': 'home'}
 {'abbreviation': None, 'name': 'Road', 'summary': '5-3', 'type': 'road'}
 {'abbreviation': None, 'name': 'vs. Conf.', 'summary': '10-3', 'type': 'vsconf'}]",7,FALSE,25,"[{'abbreviation': 'Game', 'name': 'overall', 'summary': '18-7', 'type': 'total'}
 {'abbreviation': None, 'name': 'Home', 'summary': '12-3', 'type': 'home'}
 {'abbreviation': None, 'name': 'Road', 'summary': '6-4', 'type': 'road'}
 {'abbreviation': None, 'name': 'vs. Conf.', 'summary': '8-6', 'type': 'vsconf'}]",7,Big Ten,IOWA,WASH,231f20,33006f,fcd116,e8d3a2,IOWA,231f20,fcd116,WASH,33006f,e8d3a2,https://raw.githubusercontent.com/sportsdataverse/wehoop-wbb-raw/main/wbb/json/final/401825337.json,2026-02-12T00:30Z,TRUE,,
401827391,2026-02-12T00:30Z,Colorado,Houston,Away,W,73,63,https://a.espncdn.com/i/teamlogos/ncaa/500/38.png,https://a.espncdn.com/i/teamlogos/ncaa/500/248.png,99,99,8,8,,,TRUE,1,,STATUS_FINAL,8,FALSE,99,"[{'abbreviation': 'Game', 'name': 'overall', 'summary': '7-17', 'type': 'total'}
 {'abbreviation': None, 'name': 'Home', 'summary': '5-8', 'type': 'home'}
 {'abbreviation': None, 'name': 'Road', 'summary': '1-8', 'type': 'road'}
 {'abbreviation': None, 'name': 'vs. Conf.', 'summary': '1-12', 'type': 'vsconf'}]",8,TRUE,99,"[{'abbreviation': 'Game', 'name': 'overall', 'summary': '17-8', 'type': 'total'}
 {'abbreviation': None, 'name': 'Home', 'summary': '12-2', 'type': 'home'}
 {'abbreviation': None, 'name': 'Road', 'summary': '3-5', 'type': 'road'}
 {'abbreviation': None, 'name': 'vs. Conf.', 'summary': '8-5', 'type': 'vsconf'}]",8,Big 12,COLO,HOU,cfb87c,c8102e,0,ffffff,HOU,c8102e,ffffff,COLO,cfb87c,0,https://raw.githubusercontent.com/sportsdataverse/wehoop-wbb-raw/main/wbb/json/final/401827391.json,2026-02-12T00:30Z,TRUE,,
401825679,2026-02-12T00:00Z,UConn,Creighton,Home,W,94,44,https://a.espncdn.com/i/teamlogos/ncaa/500/41.png,https://a.espncdn.com/i/teamlogos/ncaa/500/156.png,1,99,4,4,,,TRUE,1,,STATUS_FINAL,4,TRUE,1,"[{'abbreviation': 'Game', 'name': 'overall', 'summary': '26-0', 'type': 'total'}
 {'abbreviation': None, 'name': 'Home', 'summary': '13-0', 'type': 'home'}
 {'abbreviation': None, 'name': 'Road', 'summary': '9-0', 'type': 'road'}
 {'abbreviation': None, 'name': 'vs. Conf.', 'summary': '15-0', 'type': 'vsconf'}]",4,FALSE,99,"[{'abbreviation': 'Game', 'name': 'overall', 'summary': '12-13', 'type': 'total'}
 {'abbreviation': None, 'name': 'Home', 'summary': '7-5', 'type': 'home'}
 {'abbreviation': None, 'name': 'Road', 'summary': '4-8', 'type': 'road'}
 {'abbreviation': None, 'name': 'vs. Conf.', 'summary': '8-8', 'type': 'vsconf'}]",4,Big East,CONN,CREI,0c2340,005ca9,a2aaad,6cadde,CONN,0c2340,a2aaad,CREI,005ca9,6cadde,https://raw.githubusercontent.com/sportsdataverse/wehoop-wbb-raw/main/wbb/json/final/401825679.json,2026-02-12T00:00Z,TRUE,,
401825335,2026-02-12T00:00Z,Illinois,Wisconsin,Home,W,92,60,https://a.espncdn.com/i/teamlogos/ncaa/500/356.png,https://a.espncdn.com/i/teamlogos/ncaa/500/275.png,99,99,7,7,,,TRUE,1,,STATUS_FINAL,7,TRUE,99,"[{'abbreviation': 'Game', 'name': 'overall', 'summary': '17-8', 'type': 'total'}
 {'abbreviation': None, 'name': 'Home', 'summary': '12-3', 'type': 'home'}
 {'abbreviation': None, 'name': 'Road', 'summary': '5-5', 'type': 'road'}
 {'abbreviation': None, 'name': 'vs. Conf.', 'summary': '7-7', 'type': 'vsconf'}]",7,FALSE,99,"[{'abbreviation': 'Game', 'name': 'overall', 'summary': '13-12', 'type': 'total'}
 {'abbreviation': None, 'name': 'Home', 'summary': '11-3', 'type': 'home'}
 {'abbreviation': None, 'name': 'Road', 'summary': '2-7', 'type': 'road'}
 {'abbreviation': None, 'name': 'vs. Conf.', 'summary': '5-9', 'type': 'vsconf'}]",7,Big Ten,ILL,WIS,ff5f05,a00000,13294b,ffffff,ILL,ff5f05,13294b,WIS,a00000,ffffff,https://raw.githubusercontent.com/sportsdataverse/wehoop-wbb-raw/main/wbb/json/final/401825335.json,2026-02-12T00:00Z,TRUE,,
401827392,2026-02-12T00:00Z,West Virginia,UCF,Home,W,106,56,https://a.espncdn.com/i/teamlogos/ncaa/500/277.png,https://a.espncdn.com/i/teamlogos/ncaa/500/2116.png,19,99,8.00E+00,8,,,TRUE,1,,STATUS_FINAL,8,TRUE,19,"[{'abbreviation': 'Game', 'name': 'overall', 'summary': '21-5', 'type': 'total'}
 {'abbreviation': None, 'name': 'Home', 'summary': '12-3', 'type': 'home'}
 {'abbreviation': None, 'name': 'Road', 'summary': '7-1', 'type': 'road'}
 {'abbreviation': None, 'name': 'vs. Conf.', 'summary': '11-3', 'type': 'vsconf'}]",8,FALSE,99,"[{'abbreviation': 'Game', 'name': 'overall', 'summary': '10-14', 'type': 'total'}
 {'abbreviation': None, 'name': 'Home', 'summary': '7-7', 'type': 'home'}
 {'abbreviation': None, 'name': 'Road', 'summary': '1-6', 'type': 'road'}
 {'abbreviation': None, 'name': 'vs. Conf.', 'summary': '2-11', 'type': 'vsconf'}]",8,Big 12,WVU,UCF,eaaa00,0,2855,b4a169,WVU,eaaa00,2855,UCF,0,b4a169,https://raw.githubusercontent.com/sportsdataverse/wehoop-wbb-raw/main/wbb/json/final/401827392.json,2026-02-12T00:00Z,TRUE,,
401808744,2026-02-11T23:30Z,James Madison,App State,Away,W,60,53,https://a.espncdn.com/i/teamlogos/ncaa/500/256.png,https://a.espncdn.com/i/teamlogos/ncaa/500/2026.png,99,99,27,27,,,TRUE,1,,STATUS_FINAL,27,FALSE,99,"[{'abbreviation': 'Game', 'name': 'overall', 'summary': '10-14', 'type': 'total'}
 {'abbreviation': None, 'name': 'Home', 'summary': '7-5', 'type': 'home'}
 {'abbreviation': None, 'name': 'Road', 'summary': '3-9', 'type': 'road'}
 {'abbreviation': None, 'name': 'vs. Conf.', 'summary': '3-10', 'type': 'vsconf'}]",27,TRUE,99,"[{'abbreviation': 'Game', 'name': 'overall', 'summary': '19-8', 'type': 'total'}
 {'abbreviation': None, 'name': 'Home', 'summary': '11-3', 'type': 'home'}
 {'abbreviation': None, 'name': 'Road', 'summary': '6-5', 'type': 'road'}
 {'abbreviation': None, 'name': 'vs. Conf.', 'summary': '10-4', 'type': 'vsconf'}]",27,Sun Belt,JMU,APP,450084,0,cbb677,ffcd00,APP,0,ffcd00,JMU,450084,cbb677,https://raw.githubusercontent.com/sportsdataverse/wehoop-wbb-raw/main/wbb/json/final/401808744.json,2026-02-11T23:30Z,TRUE,,
401825681,2026-02-11T23:30Z,Villanova,Xavier,Away,W,78,38,https://a.espncdn.com/i/teamlogos/ncaa/500/222.png,https://a.espncdn.com/i/teamlogos/ncaa/500/2752.png,99,99,4.00E+00,4,,,TRUE,1,,STATUS_FINAL,4,FALSE,99,"[{'abbreviation': 'Game', 'name': 'overall', 'summary': '11-14', 'type': 'total'}
 {'abbreviation': None, 'name': 'Home', 'summary': '8-7', 'type': 'home'}
 {'abbreviation': None, 'name': 'Road', 'summary': '3-7', 'type': 'road'}
 {'abbreviation': None, 'name': 'vs. Conf.', 'summary': '4-12', 'type': 'vsconf'}]",4,TRUE,99,"[{'abbreviation': 'Game', 'name': 'overall', 'summary': '20-5', 'type': 'total'}
 {'abbreviation': None, 'name': 'Home', 'summary': '11-2', 'type': 'home'}
 {'abbreviation': None, 'name': 'Road', 'summary': '8-3', 'type': 'road'}
 {'abbreviation': None, 'name': 'vs. Conf.', 'summary': '13-3', 'type': 'vsconf'}]",4,Big East,VILL,XAV,00205b,21304e,13b5ea,a5a7a8,XAV,21304e,a5a7a8,VILL,00205b,13b5ea,https://raw.githubusercontent.com/sportsdataverse/wehoop-wbb-raw/main/wbb/json/final/401825681.json,2026-02-11T23:30Z,TRUE,,
401829128,2026-02-11T23:00Z,Richmond,St. Bonaventure,Home,W,75,52,https://a.espncdn.com/i/teamlogos/ncaa/500/257.png,https://a.espncdn.com/i/teamlogos/ncaa/500/179.png,99,99,3,3,,,TRUE,1,,STATUS_FINAL,3,TRUE,99,"[{'abbreviation': 'Game', 'name': 'overall', 'summary': '21-4', 'type': 'total'}
 {'abbreviation': None, 'name': 'Home', 'summary': '11-1', 'type': 'home'}
 {'abbreviation': None, 'name': 'Road', 'summary': '7-2', 'type': 'road'}
 {'abbreviation': None, 'name': 'vs. Conf.', 'summary': '11-1', 'type': 'vsconf'}]",3,FALSE,99,"[{'abbreviation': 'Game', 'name': 'overall', 'summary': '14-12', 'type': 'total'}
 {'abbreviation': None, 'name': 'Home', 'summary': '7-4', 'type': 'home'}
 {'abbreviation': None, 'name': 'Road', 'summary': '5-8', 'type': 'road'}
 {'abbreviation': None, 'name': 'vs. Conf.', 'summary': '5-9', 'type': 'vsconf'}]",3,A-10,RICH,SBU,9e0712,70261D,b90b2e,,RICH,9e0712,b90b2e,SBU,70261D,,https://raw.githubusercontent.com/sportsdataverse/wehoop-wbb-raw/main/wbb/json/final/401829128.json,2026-02-11T23:00Z,TRUE,,
401829129,2026-02-11T23:00Z,Rhode Island,VCU,Home,W,85,42,https://a.espncdn.com/i/teamlogos/ncaa/500/227.png,https://a.espncdn.com/i/teamlogos/ncaa/500/2670.png,99,99,3,3,,,TRUE,1,,STATUS_FINAL,3,TRUE,99,"[{'abbreviation': 'Game', 'name': 'overall', 'summary': '22-2', 'type': 'total'}
 {'abbreviation': None, 'name': 'Home', 'summary': '12-1', 'type': 'home'}
 {'abbreviation': None, 'name': 'Road', 'summary': '10-1', 'type': 'road'}
 {'abbreviation': None, 'name': 'vs. Conf.', 'summary': '13-0', 'type': 'vsconf'}]",3,FALSE,99,"[{'abbreviation': 'Game', 'name': 'overall', 'summary': '8-17', 'type': 'total'}
 {'abbreviation': None, 'name': 'Home', 'summary': '7-3', 'type': 'home'}
 {'abbreviation': None, 'name': 'Road', 'summary': '1-8', 'type': 'road'}
 {'abbreviation': None, 'name': 'vs. Conf.', 'summary': '4-9', 'type': 'vsconf'}]",3,A-10,URI,VCU,091f3f,ffaf00,5ab3e8,0,URI,091f3f,5ab3e8,VCU,ffaf00,0,https://raw.githubusercontent.com/sportsdataverse/wehoop-wbb-raw/main/wbb/json/final/401829129.json,2026-02-11T23:00Z,TRUE,,
401827386,2026-02-11T02:00Z,Iowa State,BYU,Away,L,69,83,https://a.espncdn.com/i/teamlogos/ncaa/500/66.png,https://a.espncdn.com/i/teamlogos/ncaa/500/252.png,99,99,8,8,,,TRUE,1,,STATUS_FINAL,8,TRUE,99,"[{'abbreviation': 'Game', 'name': 'overall', 'summary': '17-8', 'type': 'total'}
 {'abbreviation': None, 'name': 'Home', 'summary': '12-3', 'type': 'home'}
 {'abbreviation': None, 'name': 'Road', 'summary': '4-4', 'type': 'road'}
 {'abbreviation': None, 'name': 'vs. Conf.', 'summary': '6-7', 'type': 'vsconf'}]",8,FALSE,99,"[{'abbreviation': 'Game', 'name': 'overall', 'summary': '19-6', 'type': 'total'}
 {'abbreviation': None, 'name': 'Home', 'summary': '13-2', 'type': 'home'}
 {'abbreviation': None, 'name': 'Road', 'summary': '4-4', 'type': 'road'}
 {'abbreviation': None, 'name': 'vs. Conf.', 'summary': '7-6', 'type': 'vsconf'}]",8,Big 12,ISU,BYU,ae192d,0047ba,ffc72a,002e5d,BYU,0047ba,002e5d,ISU,ae192d,ffc72a,https://raw.githubusercontent.com/sportsdataverse/wehoop-wbb-raw/main/wbb/json/final/401827386.json,2026-02-11T02:00Z,TRUE,,
401827388,2026-02-11T00:30Z,Oklahoma State,Kansas State,Away,L,61,70,https://a.espncdn.com/i/teamlogos/ncaa/500/197.png,https://a.espncdn.com/i/teamlogos/ncaa/500/2306.png,99,99,8,8,,,TRUE,1,,STATUS_FINAL,8,TRUE,99,"[{'abbreviation': 'Game', 'name': 'overall', 'summary': '14-12', 'type': 'total'}
 {'abbreviation': None, 'name': 'Home', 'summary': '7-6', 'type': 'home'}
 {'abbreviation': None, 'name': 'Road', 'summary': '5-4', 'type': 'road'}
 {'abbreviation': None, 'name': 'vs. Conf.', 'summary': '7-6', 'type': 'vsconf'}]",8,FALSE,99,"[{'abbreviation': 'Game', 'name': 'overall', 'summary': '19-7', 'type': 'total'}
 {'abbreviation': None, 'name': 'Home', 'summary': '13-1', 'type': 'home'}
 {'abbreviation': None, 'name': 'Road', 'summary': '4-5', 'type': 'road'}
 {'abbreviation': None, 'name': 'vs. Conf.', 'summary': '8-5', 'type': 'vsconf'}]",8,Big 12,OKST,KSU,fe5c00,330a57,0,e2e3e4,KSU,330a57,e2e3e4,OKST,fe5c00,0,https://raw.githubusercontent.com/sportsdataverse/wehoop-wbb-raw/main/wbb/json/final/401827388.json,2026-02-11T00:30Z,TRUE,,
401827389,2026-02-11T00:00Z,Texas Tech,Kansas,Home,W,70,65,https://a.espncdn.com/i/teamlogos/ncaa/500/2641.png,https://a.espncdn.com/i/teamlogos/ncaa/500/2305.png,16,99,8,8,,,TRUE,1,,STATUS_FINAL,8,TRUE,16,"[{'abbreviation': 'Game', 'name': 'overall', 'summary': '23-3', 'type': 'total'}
 {'abbreviation': None, 'name': 'Home', 'summary': '13-2', 'type': 'home'}
 {'abbreviation': None, 'name': 'Road', 'summary': '7-1', 'type': 'road'}
 {'abbreviation': None, 'name': 'vs. Conf.', 'summary': '10-3', 'type': 'vsconf'}]",8,FALSE,99,"[{'abbreviation': 'Game', 'name': 'overall', 'summary': '15-11', 'type': 'total'}
 {'abbreviation': None, 'name': 'Home', 'summary': '10-4', 'type': 'home'}
 {'abbreviation': None, 'name': 'Road', 'summary': '4-5', 'type': 'road'}
 {'abbreviation': None, 'name': 'vs. Conf.', 'summary': '5-9', 'type': 'vsconf'}]",8,Big 12,TTU,KU,da291c,0051ba,0,e8000d,TTU,da291c,0,KU,0051ba,e8000d,https://raw.githubusercontent.com/sportsdataverse/wehoop-wbb-raw/main/wbb/json/final/401827389.json,2026-02-11T00:00Z,TRUE,,
401807612,2026-02-10T02:00Z,Vanderbilt,Oklahoma,Home,W,102,86,https://a.espncdn.com/i/teamlogos/ncaa/500/238.png,https://a.espncdn.com/i/teamlogos/ncaa/500/201.png,5,10,23,23,,,TRUE,1,,STATUS_FINAL,23,TRUE,5,"[{'abbreviation': 'Game', 'name': 'overall', 'summary': '23-2', 'type': 'total'}
 {'abbreviation': None, 'name': 'Home', 'summary': '13-0', 'type': 'home'}
 {'abbreviation': None, 'name': 'Road', 'summary': '6-1', 'type': 'road'}
 {'abbreviation': None, 'name': 'vs. Conf.', 'summary': '9-2', 'type': 'vsconf'}]",23,FALSE,10,"[{'abbreviation': 'Game', 'name': 'overall', 'summary': '17-6', 'type': 'total'}
 {'abbreviation': None, 'name': 'Home', 'summary': '11-2', 'type': 'home'}
 {'abbreviation': None, 'name': 'Road', 'summary': '3-3', 'type': 'road'}
 {'abbreviation': None, 'name': 'vs. Conf.', 'summary': '5-5', 'type': 'vsconf'}]",23,SEC,VAN,OU,0,990000,cfae70,ffffff,VAN,0,cfae70,OU,990000,ffffff,https://raw.githubusercontent.com/sportsdataverse/wehoop-wbb-raw/main/wbb/json/final/401807612.json,2026-02-10T02:00Z,TRUE,,
401807612,2026-02-10T02:00Z,Oklahoma,Vanderbilt,Away,L,86,102,https://a.espncdn.com/i/teamlogos/ncaa/500/201.png,https://a.espncdn.com/i/teamlogos/ncaa/500/238.png,10,5,23,23,,,TRUE,1,,STATUS_FINAL,23,TRUE,5,"[{'abbreviation': 'Game', 'name': 'overall', 'summary': '23-2', 'type': 'total'}
 {'abbreviation': None, 'name': 'Home', 'summary': '13-0', 'type': 'home'}
 {'abbreviation': None, 'name': 'Road', 'summary': '6-1', 'type': 'road'}
 {'abbreviation': None, 'name': 'vs. Conf.', 'summary': '9-2', 'type': 'vsconf'}]",23,FALSE,10,"[{'abbreviation': 'Game', 'name': 'overall', 'summary': '17-6', 'type': 'total'}
 {'abbreviation': None, 'name': 'Home', 'summary': '11-2', 'type': 'home'}
 {'abbreviation': None, 'name': 'Road', 'summary': '3-3', 'type': 'road'}
 {'abbreviation': None, 'name': 'vs. Conf.', 'summary': '5-5', 'type': 'vsconf'}]",23,SEC,OU,VAN,990000,0,ffffff,cfae70,VAN,0,cfae70,OU,990000,ffffff,https://raw.githubusercontent.com/sportsdataverse/wehoop-wbb-raw/main/wbb/json/final/401807612.json,2026-02-10T02:00Z,TRUE,,
401807613,2026-02-10T00:30Z,Texas,Kentucky,Home,W,64,53,https://a.espncdn.com/i/teamlogos/ncaa/500/251.png,https://a.espncdn.com/i/teamlogos/ncaa/500/96.png,4,18,23,23,,,TRUE,1,,STATUS_FINAL,23,TRUE,4,"[{'abbreviation': 'Game', 'name': 'overall', 'summary': '23-2', 'type': 'total'}
 {'abbreviation': None, 'name': 'Home', 'summary': '16-0', 'type': 'home'}
 {'abbreviation': None, 'name': 'Road', 'summary': '4-2', 'type': 'road'}
 {'abbreviation': None, 'name': 'vs. Conf.', 'summary': '8-2', 'type': 'vsconf'}]",23,FALSE,18,"[{'abbreviation': 'Game', 'name': 'overall', 'summary': '18-7', 'type': 'total'}
 {'abbreviation': None, 'name': 'Home', 'summary': '10-2', 'type': 'home'}
 {'abbreviation': None, 'name': 'Road', 'summary': '7-4', 'type': 'road'}
 {'abbreviation': None, 'name': 'vs. Conf.', 'summary': '5-6', 'type': 'vsconf'}]",23,SEC,TEX,UK,af5c37,0033a0,ffffff,ffffff,TEX,af5c37,ffffff,UK,0033a0,ffffff,https://raw.githubusercontent.com/sportsdataverse/wehoop-wbb-raw/main/wbb/json/final/401807613.json,2026-02-10T00:30Z,TRUE,,
401807613,2026-02-10T00:30Z,Kentucky,Texas,Away,L,53,64,https://a.espncdn.com/i/teamlogos/ncaa/500/96.png,https://a.espncdn.com/i/teamlogos/ncaa/500/251.png,18,4,23,23,,,TRUE,1,,STATUS_FINAL,23,TRUE,4,"[{'abbreviation': 'Game', 'name': 'overall', 'summary': '23-2', 'type': 'total'}
 {'abbreviation': None, 'name': 'Home', 'summary': '16-0', 'type': 'home'}
 {'abbreviation': None, 'name': 'Road', 'summary': '4-2', 'type': 'road'}
 {'abbreviation': None, 'name': 'vs. Conf.', 'summary': '8-2', 'type': 'vsconf'}]",23,FALSE,18,"[{'abbreviation': 'Game', 'name': 'overall', 'summary': '18-7', 'type': 'total'}
 {'abbreviation': None, 'name': 'Home', 'summary': '10-2', 'type': 'home'}
 {'abbreviation': None, 'name': 'Road', 'summary': '7-4', 'type': 'road'}
 {'abbreviation': None, 'name': 'vs. Conf.', 'summary': '5-6', 'type': 'vsconf'}]",23,SEC,UK,TEX,0033a0,af5c37,ffffff,ffffff,TEX,af5c37,ffffff,UK,0033a0,ffffff,https://raw.githubusercontent.com/sportsdataverse/wehoop-wbb-raw/main/wbb/json/final/401807613.json,2026-02-10T00:30Z,TRUE,,
401807607,2026-02-08T23:00Z,Alabama,Texas A&M,Away,L,69,72,https://a.espncdn.com/i/teamlogos/ncaa/500/333.png,https://a.espncdn.com/i/teamlogos/ncaa/500/245.png,21,99,23,23,,,TRUE,1,Play4Kay,STATUS_FINAL,23,TRUE,99,"[{'abbreviation': 'Game', 'name': 'overall', 'summary': '9-10', 'type': 'total'}
 {'abbreviation': None, 'name': 'Home', 'summary': '5-5', 'type': 'home'}
 {'abbreviation': None, 'name': 'Road', 'summary': '2-4', 'type': 'road'}
 {'abbreviation': None, 'name': 'vs. Conf.', 'summary': '2-8', 'type': 'vsconf'}]",23,FALSE,21,"[{'abbreviation': 'Game', 'name': 'overall', 'summary': '20-5', 'type': 'total'}
 {'abbreviation': None, 'name': 'Home', 'summary': '16-1', 'type': 'home'}
 {'abbreviation': None, 'name': 'Road', 'summary': '2-4', 'type': 'road'}
 {'abbreviation': None, 'name': 'vs. Conf.', 'summary': '6-5', 'type': 'vsconf'}]",23,SEC,ALA,TA&M,9e1b32,500000,ffffff,ffffff,TA&M,500000,ffffff,ALA,9e1b32,ffffff,https://raw.githubusercontent.com/sportsdataverse/wehoop-wbb-raw/main/wbb/json/final/401807607.json,2026-02-08T23:00Z,TRUE,,
401807610,2026-02-08T21:00Z,Georgia,Missouri,Away,W,85,66,https://a.espncdn.com/i/teamlogos/ncaa/500/61.png,https://a.espncdn.com/i/teamlogos/ncaa/500/142.png,99,99,23,23,,,TRUE,1,,STATUS_FINAL,23,FALSE,99,"[{'abbreviation': 'Game', 'name': 'overall', 'summary': '16-10', 'type': 'total'}
 {'abbreviation': None, 'name': 'Home', 'summary': '9-6', 'type': 'home'}
 {'abbreviation': None, 'name': 'Road', 'summary': '4-3', 'type': 'road'}
 {'abbreviation': None, 'name': 'vs. Conf.', 'summary': '4-7', 'type': 'vsconf'}]",23,TRUE,99,"[{'abbreviation': 'Game', 'name': 'overall', 'summary': '19-5', 'type': 'total'}
 {'abbreviation': None, 'name': 'Home', 'summary': '10-3', 'type': 'home'}
 {'abbreviation': None, 'name': 'Road', 'summary': '5-2', 'type': 'road'}
 {'abbreviation': None, 'name': 'vs. Conf.', 'summary': '5-5', 'type': 'vsconf'}]",23,SEC,UGA,MIZ,ba0c2f,f1b82d,2c2a29,0,MIZ,f1b82d,0,UGA,ba0c2f,2c2a29,https://raw.githubusercontent.com/sportsdataverse/wehoop-wbb-raw/main/wbb/json/final/401807610.json,2026-02-08T21:00Z,TRUE,,
401825330,2026-02-08T20:00Z,Ohio State,Oregon,Away,W,80,64,https://a.espncdn.com/i/teamlogos/ncaa/500/194.png,https://a.espncdn.com/i/teamlogos/ncaa/500/2483.png,9,99,7,7,,,TRUE,1,,STATUS_FINAL,7,FALSE,99,"[{'abbreviation': 'Game', 'name': 'overall', 'summary': '18-8', 'type': 'total'}
 {'abbreviation': None, 'name': 'Home', 'summary': '11-4', 'type': 'home'}
 {'abbreviation': None, 'name': 'Road', 'summary': '5-3', 'type': 'road'}
 {'abbreviation': None, 'name': 'vs. Conf.', 'summary': '6-7', 'type': 'vsconf'}]",7,TRUE,9,"[{'abbreviation': 'Game', 'name': 'overall', 'summary': '22-3', 'type': 'total'}
 {'abbreviation': None, 'name': 'Home', 'summary': '13-1', 'type': 'home'}
 {'abbreviation': None, 'name': 'Road', 'summary': '6-2', 'type': 'road'}
 {'abbreviation': None, 'name': 'vs. Conf.', 'summary': '11-2', 'type': 'vsconf'}]",7,Big Ten,OSU,ORE,ba0c2f,00934b,a8adb4,fff41b,ORE,00934b,fff41b,OSU,ba0c2f,a8adb4,https://raw.githubusercontent.com/sportsdataverse/wehoop-wbb-raw/main/wbb/json/final/401825330.json,2026-02-08T20:00Z,TRUE,,
401827385,2026-02-08T20:00Z,Colorado,TCU,Home,W,80,79,https://a.espncdn.com/i/teamlogos/ncaa/500/38.png,https://a.espncdn.com/i/teamlogos/ncaa/500/2628.png,99,14,8,8,,,TRUE,1,,STATUS_FINAL,8,TRUE,99,"[{'abbreviation': 'Game', 'name': 'overall', 'summary': '16-8', 'type': 'total'}
 {'abbreviation': None, 'name': 'Home', 'summary': '12-2', 'type': 'home'}
 {'abbreviation': None, 'name': 'Road', 'summary': '2-5', 'type': 'road'}
 {'abbreviation': None, 'name': 'vs. Conf.', 'summary': '7-5', 'type': 'vsconf'}]",8,FALSE,14,"[{'abbreviation': 'Game', 'name': 'overall', 'summary': '21-4', 'type': 'total'}
 {'abbreviation': None, 'name': 'Home', 'summary': '15-0', 'type': 'home'}
 {'abbreviation': None, 'name': 'Road', 'summary': '4-3', 'type': 'road'}
 {'abbreviation': None, 'name': 'vs. Conf.', 'summary': '9-3', 'type': 'vsconf'}]",8,Big 12,COLO,TCU,cfb87c,4d1979,0,ffffff,COLO,cfb87c,0,TCU,4d1979,ffffff,https://raw.githubusercontent.com/sportsdataverse/wehoop-wbb-raw/main/wbb/json/final/401827385.json,2026-02-08T20:00Z,TRUE,,
401825330,2026-02-08T20:00Z,Oregon,Ohio State,Home,L,64,80,https://a.espncdn.com/i/teamlogos/ncaa/500/2483.png,https://a.espncdn.com/i/teamlogos/ncaa/500/194.png,99,9,7,7,,,TRUE,1,,STATUS_FINAL,7,FALSE,99,"[{'abbreviation': 'Game', 'name': 'overall', 'summary': '18-8', 'type': 'total'}
 {'abbreviation': None, 'name': 'Home', 'summary': '11-4', 'type': 'home'}
 {'abbreviation': None, 'name': 'Road', 'summary': '5-3', 'type': 'road'}
 {'abbreviation': None, 'name': 'vs. Conf.', 'summary': '6-7', 'type': 'vsconf'}]",7,TRUE,9,"[{'abbreviation': 'Game', 'name': 'overall', 'summary': '22-3', 'type': 'total'}
 {'abbreviation': None, 'name': 'Home', 'summary': '13-1', 'type': 'home'}
 {'abbreviation': None, 'name': 'Road', 'summary': '6-2', 'type': 'road'}
 {'abbreviation': None, 'name': 'vs. Conf.', 'summary': '11-2', 'type': 'vsconf'}]",7,Big Ten,ORE,OSU,00934b,ba0c2f,fff41b,a8adb4,ORE,00934b,fff41b,OSU,ba0c2f,a8adb4,https://raw.githubusercontent.com/sportsdataverse/wehoop-wbb-raw/main/wbb/json/final/401825330.json,2026-02-08T20:00Z,TRUE,,
401807609,2026-02-08T20:00Z,South Carolina,Tennessee,Home,W,93,50,https://a.espncdn.com/i/teamlogos/ncaa/500/2579.png,https://a.espncdn.com/i/teamlogos/ncaa/500/2633_ncw.png,3,19,23,23,,,TRUE,1,,STATUS_FINAL,23,TRUE,3,"[{'abbreviation': 'Game', 'name': 'overall', 'summary': '24-2', 'type': 'total'}
 {'abbreviation': None, 'name': 'Home', 'summary': '14-0', 'type': 'home'}
 {'abbreviation': None, 'name': 'Road', 'summary': '8-1', 'type': 'road'}
 {'abbreviation': None, 'name': 'vs. Conf.', 'summary': '10-1', 'type': 'vsconf'}]",23,FALSE,19,"[{'abbreviation': 'Game', 'name': 'overall', 'summary': '15-6', 'type': 'total'}
 {'abbreviation': None, 'name': 'Home', 'summary': '8-1', 'type': 'home'}
 {'abbreviation': None, 'name': 'Road', 'summary': '7-3', 'type': 'road'}
 {'abbreviation': None, 'name': 'vs. Conf.', 'summary': '7-2', 'type': 'vsconf'}]",23,SEC,SC,TENN,73000a,ff8200,0,ffffff,SC,73000a,0,TENN,ff8200,ffffff,https://raw.githubusercontent.com/sportsdataverse/wehoop-wbb-raw/main/wbb/json/final/401807609.json,2026-02-08T20:00Z,TRUE,,
401825332,2026-02-08T20:00Z,Michigan,UCLA,Home,L,66,69,https://a.espncdn.com/i/teamlogos/ncaa/500/130.png,https://a.espncdn.com/i/teamlogos/ncaa/500/26.png,8,2,7,7,,,TRUE,1,,STATUS_FINAL,7,FALSE,8,"[{'abbreviation': 'Game', 'name': 'overall', 'summary': '20-4', 'type': 'total'}
 {'abbreviation': None, 'name': 'Home', 'summary': '12-1', 'type': 'home'}
 {'abbreviation': None, 'name': 'Road', 'summary': '6-1', 'type': 'road'}
 {'abbreviation': None, 'name': 'vs. Conf.', 'summary': '11-2', 'type': 'vsconf'}]",7,TRUE,2,"[{'abbreviation': 'Game', 'name': 'overall', 'summary': '23-1', 'type': 'total'}
 {'abbreviation': None, 'name': 'Home', 'summary': '11-0', 'type': 'home'}
 {'abbreviation': None, 'name': 'Road', 'summary': '7-0', 'type': 'road'}
 {'abbreviation': None, 'name': 'vs. Conf.', 'summary': '13-0', 'type': 'vsconf'}]",7,Big Ten,MICH,UCLA,00274c,2774ae,ffcb05,f2a900,MICH,00274c,ffcb05,UCLA,2774ae,f2a900,https://raw.githubusercontent.com/sportsdataverse/wehoop-wbb-raw/main/wbb/json/final/401825332.json,2026-02-08T20:00Z,TRUE,,
401807609,2026-02-08T20:00Z,Tennessee,South Carolina,Away,L,50,93,https://a.espncdn.com/i/teamlogos/ncaa/500/2633_ncw.png,https://a.espncdn.com/i/teamlogos/ncaa/500/2579.png,19,3,23,23,,,TRUE,1,,STATUS_FINAL,23,TRUE,3,"[{'abbreviation': 'Game', 'name': 'overall', 'summary': '24-2', 'type': 'total'}
 {'abbreviation': None, 'name': 'Home', 'summary': '14-0', 'type': 'home'}
 {'abbreviation': None, 'name': 'Road', 'summary': '8-1', 'type': 'road'}
 {'abbreviation': None, 'name': 'vs. Conf.', 'summary': '10-1', 'type': 'vsconf'}]",23,FALSE,19,"[{'abbreviation': 'Game', 'name': 'overall', 'summary': '15-6', 'type': 'total'}
 {'abbreviation': None, 'name': 'Home', 'summary': '8-1', 'type': 'home'}
 {'abbreviation': None, 'name': 'Road', 'summary': '7-3', 'type': 'road'}
 {'abbreviation': None, 'name': 'vs. Conf.', 'summary': '7-2', 'type': 'vsconf'}]",23,SEC,TENN,SC,ff8200,73000a,ffffff,0,SC,73000a,0,TENN,ff8200,ffffff,https://raw.githubusercontent.com/sportsdataverse/wehoop-wbb-raw/main/wbb/json/final/401807609.json,2026-02-08T20:00Z,TRUE,,
401825332,2026-02-08T20:00Z,UCLA,Michigan,Away,W,69,66,https://a.espncdn.com/i/teamlogos/ncaa/500/26.png,https://a.espncdn.com/i/teamlogos/ncaa/500/130.png,2,8,7,7,,,TRUE,1,,STATUS_FINAL,7,FALSE,8,"[{'abbreviation': 'Game', 'name': 'overall', 'summary': '20-4', 'type': 'total'}
 {'abbreviation': None, 'name': 'Home', 'summary': '12-1', 'type': 'home'}
 {'abbreviation': None, 'name': 'Road', 'summary': '6-1', 'type': 'road'}
 {'abbreviation': None, 'name': 'vs. Conf.', 'summary': '11-2', 'type': 'vsconf'}]",7,TRUE,2,"[{'abbreviation': 'Game', 'name': 'overall', 'summary': '23-1', 'type': 'total'}
 {'abbreviation': None, 'name': 'Home', 'summary': '11-0', 'type': 'home'}
 {'abbreviation': None, 'name': 'Road', 'summary': '7-0', 'type': 'road'}
 {'abbreviation': None, 'name': 'vs. Conf.', 'summary': '13-0', 'type': 'vsconf'}]",7,Big Ten,UCLA,MICH,2774ae,00274c,f2a900,ffcb05,MICH,00274c,ffcb05,UCLA,2774ae,f2a900,https://raw.githubusercontent.com/sportsdataverse/wehoop-wbb-raw/main/wbb/json/final/401825332.json,2026-02-08T20:00Z,TRUE,,
401825334,2026-02-08T20:00Z,Washington,Wisconsin,Away,W,91,86,https://a.espncdn.com/i/teamlogos/ncaa/500/264.png,https://a.espncdn.com/i/teamlogos/ncaa/500/275.png,24,99,7,7,,,TRUE,1,,STATUS_FINAL,7,FALSE,99,"[{'abbreviation': 'Game', 'name': 'overall', 'summary': '13-11', 'type': 'total'}
 {'abbreviation': None, 'name': 'Home', 'summary': '11-3', 'type': 'home'}
 {'abbreviation': None, 'name': 'Road', 'summary': '2-6', 'type': 'road'}
 {'abbreviation': None, 'name': 'vs. Conf.', 'summary': '5-8', 'type': 'vsconf'}]",7,TRUE,24,"[{'abbreviation': 'Game', 'name': 'overall', 'summary': '18-6', 'type': 'total'}
 {'abbreviation': None, 'name': 'Home', 'summary': '12-3', 'type': 'home'}
 {'abbreviation': None, 'name': 'Road', 'summary': '6-3', 'type': 'road'}
 {'abbreviation': None, 'name': 'vs. Conf.', 'summary': '8-5', 'type': 'vsconf'}]",7,Big Ten,WASH,WIS,33006f,a00000,e8d3a2,ffffff,WIS,a00000,ffffff,WASH,33006f,e8d3a2,https://raw.githubusercontent.com/sportsdataverse/wehoop-wbb-raw/main/wbb/json/final/401825334.json,2026-02-08T20:00Z,TRUE,,
401827385,2026-02-08T20:00Z,TCU,Colorado,Away,L,79,80,https://a.espncdn.com/i/teamlogos/ncaa/500/2628.png,https://a.espncdn.com/i/teamlogos/ncaa/500/38.png,14,99,8,8,,,TRUE,1,,STATUS_FINAL,8,TRUE,99,"[{'abbreviation': 'Game', 'name': 'overall', 'summary': '16-8', 'type': 'total'}
 {'abbreviation': None, 'name': 'Home', 'summary': '12-2', 'type': 'home'}
 {'abbreviation': None, 'name': 'Road', 'summary': '2-5', 'type': 'road'}
 {'abbreviation': None, 'name': 'vs. Conf.', 'summary': '7-5', 'type': 'vsconf'}]",8,FALSE,14,"[{'abbreviation': 'Game', 'name': 'overall', 'summary': '21-4', 'type': 'total'}
 {'abbreviation': None, 'name': 'Home', 'summary': '15-0', 'type': 'home'}
 {'abbreviation': None, 'name': 'Road', 'summary': '4-3', 'type': 'road'}
 {'abbreviation': None, 'name': 'vs. Conf.', 'summary': '9-3', 'type': 'vsconf'}]",8,Big 12,TCU,COLO,4d1979,cfb87c,ffffff,0,COLO,cfb87c,0,TCU,4d1979,ffffff,https://raw.githubusercontent.com/sportsdataverse/wehoop-wbb-raw/main/wbb/json/final/401827385.json,2026-02-08T20:00Z,TRUE,,
401819706,2026-02-08T19:00Z,Notre Dame,Virginia,Away,L,70,81,https://a.espncdn.com/i/teamlogos/ncaa/500/87.png,https://a.espncdn.com/i/teamlogos/ncaa/500/258.png,99,99,2,2,,,TRUE,1,,STATUS_FINAL,2,TRUE,99,"[{'abbreviation': 'Game', 'name': 'overall', 'summary': '17-7', 'type': 'total'}
 {'abbreviation': None, 'name': 'Home', 'summary': '12-3', 'type': 'home'}
 {'abbreviation': None, 'name': 'Road', 'summary': '4-3', 'type': 'road'}
 {'abbreviation': None, 'name': 'vs. Conf.', 'summary': '9-4', 'type': 'vsconf'}]",2,FALSE,99,"[{'abbreviation': 'Game', 'name': 'overall', 'summary': '15-9', 'type': 'total'}
 {'abbreviation': None, 'name': 'Home', 'summary': '12-2', 'type': 'home'}
 {'abbreviation': None, 'name': 'Road', 'summary': '3-6', 'type': 'road'}
 {'abbreviation': None, 'name': 'vs. Conf.', 'summary': '7-6', 'type': 'vsconf'}]",2,ACC,ND,UVA,6.23E+04,f84c1e,c99700,232d4b,UVA,f84c1e,232d4b,ND,62340,c99700,https://raw.githubusercontent.com/sportsdataverse/wehoop-wbb-raw/main/wbb/json/final/401819706.json,2026-02-08T19:00Z,TRUE,,
401819624,2026-02-08T19:00Z,Stanford,Georgia Tech,Away,L,52,74,https://a.espncdn.com/i/teamlogos/ncaa/500/24.png,https://a.espncdn.com/i/teamlogos/ncaa/500/59.png,99,99,2,2,,,TRUE,1,,STATUS_FINAL,2,TRUE,99,"[{'abbreviation': 'Game', 'name': 'overall', 'summary': '11-14', 'type': 'total'}
 {'abbreviation': None, 'name': 'Home', 'summary': '9-5', 'type': 'home'}
 {'abbreviation': None, 'name': 'Road', 'summary': '2-7', 'type': 'road'}
 {'abbreviation': None, 'name': 'vs. Conf.', 'summary': '6-7', 'type': 'vsconf'}]",2,FALSE,99,"[{'abbreviation': 'Game', 'name': 'overall', 'summary': '16-9', 'type': 'total'}
 {'abbreviation': None, 'name': 'Home', 'summary': '9-4', 'type': 'home'}
 {'abbreviation': None, 'name': 'Road', 'summary': '5-4', 'type': 'road'}
 {'abbreviation': None, 'name': 'vs. Conf.', 'summary': '5-7', 'type': 'vsconf'}]",2,ACC,STAN,GT,8c1515,b3a369,ffffff,ffffff,GT,b3a369,ffffff,STAN,8c1515,ffffff,https://raw.githubusercontent.com/sportsdataverse/wehoop-wbb-raw/main/wbb/json/final/401819624.json,2026-02-08T19:00Z,TRUE,,
401819705,2026-02-08T19:00Z,UNC,Wake Forest,Away,W,84,56,https://a.espncdn.com/i/teamlogos/ncaa/500/153.png,https://a.espncdn.com/i/teamlogos/ncaa/500/154.png,25,99,2,2,,,TRUE,1,Play4Kay,STATUS_FINAL,2,FALSE,99,"[{'abbreviation': 'Game', 'name': 'overall', 'summary': '13-12', 'type': 'total'}
 {'abbreviation': None, 'name': 'Home', 'summary': '8-8', 'type': 'home'}
 {'abbreviation': None, 'name': 'Road', 'summary': '2-4', 'type': 'road'}
 {'abbreviation': None, 'name': 'vs. Conf.', 'summary': '3-10', 'type': 'vsconf'}]",2,TRUE,25,"[{'abbreviation': 'Game', 'name': 'overall', 'summary': '20-5', 'type': 'total'}
 {'abbreviation': None, 'name': 'Home', 'summary': '10-2', 'type': 'home'}
 {'abbreviation': None, 'name': 'Road', 'summary': '6-2', 'type': 'road'}
 {'abbreviation': None, 'name': 'vs. Conf.', 'summary': '9-3', 'type': 'vsconf'}]",2,ACC,UNC,WAKE,7bafd4,ceb888,13294b,2c2a29,WAKE,ceb888,2c2a29,UNC,7bafd4,13294b,https://raw.githubusercontent.com/sportsdataverse/wehoop-wbb-raw/main/wbb/json/final/401819705.json,2026-02-08T19:00Z,TRUE,,
401819597,2026-02-08T19:00Z,Clemson,Boston College,Home,W,83,59,https://a.espncdn.com/i/teamlogos/ncaa/500/228.png,https://a.espncdn.com/i/teamlogos/ncaa/500/103.png,99,99,2,2,,,TRUE,1,,STATUS_FINAL,2,TRUE,99,"[{'abbreviation': 'Game', 'name': 'overall', 'summary': '17-8', 'type': 'total'}
 {'abbreviation': None, 'name': 'Home', 'summary': '10-1', 'type': 'home'}
 {'abbreviation': None, 'name': 'Road', 'summary': '6-6', 'type': 'road'}
 {'abbreviation': None, 'name': 'vs. Conf.', 'summary': '8-5', 'type': 'vsconf'}]",2,FALSE,99,"[{'abbreviation': 'Game', 'name': 'overall', 'summary': '4-22', 'type': 'total'}
 {'abbreviation': None, 'name': 'Home', 'summary': '4-12', 'type': 'home'}
 {'abbreviation': None, 'name': 'Road', 'summary': '0-8', 'type': 'road'}
 {'abbreviation': None, 'name': 'vs. Conf.', 'summary': '0-13', 'type': 'vsconf'}]",2,ACC,CLEM,BC,f56600,8c2232,ffffff,dbcca6,CLEM,f56600,ffffff,BC,8c2232,dbcca6,https://raw.githubusercontent.com/sportsdataverse/wehoop-wbb-raw/main/wbb/json/final/401819597.json,2026-02-08T19:00Z,TRUE,,
401819706,2026-02-08T19:00Z,Virginia,Notre Dame,Home,W,81,70,https://a.espncdn.com/i/teamlogos/ncaa/500/258.png,https://a.espncdn.com/i/teamlogos/ncaa/500/87.png,99,99,2,2,,,TRUE,1,,STATUS_FINAL,2,TRUE,99,"[{'abbreviation': 'Game', 'name': 'overall', 'summary': '17-7', 'type': 'total'}
 {'abbreviation': None, 'name': 'Home', 'summary': '12-3', 'type': 'home'}
 {'abbreviation': None, 'name': 'Road', 'summary': '4-3', 'type': 'road'}
 {'abbreviation': None, 'name': 'vs. Conf.', 'summary': '9-4', 'type': 'vsconf'}]",2,FALSE,99,"[{'abbreviation': 'Game', 'name': 'overall', 'summary': '15-9', 'type': 'total'}
 {'abbreviation': None, 'name': 'Home', 'summary': '12-2', 'type': 'home'}
 {'abbreviation': None, 'name': 'Road', 'summary': '3-6', 'type': 'road'}
 {'abbreviation': None, 'name': 'vs. Conf.', 'summary': '7-6', 'type': 'vsconf'}]",2,ACC,UVA,ND,f84c1e,62340,232d4b,c99700,UVA,f84c1e,232d4b,ND,62340,c99700,https://raw.githubusercontent.com/sportsdataverse/wehoop-wbb-raw/main/wbb/json/final/401819706.json,2026-02-08T19:00Z,TRUE,,
401819707,2026-02-08T19:00Z,Duke,SMU,Home,W,95,36,https://a.espncdn.com/i/teamlogos/ncaa/500/150.png,https://a.espncdn.com/i/teamlogos/ncaa/500/2567.png,17,99,2,2,,,TRUE,1,,STATUS_FINAL,2,TRUE,17,"[{'abbreviation': 'Game', 'name': 'overall', 'summary': '18-6', 'type': 'total'}
 {'abbreviation': None, 'name': 'Home', 'summary': '9-1', 'type': 'home'}
 {'abbreviation': None, 'name': 'Road', 'summary': '9-1', 'type': 'road'}
 {'abbreviation': None, 'name': 'vs. Conf.', 'summary': '13-0', 'type': 'vsconf'}]",2,FALSE,99,"[{'abbreviation': 'Game', 'name': 'overall', 'summary': '8-16', 'type': 'total'}
 {'abbreviation': None, 'name': 'Home', 'summary': '5-8', 'type': 'home'}
 {'abbreviation': None, 'name': 'Road', 'summary': '2-7', 'type': 'road'}
 {'abbreviation': None, 'name': 'vs. Conf.', 'summary': '1-11', 'type': 'vsconf'}]",2,ACC,DUKE,SMU,00539b,a80000,ffffff,0033a1,DUKE,00539b,ffffff,SMU,a80000,0033a1,https://raw.githubusercontent.com/sportsdataverse/wehoop-wbb-raw/main/wbb/json/final/401819707.json,2026-02-08T19:00Z,TRUE,,
401807611,2026-02-08T19:00Z,LSU,Auburn,Away,W,77,44,https://a.espncdn.com/i/teamlogos/ncaa/500/99.png,https://a.espncdn.com/i/teamlogos/ncaa/500/2.png,5,99,23,23,,,TRUE,1,Play4Kay,STATUS_FINAL,23,FALSE,99,"[{'abbreviation': 'Game', 'name': 'overall', 'summary': '13-12', 'type': 'total'}
 {'abbreviation': None, 'name': 'Home', 'summary': '9-5', 'type': 'home'}
 {'abbreviation': None, 'name': 'Road', 'summary': '2-6', 'type': 'road'}
 {'abbreviation': None, 'name': 'vs. Conf.', 'summary': '2-9', 'type': 'vsconf'}]",23,TRUE,5,"[{'abbreviation': 'Game', 'name': 'overall', 'summary': '22-3', 'type': 'total'}
 {'abbreviation': None, 'name': 'Home', 'summary': '11-1', 'type': 'home'}
 {'abbreviation': None, 'name': 'Road', 'summary': '8-2', 'type': 'road'}
 {'abbreviation': None, 'name': 'vs. Conf.', 'summary': '8-3', 'type': 'vsconf'}]",23,SEC,LSU,AUB,461d76,002b5c,fdd023,f26522,AUB,002b5c,f26522,LSU,461d76,fdd023,https://raw.githubusercontent.com/sportsdataverse/wehoop-wbb-raw/main/wbb/json/final/401807611.json,2026-02-08T19:00Z,TRUE,,
401825333,2026-02-08T18:00Z,Illinois,USC,Home,L,62,70,https://a.espncdn.com/i/teamlogos/ncaa/500/356.png,https://a.espncdn.com/i/teamlogos/ncaa/500/30.png,99,99,7,7,,,TRUE,1,,STATUS_FINAL,7,FALSE,99,"[{'abbreviation': 'Game', 'name': 'overall', 'summary': '16-8', 'type': 'total'}
 {'abbreviation': None, 'name': 'Home', 'summary': '11-3', 'type': 'home'}
 {'abbreviation': None, 'name': 'Road', 'summary': '5-5', 'type': 'road'}
 {'abbreviation': None, 'name': 'vs. Conf.', 'summary': '6-7', 'type': 'vsconf'}]",7,TRUE,99,"[{'abbreviation': 'Game', 'name': 'overall', 'summary': '15-9', 'type': 'total'}
 {'abbreviation': None, 'name': 'Home', 'summary': '10-3', 'type': 'home'}
 {'abbreviation': None, 'name': 'Road', 'summary': '3-5', 'type': 'road'}
 {'abbreviation': None, 'name': 'vs. Conf.', 'summary': '7-6', 'type': 'vsconf'}]",7,Big Ten,ILL,USC,ff5f05,9d2235,13294b,ffc72c,ILL,ff5f05,13294b,USC,9d2235,ffc72c,https://raw.githubusercontent.com/sportsdataverse/wehoop-wbb-raw/main/wbb/json/final/401825333.json,2026-02-08T18:00Z,TRUE,,
401825333,2026-02-08T18:00Z,USC,Illinois,Away,W,70,62,https://a.espncdn.com/i/teamlogos/ncaa/500/30.png,https://a.espncdn.com/i/teamlogos/ncaa/500/356.png,99,99,7,7,,,TRUE,1,,STATUS_FINAL,7,FALSE,99,"[{'abbreviation': 'Game', 'name': 'overall', 'summary': '16-8', 'type': 'total'}
 {'abbreviation': None, 'name': 'Home', 'summary': '11-3', 'type': 'home'}
 {'abbreviation': None, 'name': 'Road', 'summary': '5-5', 'type': 'road'}
 {'abbreviation': None, 'name': 'vs. Conf.', 'summary': '6-7', 'type': 'vsconf'}]",7,TRUE,99,"[{'abbreviation': 'Game', 'name': 'overall', 'summary': '15-9', 'type': 'total'}
 {'abbreviation': None, 'name': 'Home', 'summary': '10-3', 'type': 'home'}
 {'abbreviation': None, 'name': 'Road', 'summary': '3-5', 'type': 'road'}
 {'abbreviation': None, 'name': 'vs. Conf.', 'summary': '7-6', 'type': 'vsconf'}]",7,Big Ten,USC,ILL,9d2235,ff5f05,ffc72c,13294b,ILL,ff5f05,13294b,USC,9d2235,ffc72c,https://raw.githubusercontent.com/sportsdataverse/wehoop-wbb-raw/main/wbb/json/final/401825333.json,2026-02-08T18:00Z,TRUE,,
401819703,2026-02-08T17:00Z,Louisville,Syracuse,Away,W,84,65,https://a.espncdn.com/i/teamlogos/ncaa/500/97.png,https://a.espncdn.com/i/teamlogos/ncaa/500/183.png,6,99,2,2,,,TRUE,1,,STATUS_FINAL,2,FALSE,99,"[{'abbreviation': 'Game', 'name': 'overall', 'summary': '19-5', 'type': 'total'}
 {'abbreviation': None, 'name': 'Home', 'summary': '13-3', 'type': 'home'}
 {'abbreviation': None, 'name': 'Road', 'summary': '5-1', 'type': 'road'}
 {'abbreviation': None, 'name': 'vs. Conf.', 'summary': '9-4', 'type': 'vsconf'}]",2,TRUE,6,"[{'abbreviation': 'Game', 'name': 'overall', 'summary': '22-4', 'type': 'total'}
 {'abbreviation': None, 'name': 'Home', 'summary': '12-3', 'type': 'home'}
 {'abbreviation': None, 'name': 'Road', 'summary': '8-0', 'type': 'road'}
 {'abbreviation': None, 'name': 'vs. Conf.', 'summary': '12-1', 'type': 'vsconf'}]",2,ACC,LOU,SYR,c9001f,0.00E+00,ffffff,ff431b,SYR,0.00E+00,ff431b,LOU,c9001f,ffffff,https://raw.githubusercontent.com/sportsdataverse/wehoop-wbb-raw/main/wbb/json/final/401819703.json,2026-02-08T17:00Z,TRUE,,
401807608,2026-02-08T17:00Z,Florida,Arkansas,Home,W,75,69,https://a.espncdn.com/i/teamlogos/ncaa/500/57.png,https://a.espncdn.com/i/teamlogos/ncaa/500/8.png,99,99,23,23,,,TRUE,1,Play4Kay,STATUS_FINAL,23,TRUE,99,"[{'abbreviation': 'Game', 'name': 'overall', 'summary': '15-11', 'type': 'total'}
 {'abbreviation': None, 'name': 'Home', 'summary': '12-4', 'type': 'home'}
 {'abbreviation': None, 'name': 'Road', 'summary': '1-7', 'type': 'road'}
 {'abbreviation': None, 'name': 'vs. Conf.', 'summary': '3-8', 'type': 'vsconf'}]",23,FALSE,99,"[{'abbreviation': 'Game', 'name': 'overall', 'summary': '11-14', 'type': 'total'}
 {'abbreviation': None, 'name': 'Home', 'summary': '8-7', 'type': 'home'}
 {'abbreviation': None, 'name': 'Road', 'summary': '1-7', 'type': 'road'}
 {'abbreviation': None, 'name': 'vs. Conf.', 'summary': '0-10', 'type': 'vsconf'}]",23,SEC,FLA,ARK,0021a5,a32136,fa4616,ffffff,FLA,0021a5,fa4616,ARK,a32136,ffffff,https://raw.githubusercontent.com/sportsdataverse/wehoop-wbb-raw/main/wbb/json/final/401807608.json,2026-02-08T17:00Z,TRUE,,
401819572,2026-02-08T17:00Z,Virginia Tech,NC State,Home,L,62,82,https://a.espncdn.com/i/teamlogos/ncaa/500/259.png,https://a.espncdn.com/i/teamlogos/ncaa/500/152.png,99,99,2,2,,,TRUE,1,Play4Kay,STATUS_FINAL,2,FALSE,99,"[{'abbreviation': 'Game', 'name': 'overall', 'summary': '18-7', 'type': 'total'}
 {'abbreviation': None, 'name': 'Home', 'summary': '13-3', 'type': 'home'}
 {'abbreviation': None, 'name': 'Road', 'summary': '4-3', 'type': 'road'}
 {'abbreviation': None, 'name': 'vs. Conf.', 'summary': '8-5', 'type': 'vsconf'}]",2,TRUE,99,"[{'abbreviation': 'Game', 'name': 'overall', 'summary': '17-7', 'type': 'total'}
 {'abbreviation': None, 'name': 'Home', 'summary': '8-4', 'type': 'home'}
 {'abbreviation': None, 'name': 'Road', 'summary': '6-2', 'type': 'road'}
 {'abbreviation': None, 'name': 'vs. Conf.', 'summary': '10-3', 'type': 'vsconf'}]",2,ACC,VT,NCSU,6a2c3e,cc0000,cf4520,ffffff,VT,6a2c3e,cf4520,NCSU,cc0000,ffffff,https://raw.githubusercontent.com/sportsdataverse/wehoop-wbb-raw/main/wbb/json/final/401819572.json,2026-02-08T17:00Z,TRUE,,
401829123,2026-02-08T17:00Z,Rhode Island,Saint Louis,Home,W,74,43,https://a.espncdn.com/i/teamlogos/ncaa/500/227.png,https://a.espncdn.com/i/teamlogos/ncaa/500/139.png,99,99,3,3,,,TRUE,1,,STATUS_FINAL,3,TRUE,99,"[{'abbreviation': 'Game', 'name': 'overall', 'summary': '21-2', 'type': 'total'}
 {'abbreviation': None, 'name': 'Home', 'summary': '11-1', 'type': 'home'}
 {'abbreviation': None, 'name': 'Road', 'summary': '10-1', 'type': 'road'}
 {'abbreviation': None, 'name': 'vs. Conf.', 'summary': '12-0', 'type': 'vsconf'}]",3,FALSE,99,"[{'abbreviation': 'Game', 'name': 'overall', 'summary': '11-15', 'type': 'total'}
 {'abbreviation': None, 'name': 'Home', 'summary': '6-7', 'type': 'home'}
 {'abbreviation': None, 'name': 'Road', 'summary': '4-7', 'type': 'road'}
 {'abbreviation': None, 'name': 'vs. Conf.', 'summary': '5-8', 'type': 'vsconf'}]",3,A-10,URI,SLU,091f3f,00539C,5ab3e8,ebebeb,URI,091f3f,5ab3e8,SLU,00539C,ebebeb,https://raw.githubusercontent.com/sportsdataverse/wehoop-wbb-raw/main/wbb/json/final/401829123.json,2026-02-08T17:00Z,TRUE,,
401819703,2026-02-08T17:00Z,Syracuse,Louisville,Home,L,65,84,https://a.espncdn.com/i/teamlogos/ncaa/500/183.png,https://a.espncdn.com/i/teamlogos/ncaa/500/97.png,99,6,2,2,,,TRUE,1,,STATUS_FINAL,2,FALSE,99,"[{'abbreviation': 'Game', 'name': 'overall', 'summary': '19-5', 'type': 'total'}
 {'abbreviation': None, 'name': 'Home', 'summary': '13-3', 'type': 'home'}
 {'abbreviation': None, 'name': 'Road', 'summary': '5-1', 'type': 'road'}
 {'abbreviation': None, 'name': 'vs. Conf.', 'summary': '9-4', 'type': 'vsconf'}]",2,TRUE,6,"[{'abbreviation': 'Game', 'name': 'overall', 'summary': '22-4', 'type': 'total'}
 {'abbreviation': None, 'name': 'Home', 'summary': '12-3', 'type': 'home'}
 {'abbreviation': None, 'name': 'Road', 'summary': '8-0', 'type': 'road'}
 {'abbreviation': None, 'name': 'vs. Conf.', 'summary': '12-1', 'type': 'vsconf'}]",2,ACC,SYR,LOU,0.00E+00,c9001f,ff431b,ffffff,SYR,0.00E+00,ff431b,LOU,c9001f,ffffff,https://raw.githubusercontent.com/sportsdataverse/wehoop-wbb-raw/main/wbb/json/final/401819703.json,2026-02-08T17:00Z,TRUE,,
401819572,2026-02-08T17:00Z,NC State,Virginia Tech,Away,W,82,62,https://a.espncdn.com/i/teamlogos/ncaa/500/152.png,https://a.espncdn.com/i/teamlogos/ncaa/500/259.png,99,99,2,2,,,TRUE,1,Play4Kay,STATUS_FINAL,2,FALSE,99,"[{'abbreviation': 'Game', 'name': 'overall', 'summary': '18-7', 'type': 'total'}
 {'abbreviation': None, 'name': 'Home', 'summary': '13-3', 'type': 'home'}
 {'abbreviation': None, 'name': 'Road', 'summary': '4-3', 'type': 'road'}
 {'abbreviation': None, 'name': 'vs. Conf.', 'summary': '8-5', 'type': 'vsconf'}]",2,TRUE,99,"[{'abbreviation': 'Game', 'name': 'overall', 'summary': '17-7', 'type': 'total'}
 {'abbreviation': None, 'name': 'Home', 'summary': '8-4', 'type': 'home'}
 {'abbreviation': None, 'name': 'Road', 'summary': '6-2', 'type': 'road'}
 {'abbreviation': None, 'name': 'vs. Conf.', 'summary': '10-3', 'type': 'vsconf'}]",2,ACC,NCSU,VT,cc0000,6a2c3e,ffffff,cf4520,VT,6a2c3e,cf4520,NCSU,cc0000,ffffff,https://raw.githubusercontent.com/sportsdataverse/wehoop-wbb-raw/main/wbb/json/final/401819572.json,2026-02-08T17:00Z,TRUE,,
401825329,2026-02-08T17:00Z,Minnesota,Rutgers,Away,W,63,52,https://a.espncdn.com/i/teamlogos/ncaa/500/135.png,https://a.espncdn.com/i/teamlogos/ncaa/500/164.png,99,99,7,7,,,TRUE,1,,STATUS_FINAL,7,FALSE,99,"[{'abbreviation': 'Game', 'name': 'overall', 'summary': '9-15', 'type': 'total'}
 {'abbreviation': None, 'name': 'Home', 'summary': '8-8', 'type': 'home'}
 {'abbreviation': None, 'name': 'Road', 'summary': '1-7', 'type': 'road'}
 {'abbreviation': None, 'name': 'vs. Conf.', 'summary': '1-12', 'type': 'vsconf'}]",7,TRUE,99,"[{'abbreviation': 'Game', 'name': 'overall', 'summary': '18-6', 'type': 'total'}
 {'abbreviation': None, 'name': 'Home', 'summary': '11-2', 'type': 'home'}
 {'abbreviation': None, 'name': 'Road', 'summary': '6-3', 'type': 'road'}
 {'abbreviation': None, 'name': 'vs. Conf.', 'summary': '9-4', 'type': 'vsconf'}]",7,Big Ten,MINN,RUTG,5e0a2f,ce0e2d,fab41c,ffffff,RUTG,ce0e2d,ffffff,MINN,5e0a2f,fab41c,https://raw.githubusercontent.com/sportsdataverse/wehoop-wbb-raw/main/wbb/json/final/401825329.json,2026-02-08T17:00Z,TRUE,,
401845861,2026-02-08T17:00Z,James Madison,Massachusetts,Away,W,71,57,https://a.espncdn.com/i/teamlogos/ncaa/500/256.png,https://a.espncdn.com/i/teamlogos/ncaa/500/113.png,99,99,27,14,,,FALSE,1,MAC-SBC Challenge,STATUS_FINAL,14,FALSE,99,"[{'abbreviation': 'Game', 'name': 'overall', 'summary': '16-5', 'type': 'total'}
 {'abbreviation': None, 'name': 'Home', 'summary': '9-1', 'type': 'home'}
 {'abbreviation': None, 'name': 'Road', 'summary': '6-3', 'type': 'road'}
 {'abbreviation': None, 'name': 'vs. Conf.', 'summary': '8-2', 'type': 'vsconf'}]",27,TRUE,99,"[{'abbreviation': 'Game', 'name': 'overall', 'summary': '18-8', 'type': 'total'}
 {'abbreviation': None, 'name': 'Home', 'summary': '11-3', 'type': 'home'}
 {'abbreviation': None, 'name': 'Road', 'summary': '5-5', 'type': 'road'}
 {'abbreviation': None, 'name': 'vs. Conf.', 'summary': '9-4', 'type': 'vsconf'}]",,,JMU,MASS,450084,881c1c,cbb677,ffffff,MASS,881c1c,ffffff,JMU,450084,cbb677,https://raw.githubusercontent.com/sportsdataverse/wehoop-wbb-raw/main/wbb/json/final/401845861.json,2026-02-08T17:00Z,TRUE,,
401827383,2026-02-08T00:00Z,Iowa State,Utah,Away,W,79,72,https://a.espncdn.com/i/teamlogos/ncaa/500/66.png,https://a.espncdn.com/i/teamlogos/ncaa/500/254.png,99,99,8,8,,,TRUE,1,,STATUS_FINAL,8,FALSE,99,"[{'abbreviation': 'Game', 'name': 'overall', 'summary': '16-8', 'type': 'total'}
 {'abbreviation': None, 'name': 'Home', 'summary': '8-5', 'type': 'home'}
 {'abbreviation': None, 'name': 'Road', 'summary': '8-1', 'type': 'road'}
 {'abbreviation': None, 'name': 'vs. Conf.', 'summary': '7-5', 'type': 'vsconf'}]",8,TRUE,99,"[{'abbreviation': 'Game', 'name': 'overall', 'summary': '19-5', 'type': 'total'}
 {'abbreviation': None, 'name': 'Home', 'summary': '13-2', 'type': 'home'}
 {'abbreviation': None, 'name': 'Road', 'summary': '4-3', 'type': 'road'}
 {'abbreviation': None, 'name': 'vs. Conf.', 'summary': '7-5', 'type': 'vsconf'}]",8,Big 12,ISU,UTAH,ae192d,be0000,ffc72a,ffffff,UTAH,be0000,ffffff,ISU,ae192d,ffc72a,https://raw.githubusercontent.com/sportsdataverse/wehoop-wbb-raw/main/wbb/json/final/401827383.json,2026-02-08T00:00Z,TRUE,,
401827378,2026-02-07T23:00Z,Baylor,Arizona State,Home,W,67,64,https://a.espncdn.com/i/teamlogos/ncaa/500/239.png,https://a.espncdn.com/i/teamlogos/ncaa/500/9.png,15,99,8,8,,,TRUE,1,,STATUS_FINAL,8,TRUE,15,"[{'abbreviation': 'Game', 'name': 'overall', 'summary': '21-4', 'type': 'total'}
 {'abbreviation': None, 'name': 'Home', 'summary': '13-1', 'type': 'home'}
 {'abbreviation': None, 'name': 'Road', 'summary': '6-1', 'type': 'road'}
 {'abbreviation': None, 'name': 'vs. Conf.', 'summary': '10-2', 'type': 'vsconf'}]",8,FALSE,99,"[{'abbreviation': 'Game', 'name': 'overall', 'summary': '19-6', 'type': 'total'}
 {'abbreviation': None, 'name': 'Home', 'summary': '13-1', 'type': 'home'}
 {'abbreviation': None, 'name': 'Road', 'summary': '6-5', 'type': 'road'}
 {'abbreviation': None, 'name': 'vs. Conf.', 'summary': '6-6', 'type': 'vsconf'}]",8,Big 12,BAY,ASU,154734,ffc627,ffb81c,8c1d40,BAY,154734,ffb81c,ASU,ffc627,8c1d40,https://raw.githubusercontent.com/sportsdataverse/wehoop-wbb-raw/main/wbb/json/final/401827378.json,2026-02-07T23:00Z,TRUE,,
401827379,2026-02-07T23:00Z,Texas Tech,Houston,Away,W,85,61,https://a.espncdn.com/i/teamlogos/ncaa/500/2641.png,https://a.espncdn.com/i/teamlogos/ncaa/500/248.png,18,99,8,8,,,TRUE,1,,STATUS_FINAL,8,FALSE,99,"[{'abbreviation': 'Game', 'name': 'overall', 'summary': '7-16', 'type': 'total'}
 {'abbreviation': None, 'name': 'Home', 'summary': '5-7', 'type': 'home'}
 {'abbreviation': None, 'name': 'Road', 'summary': '1-8', 'type': 'road'}
 {'abbreviation': None, 'name': 'vs. Conf.', 'summary': '1-11', 'type': 'vsconf'}]",8,TRUE,18,"[{'abbreviation': 'Game', 'name': 'overall', 'summary': '22-3', 'type': 'total'}
 {'abbreviation': None, 'name': 'Home', 'summary': '12-2', 'type': 'home'}
 {'abbreviation': None, 'name': 'Road', 'summary': '7-1', 'type': 'road'}
 {'abbreviation': None, 'name': 'vs. Conf.', 'summary': '9-3', 'type': 'vsconf'}]",8,Big 12,TTU,HOU,da291c,c8102e,0,ffffff,HOU,c8102e,ffffff,TTU,da291c,0,https://raw.githubusercontent.com/sportsdataverse/wehoop-wbb-raw/main/wbb/json/final/401827379.json,2026-02-07T23:00Z,TRUE,,
401829120,2026-02-07T23:00Z,Richmond,George Mason,Home,W,71,57,https://a.espncdn.com/i/teamlogos/ncaa/500/257.png,https://a.espncdn.com/i/teamlogos/ncaa/500/2244.png,99,99,3,3,,,TRUE,1,,STATUS_FINAL,3,TRUE,99,"[{'abbreviation': 'Game', 'name': 'overall', 'summary': '20-4', 'type': 'total'}
 {'abbreviation': None, 'name': 'Home', 'summary': '10-1', 'type': 'home'}
 {'abbreviation': None, 'name': 'Road', 'summary': '7-2', 'type': 'road'}
 {'abbreviation': None, 'name': 'vs. Conf.', 'summary': '10-1', 'type': 'vsconf'}]",3,FALSE,99,"[{'abbreviation': 'Game', 'name': 'overall', 'summary': '15-7', 'type': 'total'}
 {'abbreviation': None, 'name': 'Home', 'summary': '9-2', 'type': 'home'}
 {'abbreviation': None, 'name': 'Road', 'summary': '6-3', 'type': 'road'}
 {'abbreviation': None, 'name': 'vs. Conf.', 'summary': '10-1', 'type': 'vsconf'}]",3,A-10,RICH,GMU,9e0712,16600,b90b2e,ecb010,RICH,9e0712,b90b2e,GMU,16600,ecb010,https://raw.githubusercontent.com/sportsdataverse/wehoop-wbb-raw/main/wbb/json/final/401829120.json,2026-02-07T23:00Z,TRUE,,
401825327,2026-02-07T19:00Z,Nebraska,Maryland,Home,L,60,78,https://a.espncdn.com/i/teamlogos/ncaa/500/158.png,https://a.espncdn.com/i/teamlogos/ncaa/500/120.png,99,22,7,7,,,TRUE,1,,STATUS_FINAL,7,FALSE,99,"[{'abbreviation': 'Game', 'name': 'overall', 'summary': '16-8', 'type': 'total'}
 {'abbreviation': None, 'name': 'Home', 'summary': '12-3', 'type': 'home'}
 {'abbreviation': None, 'name': 'Road', 'summary': '1-5', 'type': 'road'}
 {'abbreviation': None, 'name': 'vs. Conf.', 'summary': '5-8', 'type': 'vsconf'}]",7,TRUE,22,"[{'abbreviation': 'Game', 'name': 'overall', 'summary': '19-6', 'type': 'total'}
 {'abbreviation': None, 'name': 'Home', 'summary': '12-4', 'type': 'home'}
 {'abbreviation': None, 'name': 'Road', 'summary': '5-2', 'type': 'road'}
 {'abbreviation': None, 'name': 'vs. Conf.', 'summary': '7-6', 'type': 'vsconf'}]",7,Big Ten,NEB,MD,e31937,ce1126,ffffff,ffffff,NEB,e31937,ffffff,MD,ce1126,ffffff,https://raw.githubusercontent.com/sportsdataverse/wehoop-wbb-raw/main/wbb/json/final/401825327.json,2026-02-07T19:00Z,TRUE,,
401825673,2026-02-07T19:00Z,Villanova,Georgetown,Home,W,67,55,https://a.espncdn.com/i/teamlogos/ncaa/500/222.png,https://a.espncdn.com/i/teamlogos/ncaa/500/46.png,99,99,4,4,,,TRUE,1,,STATUS_FINAL,4,TRUE,99,"[{'abbreviation': 'Game', 'name': 'overall', 'summary': '19-5', 'type': 'total'}
 {'abbreviation': None, 'name': 'Home', 'summary': '11-2', 'type': 'home'}
 {'abbreviation': None, 'name': 'Road', 'summary': '7-3', 'type': 'road'}
 {'abbreviation': None, 'name': 'vs. Conf.', 'summary': '12-3', 'type': 'vsconf'}]",4,FALSE,99,"[{'abbreviation': 'Game', 'name': 'overall', 'summary': '12-12', 'type': 'total'}
 {'abbreviation': None, 'name': 'Home', 'summary': '8-5', 'type': 'home'}
 {'abbreviation': None, 'name': 'Road', 'summary': '4-7', 'type': 'road'}
 {'abbreviation': None, 'name': 'vs. Conf.', 'summary': '5-10', 'type': 'vsconf'}]",4,Big East,VILL,GTWN,00205b,1.10E+44,13b5ea,001c58,VILL,00205b,13b5ea,GTWN,1.10E+44,001c58,https://raw.githubusercontent.com/sportsdataverse/wehoop-wbb-raw/main/wbb/json/final/401825673.json,2026-02-07T19:00Z,TRUE,,
401827382,2026-02-07T19:00Z,Oklahoma State,UCF,Home,W,81,58,https://a.espncdn.com/i/teamlogos/ncaa/500/197.png,https://a.espncdn.com/i/teamlogos/ncaa/500/2116.png,99,99,8,8,,,TRUE,1,,STATUS_FINAL,8,TRUE,99,"[{'abbreviation': 'Game', 'name': 'overall', 'summary': '19-6', 'type': 'total'}
 {'abbreviation': None, 'name': 'Home', 'summary': '13-1', 'type': 'home'}
 {'abbreviation': None, 'name': 'Road', 'summary': '4-4', 'type': 'road'}
 {'abbreviation': None, 'name': 'vs. Conf.', 'summary': '8-4', 'type': 'vsconf'}]",8,FALSE,99,"[{'abbreviation': 'Game', 'name': 'overall', 'summary': '10-13', 'type': 'total'}
 {'abbreviation': None, 'name': 'Home', 'summary': '7-7', 'type': 'home'}
 {'abbreviation': None, 'name': 'Road', 'summary': '1-5', 'type': 'road'}
 {'abbreviation': None, 'name': 'vs. Conf.', 'summary': '2-10', 'type': 'vsconf'}]",8,Big 12,OKST,UCF,fe5c00,0,0,b4a169,OKST,fe5c00,0,UCF,0,b4a169,https://raw.githubusercontent.com/sportsdataverse/wehoop-wbb-raw/main/wbb/json/final/401827382.json,2026-02-07T19:00Z,TRUE,,
401825327,2026-02-07T19:00Z,Maryland,Nebraska,Away,W,78,60,https://a.espncdn.com/i/teamlogos/ncaa/500/120.png,https://a.espncdn.com/i/teamlogos/ncaa/500/158.png,22,99,7,7,,,TRUE,1,,STATUS_FINAL,7,FALSE,99,"[{'abbreviation': 'Game', 'name': 'overall', 'summary': '16-8', 'type': 'total'}
 {'abbreviation': None, 'name': 'Home', 'summary': '12-3', 'type': 'home'}
 {'abbreviation': None, 'name': 'Road', 'summary': '1-5', 'type': 'road'}
 {'abbreviation': None, 'name': 'vs. Conf.', 'summary': '5-8', 'type': 'vsconf'}]",7,TRUE,22,"[{'abbreviation': 'Game', 'name': 'overall', 'summary': '19-6', 'type': 'total'}
 {'abbreviation': None, 'name': 'Home', 'summary': '12-4', 'type': 'home'}
 {'abbreviation': None, 'name': 'Road', 'summary': '5-2', 'type': 'road'}
 {'abbreviation': None, 'name': 'vs. Conf.', 'summary': '7-6', 'type': 'vsconf'}]",7,Big Ten,MD,NEB,ce1126,e31937,ffffff,ffffff,NEB,e31937,ffffff,MD,ce1126,ffffff,https://raw.githubusercontent.com/sportsdataverse/wehoop-wbb-raw/main/wbb/json/final/401825327.json,2026-02-07T19:00Z,TRUE,,
401827384,2026-02-07T19:00Z,West Virginia,Arizona,Home,W,87,68,https://a.espncdn.com/i/teamlogos/ncaa/500/277.png,https://a.espncdn.com/i/teamlogos/ncaa/500/12.png,20,99,8,8,,,TRUE,1,,STATUS_FINAL,8,TRUE,20,"[{'abbreviation': 'Game', 'name': 'overall', 'summary': '20-5', 'type': 'total'}
 {'abbreviation': None, 'name': 'Home', 'summary': '11-3', 'type': 'home'}
 {'abbreviation': None, 'name': 'Road', 'summary': '7-1', 'type': 'road'}
 {'abbreviation': None, 'name': 'vs. Conf.', 'summary': '10-3', 'type': 'vsconf'}]",8,FALSE,99,"[{'abbreviation': 'Game', 'name': 'overall', 'summary': '11-12', 'type': 'total'}
 {'abbreviation': None, 'name': 'Home', 'summary': '11-6', 'type': 'home'}
 {'abbreviation': None, 'name': 'Road', 'summary': '0-6', 'type': 'road'}
 {'abbreviation': None, 'name': 'vs. Conf.', 'summary': '2-10', 'type': 'vsconf'}]",8,Big 12,WVU,ARIZ,eaaa00,cc0033,2855,3366,WVU,eaaa00,2855,ARIZ,cc0033,3366,https://raw.githubusercontent.com/sportsdataverse/wehoop-wbb-raw/main/wbb/json/final/401827384.json,2026-02-07T19:00Z,TRUE,,
401825328,2026-02-07T18:00Z,Michigan State,Penn State,Away,W,81,70,https://a.espncdn.com/i/teamlogos/ncaa/500/127.png,https://a.espncdn.com/i/teamlogos/ncaa/500/213.png,12,99,7,7,,,TRUE,1,,STATUS_FINAL,7,FALSE,99,"[{'abbreviation': 'Game', 'name': 'overall', 'summary': '8-16', 'type': 'total'}
 {'abbreviation': None, 'name': 'Home', 'summary': '4-8', 'type': 'home'}
 {'abbreviation': None, 'name': 'Road', 'summary': '2-6', 'type': 'road'}
 {'abbreviation': None, 'name': 'vs. Conf.', 'summary': '1-12', 'type': 'vsconf'}]",7,TRUE,12,"[{'abbreviation': 'Game', 'name': 'overall', 'summary': '20-4', 'type': 'total'}
 {'abbreviation': None, 'name': 'Home', 'summary': '10-2', 'type': 'home'}
 {'abbreviation': None, 'name': 'Road', 'summary': '6-2', 'type': 'road'}
 {'abbreviation': None, 'name': 'vs. Conf.', 'summary': '9-4', 'type': 'vsconf'}]",7,Big Ten,MSU,PSU,173f35,61440,ffffff,ffffff,PSU,61440,ffffff,MSU,173f35,ffffff,https://raw.githubusercontent.com/sportsdataverse/wehoop-wbb-raw/main/wbb/json/final/401825328.json,2026-02-07T18:00Z,TRUE,,
401819766,2026-02-07T18:00Z,Fairfield,Iona,Home,W,82,46,https://a.espncdn.com/i/teamlogos/ncaa/500/2217.png,https://a.espncdn.com/i/teamlogos/ncaa/500/314.png,99,99,13,13,,,TRUE,1,,STATUS_FINAL,13,TRUE,99,"[{'abbreviation': 'Game', 'name': 'overall', 'summary': '20-4', 'type': 'total'}
 {'abbreviation': None, 'name': 'Home', 'summary': '10-1', 'type': 'home'}
 {'abbreviation': None, 'name': 'Road', 'summary': '9-2', 'type': 'road'}
 {'abbreviation': None, 'name': 'vs. Conf.', 'summary': '14-1', 'type': 'vsconf'}]",13,FALSE,99,"[{'abbreviation': 'Game', 'name': 'overall', 'summary': '14-11', 'type': 'total'}
 {'abbreviation': None, 'name': 'Home', 'summary': '7-5', 'type': 'home'}
 {'abbreviation': None, 'name': 'Road', 'summary': '7-6', 'type': 'road'}
 {'abbreviation': None, 'name': 'vs. Conf.', 'summary': '7-8', 'type': 'vsconf'}]",13,MAAC,FAIR,IONA,0,6f2c3e,ebebeb,f0ab00,FAIR,0,ebebeb,IONA,6f2c3e,f0ab00,https://raw.githubusercontent.com/sportsdataverse/wehoop-wbb-raw/main/wbb/json/final/401819766.json,2026-02-07T18:00Z,TRUE,,
401825672,2026-02-07T17:00Z,UConn,Butler,Home,W,80,48,https://a.espncdn.com/i/teamlogos/ncaa/500/41.png,https://a.espncdn.com/i/teamlogos/ncaa/500/2086.png,1,99,4,4,,,TRUE,1,,STATUS_FINAL,4,TRUE,1,"[{'abbreviation': 'Game', 'name': 'overall', 'summary': '25-0', 'type': 'total'}
 {'abbreviation': None, 'name': 'Home', 'summary': '12-0', 'type': 'home'}
 {'abbreviation': None, 'name': 'Road', 'summary': '9-0', 'type': 'road'}
 {'abbreviation': None, 'name': 'vs. Conf.', 'summary': '14-0', 'type': 'vsconf'}]",4,FALSE,99,"[{'abbreviation': 'Game', 'name': 'overall', 'summary': '9-15', 'type': 'total'}
 {'abbreviation': None, 'name': 'Home', 'summary': '8-6', 'type': 'home'}
 {'abbreviation': None, 'name': 'Road', 'summary': '0-8', 'type': 'road'}
 {'abbreviation': None, 'name': 'vs. Conf.', 'summary': '3-11', 'type': 'vsconf'}]",4,Big East,CONN,BUT,0c2340,0d1361,a2aaad,00a3e0,CONN,0c2340,a2aaad,BUT,0d1361,00a3e0,https://raw.githubusercontent.com/sportsdataverse/wehoop-wbb-raw/main/wbb/json/final/401825672.json,2026-02-07T17:00Z,TRUE,,
401825811,2026-02-07T00:00Z,Princeton,Pennsylvania,Home,W,69,50,https://a.espncdn.com/i/teamlogos/ncaa/500/163.png,https://a.espncdn.com/i/teamlogos/ncaa/500/219.png,23,99,12,12,,,TRUE,1,,STATUS_FINAL,12,TRUE,23,"[{'abbreviation': 'Game', 'name': 'overall', 'summary': '19-2', 'type': 'total'}
 {'abbreviation': None, 'name': 'Home', 'summary': '9-1', 'type': 'home'}
 {'abbreviation': None, 'name': 'Road', 'summary': '8-1', 'type': 'road'}
 {'abbreviation': None, 'name': 'vs. Conf.', 'summary': '7-1', 'type': 'vsconf'}]",12,FALSE,99,"[{'abbreviation': 'Game', 'name': 'overall', 'summary': '13-8', 'type': 'total'}
 {'abbreviation': None, 'name': 'Home', 'summary': '6-4', 'type': 'home'}
 {'abbreviation': None, 'name': 'Road', 'summary': '4-4', 'type': 'road'}
 {'abbreviation': None, 'name': 'vs. Conf.', 'summary': '3-5', 'type': 'vsconf'}]",12,Ivy,PRIN,PENN,0,082A74,ff6000,a6163d,PRIN,0,ff6000,PENN,082A74,a6163d,https://raw.githubusercontent.com/sportsdataverse/wehoop-wbb-raw/main/wbb/json/final/401825811.json,2026-02-07T00:00Z,TRUE,,
401807605,2026-02-06T02:08Z,LSU,Texas,Away,L,64,77,https://a.espncdn.com/i/teamlogos/ncaa/500/99.png,https://a.espncdn.com/i/teamlogos/ncaa/500/251.png,5,4,23,23,,,TRUE,1,,STATUS_FINAL,23,TRUE,4,"[{'abbreviation': 'Game', 'name': 'overall', 'summary': '22-2', 'type': 'total'}
 {'abbreviation': None, 'name': 'Home', 'summary': '15-0', 'type': 'home'}
 {'abbreviation': None, 'name': 'Road', 'summary': '4-2', 'type': 'road'}
 {'abbreviation': None, 'name': 'vs. Conf.', 'summary': '7-2', 'type': 'vsconf'}]",23,FALSE,5,"[{'abbreviation': 'Game', 'name': 'overall', 'summary': '21-3', 'type': 'total'}
 {'abbreviation': None, 'name': 'Home', 'summary': '11-1', 'type': 'home'}
 {'abbreviation': None, 'name': 'Road', 'summary': '7-2', 'type': 'road'}
 {'abbreviation': None, 'name': 'vs. Conf.', 'summary': '7-3', 'type': 'vsconf'}]",23,SEC,LSU,TEX,461d76,af5c37,fdd023,ffffff,TEX,af5c37,ffffff,LSU,461d76,fdd023,https://raw.githubusercontent.com/sportsdataverse/wehoop-wbb-raw/main/wbb/json/final/401807605.json,2026-02-06T02:08Z,TRUE,,
401807605,2026-02-06T02:08Z,Texas,LSU,Home,W,77,64,https://a.espncdn.com/i/teamlogos/ncaa/500/251.png,https://a.espncdn.com/i/teamlogos/ncaa/500/99.png,4,5,23,23,,,TRUE,1,,STATUS_FINAL,23,TRUE,4,"[{'abbreviation': 'Game', 'name': 'overall', 'summary': '22-2', 'type': 'total'}
 {'abbreviation': None, 'name': 'Home', 'summary': '15-0', 'type': 'home'}
 {'abbreviation': None, 'name': 'Road', 'summary': '4-2', 'type': 'road'}
 {'abbreviation': None, 'name': 'vs. Conf.', 'summary': '7-2', 'type': 'vsconf'}]",23,FALSE,5,"[{'abbreviation': 'Game', 'name': 'overall', 'summary': '21-3', 'type': 'total'}
 {'abbreviation': None, 'name': 'Home', 'summary': '11-1', 'type': 'home'}
 {'abbreviation': None, 'name': 'Road', 'summary': '7-2', 'type': 'road'}
 {'abbreviation': None, 'name': 'vs. Conf.', 'summary': '7-3', 'type': 'vsconf'}]",23,SEC,TEX,LSU,af5c37,461d76,ffffff,fdd023,TEX,af5c37,ffffff,LSU,461d76,fdd023,https://raw.githubusercontent.com/sportsdataverse/wehoop-wbb-raw/main/wbb/json/final/401807605.json,2026-02-06T02:08Z,TRUE,,
401825326,2026-02-06T02:00Z,USC,Northwestern,Away,W,83,65,https://a.espncdn.com/i/teamlogos/ncaa/500/30.png,https://a.espncdn.com/i/teamlogos/ncaa/500/77.png,99,99,7,7,,,TRUE,1,,STATUS_FINAL,7,FALSE,99,"[{'abbreviation': 'Game', 'name': 'overall', 'summary': '8-15', 'type': 'total'}
 {'abbreviation': None, 'name': 'Home', 'summary': '6-6', 'type': 'home'}
 {'abbreviation': None, 'name': 'Road', 'summary': '1-8', 'type': 'road'}
 {'abbreviation': None, 'name': 'vs. Conf.', 'summary': '2-10', 'type': 'vsconf'}]",7,TRUE,99,"[{'abbreviation': 'Game', 'name': 'overall', 'summary': '14-9', 'type': 'total'}
 {'abbreviation': None, 'name': 'Home', 'summary': '10-3', 'type': 'home'}
 {'abbreviation': None, 'name': 'Road', 'summary': '2-5', 'type': 'road'}
 {'abbreviation': None, 'name': 'vs. Conf.', 'summary': '6-6', 'type': 'vsconf'}]",7,Big Ten,USC,NU,9d2235,492f92,ffc72c,ffffff,NU,492f92,ffffff,USC,9d2235,ffc72c,https://raw.githubusercontent.com/sportsdataverse/wehoop-wbb-raw/main/wbb/json/final/401825326.json,2026-02-06T02:00Z,TRUE,,
401825325,2026-02-06T02:00Z,Washington,Ohio State,Home,L,60,70,https://a.espncdn.com/i/teamlogos/ncaa/500/264.png,https://a.espncdn.com/i/teamlogos/ncaa/500/194.png,24,9,7,7,,,TRUE,1,,STATUS_FINAL,7,FALSE,24,"[{'abbreviation': 'Game', 'name': 'overall', 'summary': '17-6', 'type': 'total'}
 {'abbreviation': None, 'name': 'Home', 'summary': '12-3', 'type': 'home'}
 {'abbreviation': None, 'name': 'Road', 'summary': '5-3', 'type': 'road'}
 {'abbreviation': None, 'name': 'vs. Conf.', 'summary': '7-5', 'type': 'vsconf'}]",7,TRUE,9,"[{'abbreviation': 'Game', 'name': 'overall', 'summary': '21-3', 'type': 'total'}
 {'abbreviation': None, 'name': 'Home', 'summary': '13-1', 'type': 'home'}
 {'abbreviation': None, 'name': 'Road', 'summary': '5-2', 'type': 'road'}
 {'abbreviation': None, 'name': 'vs. Conf.', 'summary': '10-2', 'type': 'vsconf'}]",7,Big Ten,WASH,OSU,33006f,ba0c2f,e8d3a2,a8adb4,WASH,33006f,e8d3a2,OSU,ba0c2f,a8adb4,https://raw.githubusercontent.com/sportsdataverse/wehoop-wbb-raw/main/wbb/json/final/401825325.json,2026-02-06T02:00Z,TRUE,,
401807603,2026-02-06T02:00Z,Ole Miss,Alabama,Away,L,63,64,https://a.espncdn.com/i/teamlogos/ncaa/500/145.png,https://a.espncdn.com/i/teamlogos/ncaa/500/333.png,13,21,23,23,,,TRUE,1,Play4Kay,STATUS_FINAL,23,TRUE,21,"[{'abbreviation': 'Game', 'name': 'overall', 'summary': '20-4', 'type': 'total'}
 {'abbreviation': None, 'name': 'Home', 'summary': '16-1', 'type': 'home'}
 {'abbreviation': None, 'name': 'Road', 'summary': '2-3', 'type': 'road'}
 {'abbreviation': None, 'name': 'vs. Conf.', 'summary': '6-4', 'type': 'vsconf'}]",23,FALSE,13,"[{'abbreviation': 'Game', 'name': 'overall', 'summary': '19-5', 'type': 'total'}
 {'abbreviation': None, 'name': 'Home', 'summary': '10-0', 'type': 'home'}
 {'abbreviation': None, 'name': 'Road', 'summary': '4-3', 'type': 'road'}
 {'abbreviation': None, 'name': 'vs. Conf.', 'summary': '6-3', 'type': 'vsconf'}]",23,SEC,MISS,ALA,13294b,9e1b32,cf142b,ffffff,ALA,9e1b32,ffffff,MISS,13294b,cf142b,https://raw.githubusercontent.com/sportsdataverse/wehoop-wbb-raw/main/wbb/json/final/401807603.json,2026-02-06T02:00Z,TRUE,,
401807603,2026-02-06T02:00Z,Alabama,Ole Miss,Home,W,64,63,https://a.espncdn.com/i/teamlogos/ncaa/500/333.png,https://a.espncdn.com/i/teamlogos/ncaa/500/145.png,21,13,23,23,,,TRUE,1,Play4Kay,STATUS_FINAL,23,TRUE,21,"[{'abbreviation': 'Game', 'name': 'overall', 'summary': '20-4', 'type': 'total'}
 {'abbreviation': None, 'name': 'Home', 'summary': '16-1', 'type': 'home'}
 {'abbreviation': None, 'name': 'Road', 'summary': '2-3', 'type': 'road'}
 {'abbreviation': None, 'name': 'vs. Conf.', 'summary': '6-4', 'type': 'vsconf'}]",23,FALSE,13,"[{'abbreviation': 'Game', 'name': 'overall', 'summary': '19-5', 'type': 'total'}
 {'abbreviation': None, 'name': 'Home', 'summary': '10-0', 'type': 'home'}
 {'abbreviation': None, 'name': 'Road', 'summary': '4-3', 'type': 'road'}
 {'abbreviation': None, 'name': 'vs. Conf.', 'summary': '6-3', 'type': 'vsconf'}]",23,SEC,ALA,MISS,9e1b32,13294b,ffffff,cf142b,ALA,9e1b32,ffffff,MISS,13294b,cf142b,https://raw.githubusercontent.com/sportsdataverse/wehoop-wbb-raw/main/wbb/json/final/401807603.json,2026-02-06T02:00Z,TRUE,,
401825325,2026-02-06T02:00Z,Ohio State,Washington,Away,W,70,60,https://a.espncdn.com/i/teamlogos/ncaa/500/194.png,https://a.espncdn.com/i/teamlogos/ncaa/500/264.png,9,24,7,7,,,TRUE,1,,STATUS_FINAL,7,FALSE,24,"[{'abbreviation': 'Game', 'name': 'overall', 'summary': '17-6', 'type': 'total'}
 {'abbreviation': None, 'name': 'Home', 'summary': '12-3', 'type': 'home'}
 {'abbreviation': None, 'name': 'Road', 'summary': '5-3', 'type': 'road'}
 {'abbreviation': None, 'name': 'vs. Conf.', 'summary': '7-5', 'type': 'vsconf'}]",7,TRUE,9,"[{'abbreviation': 'Game', 'name': 'overall', 'summary': '21-3', 'type': 'total'}
 {'abbreviation': None, 'name': 'Home', 'summary': '13-1', 'type': 'home'}
 {'abbreviation': None, 'name': 'Road', 'summary': '5-2', 'type': 'road'}
 {'abbreviation': None, 'name': 'vs. Conf.', 'summary': '10-2', 'type': 'vsconf'}]",7,Big Ten,OSU,WASH,ba0c2f,33006f,a8adb4,e8d3a2,WASH,33006f,e8d3a2,OSU,ba0c2f,a8adb4,https://raw.githubusercontent.com/sportsdataverse/wehoop-wbb-raw/main/wbb/json/final/401825325.json,2026-02-06T02:00Z,TRUE,,
401819571,2026-02-06T01:00Z,NC State,Florida State,Home,W,83,55,https://a.espncdn.com/i/teamlogos/ncaa/500/152.png,https://a.espncdn.com/i/teamlogos/ncaa/500/52.png,99,99,2,2,,,TRUE,1,Play4Kay,STATUS_FINAL,2,TRUE,99,"[{'abbreviation': 'Game', 'name': 'overall', 'summary': '16-7', 'type': 'total'}
 {'abbreviation': None, 'name': 'Home', 'summary': '8-4', 'type': 'home'}
 {'abbreviation': None, 'name': 'Road', 'summary': '5-2', 'type': 'road'}
 {'abbreviation': None, 'name': 'vs. Conf.', 'summary': '9-3', 'type': 'vsconf'}]",2,FALSE,99,"[{'abbreviation': 'Game', 'name': 'overall', 'summary': '7-16', 'type': 'total'}
 {'abbreviation': None, 'name': 'Home', 'summary': '4-9', 'type': 'home'}
 {'abbreviation': None, 'name': 'Road', 'summary': '2-6', 'type': 'road'}
 {'abbreviation': None, 'name': 'vs. Conf.', 'summary': '2-9', 'type': 'vsconf'}]",2,ACC,NCSU,FSU,cc0000,782f40,ffffff,ceb888,NCSU,cc0000,ffffff,FSU,782f40,ceb888,https://raw.githubusercontent.com/sportsdataverse/wehoop-wbb-raw/main/wbb/json/final/401819571.json,2026-02-06T01:00Z,TRUE,,
401807601,2026-02-06T00:00Z,Kentucky,Vanderbilt,Home,L,83,84,https://a.espncdn.com/i/teamlogos/ncaa/500/96.png,https://a.espncdn.com/i/teamlogos/ncaa/500/238.png,16,7,23,23,,,TRUE,1,,STATUS_FINAL,23,FALSE,16,"[{'abbreviation': 'Game', 'name': 'overall', 'summary': '18-6', 'type': 'total'}
 {'abbreviation': None, 'name': 'Home', 'summary': '10-2', 'type': 'home'}
 {'abbreviation': None, 'name': 'Road', 'summary': '7-3', 'type': 'road'}
 {'abbreviation': None, 'name': 'vs. Conf.', 'summary': '5-5', 'type': 'vsconf'}]",23,TRUE,7,"[{'abbreviation': 'Game', 'name': 'overall', 'summary': '22-2', 'type': 'total'}
 {'abbreviation': None, 'name': 'Home', 'summary': '12-0', 'type': 'home'}
 {'abbreviation': None, 'name': 'Road', 'summary': '6-1', 'type': 'road'}
 {'abbreviation': None, 'name': 'vs. Conf.', 'summary': '8-2', 'type': 'vsconf'}]",23,SEC,UK,VAN,0033a0,0,ffffff,cfae70,UK,0033a0,ffffff,VAN,0,cfae70,https://raw.githubusercontent.com/sportsdataverse/wehoop-wbb-raw/main/wbb/json/final/401807601.json,2026-02-06T00:00Z,TRUE,,
401807600,2026-02-06T00:00Z,Florida,Auburn,Home,W,61,53,https://a.espncdn.com/i/teamlogos/ncaa/500/57.png,https://a.espncdn.com/i/teamlogos/ncaa/500/2.png,99,99,23,23,,,TRUE,1,,STATUS_FINAL,23,TRUE,99,"[{'abbreviation': 'Game', 'name': 'overall', 'summary': '14-11', 'type': 'total'}
 {'abbreviation': None, 'name': 'Home', 'summary': '11-4', 'type': 'home'}
 {'abbreviation': None, 'name': 'Road', 'summary': '1-7', 'type': 'road'}
 {'abbreviation': None, 'name': 'vs. Conf.', 'summary': '2-8', 'type': 'vsconf'}]",23,FALSE,99,"[{'abbreviation': 'Game', 'name': 'overall', 'summary': '13-11', 'type': 'total'}
 {'abbreviation': None, 'name': 'Home', 'summary': '9-4', 'type': 'home'}
 {'abbreviation': None, 'name': 'Road', 'summary': '2-6', 'type': 'road'}
 {'abbreviation': None, 'name': 'vs. Conf.', 'summary': '2-8', 'type': 'vsconf'}]",23,SEC,FLA,AUB,0021a5,002b5c,fa4616,f26522,FLA,0021a5,fa4616,AUB,002b5c,f26522,https://raw.githubusercontent.com/sportsdataverse/wehoop-wbb-raw/main/wbb/json/final/401807600.json,2026-02-06T00:00Z,TRUE,,
401825324,2026-02-06T00:00Z,Minnesota,Iowa,Away,W,91,85,https://a.espncdn.com/i/teamlogos/ncaa/500/135.png,https://a.espncdn.com/i/teamlogos/ncaa/500/2294.png,99,10,7,7,,,TRUE,1,,STATUS_FINAL,7,FALSE,10,"[{'abbreviation': 'Game', 'name': 'overall', 'summary': '18-5', 'type': 'total'}
 {'abbreviation': None, 'name': 'Home', 'summary': '11-1', 'type': 'home'}
 {'abbreviation': None, 'name': 'Road', 'summary': '5-3', 'type': 'road'}
 {'abbreviation': None, 'name': 'vs. Conf.', 'summary': '9-3', 'type': 'vsconf'}]",7,TRUE,99,"[{'abbreviation': 'Game', 'name': 'overall', 'summary': '17-6', 'type': 'total'}
 {'abbreviation': None, 'name': 'Home', 'summary': '11-2', 'type': 'home'}
 {'abbreviation': None, 'name': 'Road', 'summary': '5-3', 'type': 'road'}
 {'abbreviation': None, 'name': 'vs. Conf.', 'summary': '8-4', 'type': 'vsconf'}]",7,Big Ten,MINN,IOWA,5e0a2f,231f20,fab41c,fcd116,IOWA,231f20,fcd116,MINN,5e0a2f,fab41c,https://raw.githubusercontent.com/sportsdataverse/wehoop-wbb-raw/main/wbb/json/final/401825324.json,2026-02-06T00:00Z,TRUE,,
401819700,2026-02-06T00:00Z,Virginia Tech,Notre Dame,Away,L,70,80,https://a.espncdn.com/i/teamlogos/ncaa/500/259.png,https://a.espncdn.com/i/teamlogos/ncaa/500/87.png,99,99,2,2,,,TRUE,1,,STATUS_FINAL,2,TRUE,99,"[{'abbreviation': 'Game', 'name': 'overall', 'summary': '15-8', 'type': 'total'}
 {'abbreviation': None, 'name': 'Home', 'summary': '12-2', 'type': 'home'}
 {'abbreviation': None, 'name': 'Road', 'summary': '3-5', 'type': 'road'}
 {'abbreviation': None, 'name': 'vs. Conf.', 'summary': '7-5', 'type': 'vsconf'}]",2,FALSE,99,"[{'abbreviation': 'Game', 'name': 'overall', 'summary': '18-6', 'type': 'total'}
 {'abbreviation': None, 'name': 'Home', 'summary': '13-2', 'type': 'home'}
 {'abbreviation': None, 'name': 'Road', 'summary': '4-3', 'type': 'road'}
 {'abbreviation': None, 'name': 'vs. Conf.', 'summary': '8-4', 'type': 'vsconf'}]",2,ACC,VT,ND,6a2c3e,62340,cf4520,c99700,ND,62340,c99700,VT,6a2c3e,cf4520,https://raw.githubusercontent.com/sportsdataverse/wehoop-wbb-raw/main/wbb/json/final/401819700.json,2026-02-06T00:00Z,TRUE,,
401819697,2026-02-06T00:00Z,Duke,Louisville,Away,W,59,58,https://a.espncdn.com/i/teamlogos/ncaa/500/150.png,https://a.espncdn.com/i/teamlogos/ncaa/500/97.png,17,6,2,2,,,TRUE,1,,STATUS_FINAL,2,FALSE,6,"[{'abbreviation': 'Game', 'name': 'overall', 'summary': '21-4', 'type': 'total'}
 {'abbreviation': None, 'name': 'Home', 'summary': '12-3', 'type': 'home'}
 {'abbreviation': None, 'name': 'Road', 'summary': '7-0', 'type': 'road'}
 {'abbreviation': None, 'name': 'vs. Conf.', 'summary': '11-1', 'type': 'vsconf'}]",2,TRUE,17,"[{'abbreviation': 'Game', 'name': 'overall', 'summary': '17-6', 'type': 'total'}
 {'abbreviation': None, 'name': 'Home', 'summary': '8-1', 'type': 'home'}
 {'abbreviation': None, 'name': 'Road', 'summary': '9-1', 'type': 'road'}
 {'abbreviation': None, 'name': 'vs. Conf.', 'summary': '12-0', 'type': 'vsconf'}]",2,ACC,DUKE,LOU,00539b,c9001f,ffffff,ffffff,LOU,c9001f,ffffff,DUKE,00539b,ffffff,https://raw.githubusercontent.com/sportsdataverse/wehoop-wbb-raw/main/wbb/json/final/401819697.json,2026-02-06T00:00Z,TRUE,,
401825324,2026-02-06T00:00Z,Iowa,Minnesota,Home,L,85,91,https://a.espncdn.com/i/teamlogos/ncaa/500/2294.png,https://a.espncdn.com/i/teamlogos/ncaa/500/135.png,10,99,7,7,,,TRUE,1,,STATUS_FINAL,7,FALSE,10,"[{'abbreviation': 'Game', 'name': 'overall', 'summary': '18-5', 'type': 'total'}
 {'abbreviation': None, 'name': 'Home', 'summary': '11-1', 'type': 'home'}
 {'abbreviation': None, 'name': 'Road', 'summary': '5-3', 'type': 'road'}
 {'abbreviation': None, 'name': 'vs. Conf.', 'summary': '9-3', 'type': 'vsconf'}]",7,TRUE,99,"[{'abbreviation': 'Game', 'name': 'overall', 'summary': '17-6', 'type': 'total'}
 {'abbreviation': None, 'name': 'Home', 'summary': '11-2', 'type': 'home'}
 {'abbreviation': None, 'name': 'Road', 'summary': '5-3', 'type': 'road'}
 {'abbreviation': None, 'name': 'vs. Conf.', 'summary': '8-4', 'type': 'vsconf'}]",7,Big Ten,IOWA,MINN,231f20,5e0a2f,fcd116,fab41c,IOWA,231f20,fcd116,MINN,5e0a2f,fab41c,https://raw.githubusercontent.com/sportsdataverse/wehoop-wbb-raw/main/wbb/json/final/401825324.json,2026-02-06T00:00Z,TRUE,,
401813903,2026-02-06T00:00Z,Fairfield,Marist,Home,W,109,48,https://a.espncdn.com/i/teamlogos/ncaa/500/2217.png,https://a.espncdn.com/i/teamlogos/ncaa/500/2368.png,99,99,13,13,,,TRUE,1,,STATUS_FINAL,13,TRUE,99,"[{'abbreviation': 'Game', 'name': 'overall', 'summary': '19-4', 'type': 'total'}
 {'abbreviation': None, 'name': 'Home', 'summary': '9-1', 'type': 'home'}
 {'abbreviation': None, 'name': 'Road', 'summary': '9-2', 'type': 'road'}
 {'abbreviation': None, 'name': 'vs. Conf.', 'summary': '13-1', 'type': 'vsconf'}]",13,FALSE,99,"[{'abbreviation': 'Game', 'name': 'overall', 'summary': '9-15', 'type': 'total'}
 {'abbreviation': None, 'name': 'Home', 'summary': '7-5', 'type': 'home'}
 {'abbreviation': None, 'name': 'Road', 'summary': '2-8', 'type': 'road'}
 {'abbreviation': None, 'name': 'vs. Conf.', 'summary': '6-8', 'type': 'vsconf'}]",13,MAAC,FAIR,MRST,0,e53730,ebebeb,f0f0f0,FAIR,0,ebebeb,MRST,e53730,f0f0f0,https://raw.githubusercontent.com/sportsdataverse/wehoop-wbb-raw/main/wbb/json/final/401813903.json,2026-02-06T00:00Z,TRUE,,
401807601,2026-02-06T00:00Z,Vanderbilt,Kentucky,Away,W,84,83,https://a.espncdn.com/i/teamlogos/ncaa/500/238.png,https://a.espncdn.com/i/teamlogos/ncaa/500/96.png,7,16,23,23,,,TRUE,1,,STATUS_FINAL,23,FALSE,16,"[{'abbreviation': 'Game', 'name': 'overall', 'summary': '18-6', 'type': 'total'}
 {'abbreviation': None, 'name': 'Home', 'summary': '10-2', 'type': 'home'}
 {'abbreviation': None, 'name': 'Road', 'summary': '7-3', 'type': 'road'}
 {'abbreviation': None, 'name': 'vs. Conf.', 'summary': '5-5', 'type': 'vsconf'}]",23,TRUE,7,"[{'abbreviation': 'Game', 'name': 'overall', 'summary': '22-2', 'type': 'total'}
 {'abbreviation': None, 'name': 'Home', 'summary': '12-0', 'type': 'home'}
 {'abbreviation': None, 'name': 'Road', 'summary': '6-1', 'type': 'road'}
 {'abbreviation': None, 'name': 'vs. Conf.', 'summary': '8-2', 'type': 'vsconf'}]",23,SEC,VAN,UK,0,0033a0,cfae70,ffffff,UK,0033a0,ffffff,VAN,0,cfae70,https://raw.githubusercontent.com/sportsdataverse/wehoop-wbb-raw/main/wbb/json/final/401807601.json,2026-02-06T00:00Z,TRUE,,
401819698,2026-02-06T00:00Z,Virginia,Miami (FL),Home,W,67,56,https://a.espncdn.com/i/teamlogos/ncaa/500/258.png,https://a.espncdn.com/i/teamlogos/ncaa/500/2390.png,99,99,2,2,,,TRUE,1,,STATUS_FINAL,2,TRUE,99,"[{'abbreviation': 'Game', 'name': 'overall', 'summary': '16-7', 'type': 'total'}
 {'abbreviation': None, 'name': 'Home', 'summary': '11-3', 'type': 'home'}
 {'abbreviation': None, 'name': 'Road', 'summary': '4-3', 'type': 'road'}
 {'abbreviation': None, 'name': 'vs. Conf.', 'summary': '8-4', 'type': 'vsconf'}]",2,FALSE,99,"[{'abbreviation': 'Game', 'name': 'overall', 'summary': '12-11', 'type': 'total'}
 {'abbreviation': None, 'name': 'Home', 'summary': '7-6', 'type': 'home'}
 {'abbreviation': None, 'name': 'Road', 'summary': '3-3', 'type': 'road'}
 {'abbreviation': None, 'name': 'vs. Conf.', 'summary': '4-8', 'type': 'vsconf'}]",2,ACC,UVA,MIA,f84c1e,f47423,232d4b,35131,UVA,f84c1e,232d4b,MIA,f47423,35131,https://raw.githubusercontent.com/sportsdataverse/wehoop-wbb-raw/main/wbb/json/final/401819698.json,2026-02-06T00:00Z,TRUE,,
401819700,2026-02-06T00:00Z,Notre Dame,Virginia Tech,Home,W,80,70,https://a.espncdn.com/i/teamlogos/ncaa/500/87.png,https://a.espncdn.com/i/teamlogos/ncaa/500/259.png,99,99,2,2,,,TRUE,1,,STATUS_FINAL,2,TRUE,99,"[{'abbreviation': 'Game', 'name': 'overall', 'summary': '15-8', 'type': 'total'}
 {'abbreviation': None, 'name': 'Home', 'summary': '12-2', 'type': 'home'}
 {'abbreviation': None, 'name': 'Road', 'summary': '3-5', 'type': 'road'}
 {'abbreviation': None, 'name': 'vs. Conf.', 'summary': '7-5', 'type': 'vsconf'}]",2,FALSE,99,"[{'abbreviation': 'Game', 'name': 'overall', 'summary': '18-6', 'type': 'total'}
 {'abbreviation': None, 'name': 'Home', 'summary': '13-2', 'type': 'home'}
 {'abbreviation': None, 'name': 'Road', 'summary': '4-3', 'type': 'road'}
 {'abbreviation': None, 'name': 'vs. Conf.', 'summary': '8-4', 'type': 'vsconf'}]",2,ACC,ND,VT,62340,6a2c3e,c99700,cf4520,ND,62340,c99700,VT,6a2c3e,cf4520,https://raw.githubusercontent.com/sportsdataverse/wehoop-wbb-raw/main/wbb/json/final/401819700.json,2026-02-06T00:00Z,TRUE,,
401819697,2026-02-06T00:00Z,Louisville,Duke,Home,L,58,59,https://a.espncdn.com/i/teamlogos/ncaa/500/97.png,https://a.espncdn.com/i/teamlogos/ncaa/500/150.png,6,17,2,2,,,TRUE,1,,STATUS_FINAL,2,FALSE,6,"[{'abbreviation': 'Game', 'name': 'overall', 'summary': '21-4', 'type': 'total'}
 {'abbreviation': None, 'name': 'Home', 'summary': '12-3', 'type': 'home'}
 {'abbreviation': None, 'name': 'Road', 'summary': '7-0', 'type': 'road'}
 {'abbreviation': None, 'name': 'vs. Conf.', 'summary': '11-1', 'type': 'vsconf'}]",2,TRUE,17,"[{'abbreviation': 'Game', 'name': 'overall', 'summary': '17-6', 'type': 'total'}
 {'abbreviation': None, 'name': 'Home', 'summary': '8-1', 'type': 'home'}
 {'abbreviation': None, 'name': 'Road', 'summary': '9-1', 'type': 'road'}
 {'abbreviation': None, 'name': 'vs. Conf.', 'summary': '12-0', 'type': 'vsconf'}]",2,ACC,LOU,DUKE,c9001f,00539b,ffffff,ffffff,LOU,c9001f,ffffff,DUKE,00539b,ffffff,https://raw.githubusercontent.com/sportsdataverse/wehoop-wbb-raw/main/wbb/json/final/401819697.json,2026-02-06T00:00Z,TRUE,,
401807606,2026-02-05T23:30Z,South Carolina,Mississippi State,Home,W,88,45,https://a.espncdn.com/i/teamlogos/ncaa/500/2579.png,https://a.espncdn.com/i/teamlogos/ncaa/500/344.png,3,99,23,23,,,TRUE,1,Play4Kay,STATUS_FINAL,23,TRUE,3,"[{'abbreviation': 'Game', 'name': 'overall', 'summary': '23-2', 'type': 'total'}
 {'abbreviation': None, 'name': 'Home', 'summary': '13-0', 'type': 'home'}
 {'abbreviation': None, 'name': 'Road', 'summary': '8-1', 'type': 'road'}
 {'abbreviation': None, 'name': 'vs. Conf.', 'summary': '9-1', 'type': 'vsconf'}]",23,FALSE,99,"[{'abbreviation': 'Game', 'name': 'overall', 'summary': '16-8', 'type': 'total'}
 {'abbreviation': None, 'name': 'Home', 'summary': '13-3', 'type': 'home'}
 {'abbreviation': None, 'name': 'Road', 'summary': '2-5', 'type': 'road'}
 {'abbreviation': None, 'name': 'vs. Conf.', 'summary': '3-7', 'type': 'vsconf'}]",23,SEC,SC,MSST,73000a,5d1725,0,c1c6c8,SC,73000a,0,MSST,5d1725,c1c6c8,https://raw.githubusercontent.com/sportsdataverse/wehoop-wbb-raw/main/wbb/json/final/401807606.json,2026-02-05T23:30Z,TRUE,,
401807602,2026-02-05T23:30Z,Georgia,Tennessee,Home,L,77,82,https://a.espncdn.com/i/teamlogos/ncaa/500/61.png,https://a.espncdn.com/i/teamlogos/ncaa/500/2633_ncw.png,99,19,23,23,,,TRUE,1,,STATUS_FINAL,23,FALSE,99,"[{'abbreviation': 'Game', 'name': 'overall', 'summary': '18-5', 'type': 'total'}
 {'abbreviation': None, 'name': 'Home', 'summary': '10-3', 'type': 'home'}
 {'abbreviation': None, 'name': 'Road', 'summary': '4-2', 'type': 'road'}
 {'abbreviation': None, 'name': 'vs. Conf.', 'summary': '4-5', 'type': 'vsconf'}]",23,TRUE,19,"[{'abbreviation': 'Game', 'name': 'overall', 'summary': '15-5', 'type': 'total'}
 {'abbreviation': None, 'name': 'Home', 'summary': '8-1', 'type': 'home'}
 {'abbreviation': None, 'name': 'Road', 'summary': '7-2', 'type': 'road'}
 {'abbreviation': None, 'name': 'vs. Conf.', 'summary': '7-1', 'type': 'vsconf'}]",23,SEC,UGA,TENN,ba0c2f,ff8200,2c2a29,ffffff,UGA,ba0c2f,2c2a29,TENN,ff8200,ffffff,https://raw.githubusercontent.com/sportsdataverse/wehoop-wbb-raw/main/wbb/json/final/401807602.json,2026-02-05T23:30Z,TRUE,,
401807602,2026-02-05T23:30Z,Tennessee,Georgia,Away,W,82,77,https://a.espncdn.com/i/teamlogos/ncaa/500/2633_ncw.png,https://a.espncdn.com/i/teamlogos/ncaa/500/61.png,19,99,23,23,,,TRUE,1,,STATUS_FINAL,23,FALSE,99,"[{'abbreviation': 'Game', 'name': 'overall', 'summary': '18-5', 'type': 'total'}
 {'abbreviation': None, 'name': 'Home', 'summary': '10-3', 'type': 'home'}
 {'abbreviation': None, 'name': 'Road', 'summary': '4-2', 'type': 'road'}
 {'abbreviation': None, 'name': 'vs. Conf.', 'summary': '4-5', 'type': 'vsconf'}]",23,TRUE,19,"[{'abbreviation': 'Game', 'name': 'overall', 'summary': '15-5', 'type': 'total'}
 {'abbreviation': None, 'name': 'Home', 'summary': '8-1', 'type': 'home'}
 {'abbreviation': None, 'name': 'Road', 'summary': '7-2', 'type': 'road'}
 {'abbreviation': None, 'name': 'vs. Conf.', 'summary': '7-1', 'type': 'vsconf'}]",23,SEC,TENN,UGA,ff8200,ba0c2f,ffffff,2c2a29,UGA,ba0c2f,2c2a29,TENN,ff8200,ffffff,https://raw.githubusercontent.com/sportsdataverse/wehoop-wbb-raw/main/wbb/json/final/401807602.json,2026-02-05T23:30Z,TRUE,,
401807606,2026-02-05T23:30Z,Mississippi State,South Carolina,Away,L,45,88,https://a.espncdn.com/i/teamlogos/ncaa/500/344.png,https://a.espncdn.com/i/teamlogos/ncaa/500/2579.png,99,3,23,23,,,TRUE,1,Play4Kay,STATUS_FINAL,23,TRUE,3,"[{'abbreviation': 'Game', 'name': 'overall', 'summary': '23-2', 'type': 'total'}
 {'abbreviation': None, 'name': 'Home', 'summary': '13-0', 'type': 'home'}
 {'abbreviation': None, 'name': 'Road', 'summary': '8-1', 'type': 'road'}
 {'abbreviation': None, 'name': 'vs. Conf.', 'summary': '9-1', 'type': 'vsconf'}]",23,FALSE,99,"[{'abbreviation': 'Game', 'name': 'overall', 'summary': '16-8', 'type': 'total'}
 {'abbreviation': None, 'name': 'Home', 'summary': '13-3', 'type': 'home'}
 {'abbreviation': None, 'name': 'Road', 'summary': '2-5', 'type': 'road'}
 {'abbreviation': None, 'name': 'vs. Conf.', 'summary': '3-7', 'type': 'vsconf'}]",23,SEC,MSST,SC,5d1725,73000a,c1c6c8,0,SC,73000a,0,MSST,5d1725,c1c6c8,https://raw.githubusercontent.com/sportsdataverse/wehoop-wbb-raw/main/wbb/json/final/401807606.json,2026-02-05T23:30Z,TRUE,,
401819596,2026-02-05T23:00Z,UNC,Clemson,Home,W,53,44,https://a.espncdn.com/i/teamlogos/ncaa/500/153.png,https://a.espncdn.com/i/teamlogos/ncaa/500/228.png,25,99,2,2,,,TRUE,1,Play4Kay,STATUS_FINAL,2,TRUE,25,"[{'abbreviation': 'Game', 'name': 'overall', 'summary': '19-5', 'type': 'total'}
 {'abbreviation': None, 'name': 'Home', 'summary': '10-2', 'type': 'home'}
 {'abbreviation': None, 'name': 'Road', 'summary': '5-2', 'type': 'road'}
 {'abbreviation': None, 'name': 'vs. Conf.', 'summary': '8-3', 'type': 'vsconf'}]",2,FALSE,99,"[{'abbreviation': 'Game', 'name': 'overall', 'summary': '16-8', 'type': 'total'}
 {'abbreviation': None, 'name': 'Home', 'summary': '9-1', 'type': 'home'}
 {'abbreviation': None, 'name': 'Road', 'summary': '6-6', 'type': 'road'}
 {'abbreviation': None, 'name': 'vs. Conf.', 'summary': '7-5', 'type': 'vsconf'}]",2,ACC,UNC,CLEM,7bafd4,f56600,13294b,ffffff,UNC,7bafd4,13294b,CLEM,f56600,ffffff,https://raw.githubusercontent.com/sportsdataverse/wehoop-wbb-raw/main/wbb/json/final/401819596.json,2026-02-05T23:00Z,TRUE,,
401819623,2026-02-05T23:00Z,Stanford,Pittsburgh,Away,W,86,65,https://a.espncdn.com/i/teamlogos/ncaa/500/24.png,https://a.espncdn.com/i/teamlogos/ncaa/500/221.png,99,99,2,2,,,TRUE,1,,STATUS_FINAL,2,FALSE,99,"[{'abbreviation': 'Game', 'name': 'overall', 'summary': '8-16', 'type': 'total'}
 {'abbreviation': None, 'name': 'Home', 'summary': '6-8', 'type': 'home'}
 {'abbreviation': None, 'name': 'Road', 'summary': '1-7', 'type': 'road'}
 {'abbreviation': None, 'name': 'vs. Conf.', 'summary': '1-10', 'type': 'vsconf'}]",2,TRUE,99,"[{'abbreviation': 'Game', 'name': 'overall', 'summary': '16-8', 'type': 'total'}
 {'abbreviation': None, 'name': 'Home', 'summary': '9-4', 'type': 'home'}
 {'abbreviation': None, 'name': 'Road', 'summary': '5-3', 'type': 'road'}
 {'abbreviation': None, 'name': 'vs. Conf.', 'summary': '5-6', 'type': 'vsconf'}]",2,ACC,STAN,PITT,8c1515,3594,ffffff,ffb81c,PITT,3594,ffb81c,STAN,8c1515,ffffff,https://raw.githubusercontent.com/sportsdataverse/wehoop-wbb-raw/main/wbb/json/final/401819623.json,2026-02-05T23:00Z,TRUE,,
401819699,2026-02-05T23:00Z,Syracuse,Boston College,Away,W,93,59,https://a.espncdn.com/i/teamlogos/ncaa/500/183.png,https://a.espncdn.com/i/teamlogos/ncaa/500/103.png,99,99,2,2,,,TRUE,1,,STATUS_FINAL,2,FALSE,99,"[{'abbreviation': 'Game', 'name': 'overall', 'summary': '4-21', 'type': 'total'}
 {'abbreviation': None, 'name': 'Home', 'summary': '4-12', 'type': 'home'}
 {'abbreviation': None, 'name': 'Road', 'summary': '0-7', 'type': 'road'}
 {'abbreviation': None, 'name': 'vs. Conf.', 'summary': '0-12', 'type': 'vsconf'}]",2,TRUE,99,"[{'abbreviation': 'Game', 'name': 'overall', 'summary': '19-4', 'type': 'total'}
 {'abbreviation': None, 'name': 'Home', 'summary': '13-2', 'type': 'home'}
 {'abbreviation': None, 'name': 'Road', 'summary': '5-1', 'type': 'road'}
 {'abbreviation': None, 'name': 'vs. Conf.', 'summary': '9-3', 'type': 'vsconf'}]",2,ACC,SYR,BC,0.00E+00,8c2232,ff431b,dbcca6,BC,8c2232,dbcca6,SYR,0.00E+00,ff431b,https://raw.githubusercontent.com/sportsdataverse/wehoop-wbb-raw/main/wbb/json/final/401819699.json,2026-02-05T23:00Z,TRUE,,
401819596,2026-02-05T23:00Z,Clemson,UNC,Away,L,44,53,https://a.espncdn.com/i/teamlogos/ncaa/500/228.png,https://a.espncdn.com/i/teamlogos/ncaa/500/153.png,99,25,2,2,,,TRUE,1,Play4Kay,STATUS_FINAL,2,TRUE,25,"[{'abbreviation': 'Game', 'name': 'overall', 'summary': '19-5', 'type': 'total'}
 {'abbreviation': None, 'name': 'Home', 'summary': '10-2', 'type': 'home'}
 {'abbreviation': None, 'name': 'Road', 'summary': '5-2', 'type': 'road'}
 {'abbreviation': None, 'name': 'vs. Conf.', 'summary': '8-3', 'type': 'vsconf'}]",2,FALSE,99,"[{'abbreviation': 'Game', 'name': 'overall', 'summary': '16-8', 'type': 'total'}
 {'abbreviation': None, 'name': 'Home', 'summary': '9-1', 'type': 'home'}
 {'abbreviation': None, 'name': 'Road', 'summary': '6-6', 'type': 'road'}
 {'abbreviation': None, 'name': 'vs. Conf.', 'summary': '7-5', 'type': 'vsconf'}]",2,ACC,CLEM,UNC,f56600,7bafd4,ffffff,13294b,UNC,7bafd4,13294b,CLEM,f56600,ffffff,https://raw.githubusercontent.com/sportsdataverse/wehoop-wbb-raw/main/wbb/json/final/401819596.json,2026-02-05T23:00Z,TRUE,,
401825323,2026-02-05T03:00Z,UCLA,Rutgers,Home,W,86,46,https://a.espncdn.com/i/teamlogos/ncaa/500/26.png,https://a.espncdn.com/i/teamlogos/ncaa/500/164.png,2,99,7,7,,,TRUE,1,,STATUS_FINAL,7,TRUE,2,"[{'abbreviation': 'Game', 'name': 'overall', 'summary': '22-1', 'type': 'total'}
 {'abbreviation': None, 'name': 'Home', 'summary': '11-0', 'type': 'home'}
 {'abbreviation': None, 'name': 'Road', 'summary': '6-0', 'type': 'road'}
 {'abbreviation': None, 'name': 'vs. Conf.', 'summary': '12-0', 'type': 'vsconf'}]",7,FALSE,99,"[{'abbreviation': 'Game', 'name': 'overall', 'summary': '9-14', 'type': 'total'}
 {'abbreviation': None, 'name': 'Home', 'summary': '8-7', 'type': 'home'}
 {'abbreviation': None, 'name': 'Road', 'summary': '1-7', 'type': 'road'}
 {'abbreviation': None, 'name': 'vs. Conf.', 'summary': '1-11', 'type': 'vsconf'}]",7,Big Ten,UCLA,RUTG,2774ae,ce0e2d,f2a900,ffffff,UCLA,2774ae,f2a900,RUTG,ce0e2d,ffffff,https://raw.githubusercontent.com/sportsdataverse/wehoop-wbb-raw/main/wbb/json/final/401825323.json,2026-02-05T03:00Z,TRUE,,
401825318,2026-02-05T02:00Z,Illinois,Oregon,Away,L,73,76,https://a.espncdn.com/i/teamlogos/ncaa/500/356.png,https://a.espncdn.com/i/teamlogos/ncaa/500/2483.png,99,99,7,7,,,TRUE,1,,STATUS_FINAL,7,TRUE,99,"[{'abbreviation': 'Game', 'name': 'overall', 'summary': '18-7', 'type': 'total'}
 {'abbreviation': None, 'name': 'Home', 'summary': '11-3', 'type': 'home'}
 {'abbreviation': None, 'name': 'Road', 'summary': '5-3', 'type': 'road'}
 {'abbreviation': None, 'name': 'vs. Conf.', 'summary': '6-6', 'type': 'vsconf'}]",7,FALSE,99,"[{'abbreviation': 'Game', 'name': 'overall', 'summary': '16-7', 'type': 'total'}
 {'abbreviation': None, 'name': 'Home', 'summary': '11-2', 'type': 'home'}
 {'abbreviation': None, 'name': 'Road', 'summary': '5-5', 'type': 'road'}
 {'abbreviation': None, 'name': 'vs. Conf.', 'summary': '6-6', 'type': 'vsconf'}]",7,Big Ten,ILL,ORE,ff5f05,00934b,13294b,fff41b,ORE,00934b,fff41b,ILL,ff5f05,13294b,https://raw.githubusercontent.com/sportsdataverse/wehoop-wbb-raw/main/wbb/json/final/401825318.json,2026-02-05T02:00Z,TRUE,,
401827375,2026-02-05T02:00Z,West Virginia,Colorado,Away,W,61,55,https://a.espncdn.com/i/teamlogos/ncaa/500/277.png,https://a.espncdn.com/i/teamlogos/ncaa/500/38.png,20,99,8,8,,,TRUE,1,,STATUS_FINAL,8,FALSE,99,"[{'abbreviation': 'Game', 'name': 'overall', 'summary': '15-8', 'type': 'total'}
 {'abbreviation': None, 'name': 'Home', 'summary': '11-2', 'type': 'home'}
 {'abbreviation': None, 'name': 'Road', 'summary': '2-5', 'type': 'road'}
 {'abbreviation': None, 'name': 'vs. Conf.', 'summary': '6-5', 'type': 'vsconf'}]",8,TRUE,20,"[{'abbreviation': 'Game', 'name': 'overall', 'summary': '19-5', 'type': 'total'}
 {'abbreviation': None, 'name': 'Home', 'summary': '10-3', 'type': 'home'}
 {'abbreviation': None, 'name': 'Road', 'summary': '7-1', 'type': 'road'}
 {'abbreviation': None, 'name': 'vs. Conf.', 'summary': '9-3', 'type': 'vsconf'}]",8,Big 12,WVU,COLO,eaaa00,cfb87c,2855,0,COLO,cfb87c,0,WVU,eaaa00,2855,https://raw.githubusercontent.com/sportsdataverse/wehoop-wbb-raw/main/wbb/json/final/401827375.json,2026-02-05T02:00Z,TRUE,,
401825318,2026-02-05T02:00Z,Oregon,Illinois,Home,W,76,73,https://a.espncdn.com/i/teamlogos/ncaa/500/2483.png,https://a.espncdn.com/i/teamlogos/ncaa/500/356.png,99,99,7,7,,,TRUE,1,,STATUS_FINAL,7,TRUE,99,"[{'abbreviation': 'Game', 'name': 'overall', 'summary': '18-7', 'type': 'total'}
 {'abbreviation': None, 'name': 'Home', 'summary': '11-3', 'type': 'home'}
 {'abbreviation': None, 'name': 'Road', 'summary': '5-3', 'type': 'road'}
 {'abbreviation': None, 'name': 'vs. Conf.', 'summary': '6-6', 'type': 'vsconf'}]",7,FALSE,99,"[{'abbreviation': 'Game', 'name': 'overall', 'summary': '16-7', 'type': 'total'}
 {'abbreviation': None, 'name': 'Home', 'summary': '11-2', 'type': 'home'}
 {'abbreviation': None, 'name': 'Road', 'summary': '5-5', 'type': 'road'}
 {'abbreviation': None, 'name': 'vs. Conf.', 'summary': '6-6', 'type': 'vsconf'}]",7,Big Ten,ORE,ILL,00934b,ff5f05,fff41b,13294b,ORE,00934b,fff41b,ILL,ff5f05,13294b,https://raw.githubusercontent.com/sportsdataverse/wehoop-wbb-raw/main/wbb/json/final/401825318.json,2026-02-05T02:00Z,TRUE,,
401827375,2026-02-05T02:00Z,Colorado,West Virginia,Home,L,55,61,https://a.espncdn.com/i/teamlogos/ncaa/500/38.png,https://a.espncdn.com/i/teamlogos/ncaa/500/277.png,99,20,8,8,,,TRUE,1,,STATUS_FINAL,8,FALSE,99,"[{'abbreviation': 'Game', 'name': 'overall', 'summary': '15-8', 'type': 'total'}
 {'abbreviation': None, 'name': 'Home', 'summary': '11-2', 'type': 'home'}
 {'abbreviation': None, 'name': 'Road', 'summary': '2-5', 'type': 'road'}
 {'abbreviation': None, 'name': 'vs. Conf.', 'summary': '6-5', 'type': 'vsconf'}]",8,TRUE,20,"[{'abbreviation': 'Game', 'name': 'overall', 'summary': '19-5', 'type': 'total'}
 {'abbreviation': None, 'name': 'Home', 'summary': '10-3', 'type': 'home'}
 {'abbreviation': None, 'name': 'Road', 'summary': '7-1', 'type': 'road'}
 {'abbreviation': None, 'name': 'vs. Conf.', 'summary': '9-3', 'type': 'vsconf'}]",8,Big 12,COLO,WVU,cfb87c,eaaa00,0,2855,COLO,cfb87c,0,WVU,eaaa00,2855,https://raw.githubusercontent.com/sportsdataverse/wehoop-wbb-raw/main/wbb/json/final/401827375.json,2026-02-05T02:00Z,TRUE,,
401827372,2026-02-05T01:30Z,Oklahoma State,Arizona State,Away,L,69,74,https://a.espncdn.com/i/teamlogos/ncaa/500/197.png,https://a.espncdn.com/i/teamlogos/ncaa/500/9.png,99,99,8,8,,,TRUE,1,,STATUS_FINAL,8,TRUE,99,"[{'abbreviation': 'Game', 'name': 'overall', 'summary': '19-5', 'type': 'total'}
 {'abbreviation': None, 'name': 'Home', 'summary': '13-1', 'type': 'home'}
 {'abbreviation': None, 'name': 'Road', 'summary': '6-4', 'type': 'road'}
 {'abbreviation': None, 'name': 'vs. Conf.', 'summary': '6-5', 'type': 'vsconf'}]",8,FALSE,99,"[{'abbreviation': 'Game', 'name': 'overall', 'summary': '18-6', 'type': 'total'}
 {'abbreviation': None, 'name': 'Home', 'summary': '12-1', 'type': 'home'}
 {'abbreviation': None, 'name': 'Road', 'summary': '4-4', 'type': 'road'}
 {'abbreviation': None, 'name': 'vs. Conf.', 'summary': '7-4', 'type': 'vsconf'}]",8,Big 12,OKST,ASU,fe5c00,ffc627,0,8c1d40,ASU,ffc627,8c1d40,OKST,fe5c00,0,https://raw.githubusercontent.com/sportsdataverse/wehoop-wbb-raw/main/wbb/json/final/401827372.json,2026-02-05T01:30Z,TRUE,,
401825667,2026-02-05T01:00Z,UConn,DePaul,Away,W,86,40,https://a.espncdn.com/i/teamlogos/ncaa/500/41.png,https://a.espncdn.com/i/teamlogos/ncaa/500/305.png,1,99,4,4,,,TRUE,1,,STATUS_FINAL,4,FALSE,99,"[{'abbreviation': 'Game', 'name': 'overall', 'summary': '5-20', 'type': 'total'}
 {'abbreviation': None, 'name': 'Home', 'summary': '5-9', 'type': 'home'}
 {'abbreviation': None, 'name': 'Road', 'summary': '0-11', 'type': 'road'}
 {'abbreviation': None, 'name': 'vs. Conf.', 'summary': '2-12', 'type': 'vsconf'}]",4,TRUE,1,"[{'abbreviation': 'Game', 'name': 'overall', 'summary': '24-0', 'type': 'total'}
 {'abbreviation': None, 'name': 'Home', 'summary': '11-0', 'type': 'home'}
 {'abbreviation': None, 'name': 'Road', 'summary': '9-0', 'type': 'road'}
 {'abbreviation': None, 'name': 'vs. Conf.', 'summary': '13-0', 'type': 'vsconf'}]",4,Big East,CONN,DEP,0c2340,2d649c,a2aaad,ce1125,DEP,2d649c,ce1125,CONN,0c2340,a2aaad,https://raw.githubusercontent.com/sportsdataverse/wehoop-wbb-raw/main/wbb/json/final/401825667.json,2026-02-05T01:00Z,TRUE,,
401829115,2026-02-05T01:00Z,Richmond,Saint Louis,Away,W,92,44,https://a.espncdn.com/i/teamlogos/ncaa/500/257.png,https://a.espncdn.com/i/teamlogos/ncaa/500/139.png,99,99,3,3,,,TRUE,1,,STATUS_FINAL,3,FALSE,99,"[{'abbreviation': 'Game', 'name': 'overall', 'summary': '11-14', 'type': 'total'}
 {'abbreviation': None, 'name': 'Home', 'summary': '6-7', 'type': 'home'}
 {'abbreviation': None, 'name': 'Road', 'summary': '4-6', 'type': 'road'}
 {'abbreviation': None, 'name': 'vs. Conf.', 'summary': '5-7', 'type': 'vsconf'}]",3,TRUE,99,"[{'abbreviation': 'Game', 'name': 'overall', 'summary': '19-4', 'type': 'total'}
 {'abbreviation': None, 'name': 'Home', 'summary': '9-1', 'type': 'home'}
 {'abbreviation': None, 'name': 'Road', 'summary': '7-2', 'type': 'road'}
 {'abbreviation': None, 'name': 'vs. Conf.', 'summary': '9-1', 'type': 'vsconf'}]",3,A-10,RICH,SLU,9e0712,00539C,b90b2e,ebebeb,SLU,00539C,ebebeb,RICH,9e0712,b90b2e,https://raw.githubusercontent.com/sportsdataverse/wehoop-wbb-raw/main/wbb/json/final/401829115.json,2026-02-05T01:00Z,TRUE,,
401827377,2026-02-05T00:30Z,TCU,Houston,Home,W,90,45,https://a.espncdn.com/i/teamlogos/ncaa/500/2628.png,https://a.espncdn.com/i/teamlogos/ncaa/500/248.png,14,99,8,8,,,TRUE,1,,STATUS_FINAL,8,TRUE,14,"[{'abbreviation': 'Game', 'name': 'overall', 'summary': '21-3', 'type': 'total'}
 {'abbreviation': None, 'name': 'Home', 'summary': '15-0', 'type': 'home'}
 {'abbreviation': None, 'name': 'Road', 'summary': '4-2', 'type': 'road'}
 {'abbreviation': None, 'name': 'vs. Conf.', 'summary': '9-2', 'type': 'vsconf'}]",8,FALSE,99,"[{'abbreviation': 'Game', 'name': 'overall', 'summary': '7-15', 'type': 'total'}
 {'abbreviation': None, 'name': 'Home', 'summary': '5-6', 'type': 'home'}
 {'abbreviation': None, 'name': 'Road', 'summary': '1-8', 'type': 'road'}
 {'abbreviation': None, 'name': 'vs. Conf.', 'summary': '1-10', 'type': 'vsconf'}]",8,Big 12,TCU,HOU,4d1979,c8102e,ffffff,ffffff,TCU,4d1979,ffffff,HOU,c8102e,ffffff,https://raw.githubusercontent.com/sportsdataverse/wehoop-wbb-raw/main/wbb/json/final/401827377.json,2026-02-05T00:30Z,TRUE,,
401825670,2026-02-05T00:00Z,Villanova,Butler,Away,W,67,57,https://a.espncdn.com/i/teamlogos/ncaa/500/222.png,https://a.espncdn.com/i/teamlogos/ncaa/500/2086.png,99,99,4,4,,,TRUE,1,,STATUS_FINAL,4,FALSE,99,"[{'abbreviation': 'Game', 'name': 'overall', 'summary': '9-14', 'type': 'total'}
 {'abbreviation': None, 'name': 'Home', 'summary': '8-6', 'type': 'home'}
 {'abbreviation': None, 'name': 'Road', 'summary': '0-7', 'type': 'road'}
 {'abbreviation': None, 'name': 'vs. Conf.', 'summary': '3-10', 'type': 'vsconf'}]",4,TRUE,99,"[{'abbreviation': 'Game', 'name': 'overall', 'summary': '18-5', 'type': 'total'}
 {'abbreviation': None, 'name': 'Home', 'summary': '10-2', 'type': 'home'}
 {'abbreviation': None, 'name': 'Road', 'summary': '7-3', 'type': 'road'}
 {'abbreviation': None, 'name': 'vs. Conf.', 'summary': '11-3', 'type': 'vsconf'}]",4,Big East,VILL,BUT,00205b,0d1361,13b5ea,00a3e0,BUT,0d1361,00a3e0,VILL,00205b,13b5ea,https://raw.githubusercontent.com/sportsdataverse/wehoop-wbb-raw/main/wbb/json/final/401825670.json,2026-02-05T00:00Z,TRUE,,
401825321,2026-02-05T00:00Z,Michigan,Nebraska,Home,W,88,76,https://a.espncdn.com/i/teamlogos/ncaa/500/130.png,https://a.espncdn.com/i/teamlogos/ncaa/500/158.png,8,99,7,7,,,TRUE,1,,STATUS_FINAL,7,TRUE,8,"[{'abbreviation': 'Game', 'name': 'overall', 'summary': '20-3', 'type': 'total'}
 {'abbreviation': None, 'name': 'Home', 'summary': '12-0', 'type': 'home'}
 {'abbreviation': None, 'name': 'Road', 'summary': '6-1', 'type': 'road'}
 {'abbreviation': None, 'name': 'vs. Conf.', 'summary': '11-1', 'type': 'vsconf'}]",7,FALSE,99,"[{'abbreviation': 'Game', 'name': 'overall', 'summary': '16-7', 'type': 'total'}
 {'abbreviation': None, 'name': 'Home', 'summary': '12-2', 'type': 'home'}
 {'abbreviation': None, 'name': 'Road', 'summary': '1-5', 'type': 'road'}
 {'abbreviation': None, 'name': 'vs. Conf.', 'summary': '5-7', 'type': 'vsconf'}]",7,Big Ten,MICH,NEB,00274c,e31937,ffcb05,ffffff,MICH,00274c,ffcb05,NEB,e31937,ffffff,https://raw.githubusercontent.com/sportsdataverse/wehoop-wbb-raw/main/wbb/json/final/401825321.json,2026-02-05T00:00Z,TRUE,,
401808813,2026-02-05T00:00Z,James Madison,Southern Miss,Away,W,83,72,https://a.espncdn.com/i/teamlogos/ncaa/500/256.png,https://a.espncdn.com/i/teamlogos/ncaa/500/2572.png,99,99,27,27,,,TRUE,1,,STATUS_FINAL,27,FALSE,99,"[{'abbreviation': 'Game', 'name': 'overall', 'summary': '12-11', 'type': 'total'}
 {'abbreviation': None, 'name': 'Home', 'summary': '9-4', 'type': 'home'}
 {'abbreviation': None, 'name': 'Road', 'summary': '3-5', 'type': 'road'}
 {'abbreviation': None, 'name': 'vs. Conf.', 'summary': '5-7', 'type': 'vsconf'}]",27,TRUE,99,"[{'abbreviation': 'Game', 'name': 'overall', 'summary': '17-8', 'type': 'total'}
 {'abbreviation': None, 'name': 'Home', 'summary': '11-3', 'type': 'home'}
 {'abbreviation': None, 'name': 'Road', 'summary': '4-5', 'type': 'road'}
 {'abbreviation': None, 'name': 'vs. Conf.', 'summary': '9-4', 'type': 'vsconf'}]",27,Sun Belt,JMU,USM,4.50E+05,ffc72c,cbb677,231f20,USM,ffc72c,231f20,JMU,450084,cbb677,https://raw.githubusercontent.com/sportsdataverse/wehoop-wbb-raw/main/wbb/json/final/401808813.json,2026-02-05T00:00Z,TRUE,,
401825321,2026-02-05T00:00Z,Nebraska,Michigan,Away,L,76,88,https://a.espncdn.com/i/teamlogos/ncaa/500/158.png,https://a.espncdn.com/i/teamlogos/ncaa/500/130.png,99,8,7,7,,,TRUE,1,,STATUS_FINAL,7,TRUE,8,"[{'abbreviation': 'Game', 'name': 'overall', 'summary': '20-3', 'type': 'total'}
 {'abbreviation': None, 'name': 'Home', 'summary': '12-0', 'type': 'home'}
 {'abbreviation': None, 'name': 'Road', 'summary': '6-1', 'type': 'road'}
 {'abbreviation': None, 'name': 'vs. Conf.', 'summary': '11-1', 'type': 'vsconf'}]",7,FALSE,99,"[{'abbreviation': 'Game', 'name': 'overall', 'summary': '16-7', 'type': 'total'}
 {'abbreviation': None, 'name': 'Home', 'summary': '12-2', 'type': 'home'}
 {'abbreviation': None, 'name': 'Road', 'summary': '1-5', 'type': 'road'}
 {'abbreviation': None, 'name': 'vs. Conf.', 'summary': '5-7', 'type': 'vsconf'}]",7,Big Ten,NEB,MICH,e31937,00274c,ffffff,ffcb05,MICH,00274c,ffcb05,NEB,e31937,ffffff,https://raw.githubusercontent.com/sportsdataverse/wehoop-wbb-raw/main/wbb/json/final/401825321.json,2026-02-05T00:00Z,TRUE,,
401827374,2026-02-04T23:30Z,Baylor,Cincinnati,Away,W,76,70,https://a.espncdn.com/i/teamlogos/ncaa/500/239.png,https://a.espncdn.com/i/teamlogos/ncaa/500/2132.png,15,99,8,8,,,TRUE,1,,STATUS_FINAL,8,FALSE,99,"[{'abbreviation': 'Game', 'name': 'overall', 'summary': '8-15', 'type': 'total'}
 {'abbreviation': None, 'name': 'Home', 'summary': '5-8', 'type': 'home'}
 {'abbreviation': None, 'name': 'Road', 'summary': '1-7', 'type': 'road'}
 {'abbreviation': None, 'name': 'vs. Conf.', 'summary': '3-8', 'type': 'vsconf'}]",8,TRUE,15,"[{'abbreviation': 'Game', 'name': 'overall', 'summary': '20-4', 'type': 'total'}
 {'abbreviation': None, 'name': 'Home', 'summary': '12-1', 'type': 'home'}
 {'abbreviation': None, 'name': 'Road', 'summary': '6-1', 'type': 'road'}
 {'abbreviation': None, 'name': 'vs. Conf.', 'summary': '9-2', 'type': 'vsconf'}]",8,Big 12,BAY,CIN,154734,0,ffb81c,e00122,CIN,0,e00122,BAY,154734,ffb81c,https://raw.githubusercontent.com/sportsdataverse/wehoop-wbb-raw/main/wbb/json/final/401827374.json,2026-02-04T23:30Z,TRUE,,
401825320,2026-02-04T23:30Z,Maryland,Michigan State,Away,W,86,70,https://a.espncdn.com/i/teamlogos/ncaa/500/120.png,https://a.espncdn.com/i/teamlogos/ncaa/500/127.png,22,12,7,7,,,TRUE,1,,STATUS_FINAL,7,FALSE,12,"[{'abbreviation': 'Game', 'name': 'overall', 'summary': '19-4', 'type': 'total'}
 {'abbreviation': None, 'name': 'Home', 'summary': '10-2', 'type': 'home'}
 {'abbreviation': None, 'name': 'Road', 'summary': '5-2', 'type': 'road'}
 {'abbreviation': None, 'name': 'vs. Conf.', 'summary': '8-4', 'type': 'vsconf'}]",7,TRUE,22,"[{'abbreviation': 'Game', 'name': 'overall', 'summary': '18-6', 'type': 'total'}
 {'abbreviation': None, 'name': 'Home', 'summary': '12-4', 'type': 'home'}
 {'abbreviation': None, 'name': 'Road', 'summary': '4-2', 'type': 'road'}
 {'abbreviation': None, 'name': 'vs. Conf.', 'summary': '6-6', 'type': 'vsconf'}]",7,Big Ten,MD,MSU,ce1126,173f35,ffffff,ffffff,MSU,173f35,ffffff,MD,ce1126,ffffff,https://raw.githubusercontent.com/sportsdataverse/wehoop-wbb-raw/main/wbb/json/final/401825320.json,2026-02-04T23:30Z,TRUE,,
401825320,2026-02-04T23:30Z,Michigan State,Maryland,Home,L,70,86,https://a.espncdn.com/i/teamlogos/ncaa/500/127.png,https://a.espncdn.com/i/teamlogos/ncaa/500/120.png,12,22,7,7,,,TRUE,1,,STATUS_FINAL,7,FALSE,12,"[{'abbreviation': 'Game', 'name': 'overall', 'summary': '19-4', 'type': 'total'}
 {'abbreviation': None, 'name': 'Home', 'summary': '10-2', 'type': 'home'}
 {'abbreviation': None, 'name': 'Road', 'summary': '5-2', 'type': 'road'}
 {'abbreviation': None, 'name': 'vs. Conf.', 'summary': '8-4', 'type': 'vsconf'}]",7,TRUE,22,"[{'abbreviation': 'Game', 'name': 'overall', 'summary': '18-6', 'type': 'total'}
 {'abbreviation': None, 'name': 'Home', 'summary': '12-4', 'type': 'home'}
 {'abbreviation': None, 'name': 'Road', 'summary': '4-2', 'type': 'road'}
 {'abbreviation': None, 'name': 'vs. Conf.', 'summary': '6-6', 'type': 'vsconf'}]",7,Big Ten,MSU,MD,173f35,ce1126,ffffff,ffffff,MSU,173f35,ffffff,MD,ce1126,ffffff,https://raw.githubusercontent.com/sportsdataverse/wehoop-wbb-raw/main/wbb/json/final/401825320.json,2026-02-04T23:30Z,TRUE,,
401829116,2026-02-04T23:00Z,Rhode Island,Saint Joseph's,Home,W,69,61,https://a.espncdn.com/i/teamlogos/ncaa/500/227.png,https://a.espncdn.com/i/teamlogos/ncaa/500/2603.png,99,99,3,3,,,TRUE,1,,STATUS_FINAL,3,TRUE,99,"[{'abbreviation': 'Game', 'name': 'overall', 'summary': '20-2', 'type': 'total'}
 {'abbreviation': None, 'name': 'Home', 'summary': '10-1', 'type': 'home'}
 {'abbreviation': None, 'name': 'Road', 'summary': '10-1', 'type': 'road'}
 {'abbreviation': None, 'name': 'vs. Conf.', 'summary': '11-0', 'type': 'vsconf'}]",3,FALSE,99,"[{'abbreviation': 'Game', 'name': 'overall', 'summary': '15-7', 'type': 'total'}
 {'abbreviation': None, 'name': 'Home', 'summary': '9-3', 'type': 'home'}
 {'abbreviation': None, 'name': 'Road', 'summary': '6-4', 'type': 'road'}
 {'abbreviation': None, 'name': 'vs. Conf.', 'summary': '6-5', 'type': 'vsconf'}]",3,A-10,URI,JOES,091f3f,9e1b32,5ab3e8,6c6f70,URI,091f3f,5ab3e8,JOES,9e1b32,6c6f70,https://raw.githubusercontent.com/sportsdataverse/wehoop-wbb-raw/main/wbb/json/final/401829116.json,2026-02-04T23:00Z,TRUE,,
401807599,2026-02-03T01:00Z,South Carolina,Texas A&M,Away,W,71,56,https://a.espncdn.com/i/teamlogos/ncaa/500/2579.png,https://a.espncdn.com/i/teamlogos/ncaa/500/245.png,3,99,23,23,,,TRUE,1,,STATUS_FINAL,23,FALSE,99,"[{'abbreviation': 'Game', 'name': 'overall', 'summary': '8-10', 'type': 'total'}
 {'abbreviation': None, 'name': 'Home', 'summary': '4-5', 'type': 'home'}
 {'abbreviation': None, 'name': 'Road', 'summary': '2-4', 'type': 'road'}
 {'abbreviation': None, 'name': 'vs. Conf.', 'summary': '1-8', 'type': 'vsconf'}]",23,TRUE,3,"[{'abbreviation': 'Game', 'name': 'overall', 'summary': '22-2', 'type': 'total'}
 {'abbreviation': None, 'name': 'Home', 'summary': '12-0', 'type': 'home'}
 {'abbreviation': None, 'name': 'Road', 'summary': '8-1', 'type': 'road'}
 {'abbreviation': None, 'name': 'vs. Conf.', 'summary': '8-1', 'type': 'vsconf'}]",23,SEC,SC,TA&M,73000a,500000,0,ffffff,TA&M,500000,ffffff,SC,73000a,0,https://raw.githubusercontent.com/sportsdataverse/wehoop-wbb-raw/main/wbb/json/final/401807599.json,2026-02-03T01:00Z,TRUE,,
401807594,2026-02-03T00:00Z,Ole Miss,Auburn,Neutral,W,71,45,https://a.espncdn.com/i/teamlogos/ncaa/500/145.png,https://a.espncdn.com/i/teamlogos/ncaa/500/2.png,13,99,23,23,,,TRUE,1,,STATUS_FINAL,23,TRUE,13,"[{'abbreviation': 'Game', 'name': 'overall', 'summary': '19-4', 'type': 'total'}
 {'abbreviation': None, 'name': 'Home', 'summary': '10-0', 'type': 'home'}
 {'abbreviation': None, 'name': 'Road', 'summary': '4-2', 'type': 'road'}
 {'abbreviation': None, 'name': 'vs. Conf.', 'summary': '6-2', 'type': 'vsconf'}]",23,FALSE,99,"[{'abbreviation': 'Game', 'name': 'overall', 'summary': '13-10', 'type': 'total'}
 {'abbreviation': None, 'name': 'Home', 'summary': '9-4', 'type': 'home'}
 {'abbreviation': None, 'name': 'Road', 'summary': '2-5', 'type': 'road'}
 {'abbreviation': None, 'name': 'vs. Conf.', 'summary': '2-7', 'type': 'vsconf'}]",23,SEC,MISS,AUB,13294b,002b5c,cf142b,f26522,MISS,13294b,cf142b,AUB,002b5c,f26522,https://raw.githubusercontent.com/sportsdataverse/wehoop-wbb-raw/main/wbb/json/final/401807594.json,2026-02-03T00:00Z,TRUE,,
401819570,2026-02-02T23:00Z,NC State,UNC,Home,L,59,61,https://a.espncdn.com/i/teamlogos/ncaa/500/152.png,https://a.espncdn.com/i/teamlogos/ncaa/500/153.png,99,25,2,2,,,TRUE,1,,STATUS_FINAL,2,FALSE,99,"[{'abbreviation': 'Game', 'name': 'overall', 'summary': '15-7', 'type': 'total'}
 {'abbreviation': None, 'name': 'Home', 'summary': '7-4', 'type': 'home'}
 {'abbreviation': None, 'name': 'Road', 'summary': '5-2', 'type': 'road'}
 {'abbreviation': None, 'name': 'vs. Conf.', 'summary': '8-3', 'type': 'vsconf'}]",2,TRUE,25,"[{'abbreviation': 'Game', 'name': 'overall', 'summary': '18-5', 'type': 'total'}
 {'abbreviation': None, 'name': 'Home', 'summary': '9-2', 'type': 'home'}
 {'abbreviation': None, 'name': 'Road', 'summary': '5-2', 'type': 'road'}
 {'abbreviation': None, 'name': 'vs. Conf.', 'summary': '7-3', 'type': 'vsconf'}]",2,ACC,NCSU,UNC,cc0000,7bafd4,ffffff,13294b,NCSU,cc0000,ffffff,UNC,7bafd4,13294b,https://raw.githubusercontent.com/sportsdataverse/wehoop-wbb-raw/main/wbb/json/final/401819570.json,2026-02-02T23:00Z,TRUE,,
401819570,2026-02-02T23:00Z,UNC,NC State,Away,W,61,59,https://a.espncdn.com/i/teamlogos/ncaa/500/153.png,https://a.espncdn.com/i/teamlogos/ncaa/500/152.png,25,99,2,2,,,TRUE,1,,STATUS_FINAL,2,FALSE,99,"[{'abbreviation': 'Game', 'name': 'overall', 'summary': '15-7', 'type': 'total'}
 {'abbreviation': None, 'name': 'Home', 'summary': '7-4', 'type': 'home'}
 {'abbreviation': None, 'name': 'Road', 'summary': '5-2', 'type': 'road'}
 {'abbreviation': None, 'name': 'vs. Conf.', 'summary': '8-3', 'type': 'vsconf'}]",2,TRUE,25,"[{'abbreviation': 'Game', 'name': 'overall', 'summary': '18-5', 'type': 'total'}
 {'abbreviation': None, 'name': 'Home', 'summary': '9-2', 'type': 'home'}
 {'abbreviation': None, 'name': 'Road', 'summary': '5-2', 'type': 'road'}
 {'abbreviation': None, 'name': 'vs. Conf.', 'summary': '7-3', 'type': 'vsconf'}]",2,ACC,UNC,NCSU,7bafd4,cc0000,13294b,ffffff,NCSU,cc0000,ffffff,UNC,7bafd4,13294b,https://raw.githubusercontent.com/sportsdataverse/wehoop-wbb-raw/main/wbb/json/final/401819570.json,2026-02-02T23:00Z,TRUE,,
401825314,2026-02-01T23:00Z,Ohio State,Nebraska,Home,W,90,71,https://a.espncdn.com/i/teamlogos/ncaa/500/194.png,https://a.espncdn.com/i/teamlogos/ncaa/500/158.png,11,99,7,7,,,TRUE,1,,STATUS_FINAL,7,TRUE,11,"[{'abbreviation': 'Game', 'name': 'overall', 'summary': '20-3', 'type': 'total'}
 {'abbreviation': None, 'name': 'Home', 'summary': '13-1', 'type': 'home'}
 {'abbreviation': None, 'name': 'Road', 'summary': '4-2', 'type': 'road'}
 {'abbreviation': None, 'name': 'vs. Conf.', 'summary': '9-2', 'type': 'vsconf'}]",7,FALSE,99,"[{'abbreviation': 'Game', 'name': 'overall', 'summary': '16-6', 'type': 'total'}
 {'abbreviation': None, 'name': 'Home', 'summary': '12-2', 'type': 'home'}
 {'abbreviation': None, 'name': 'Road', 'summary': '1-4', 'type': 'road'}
 {'abbreviation': None, 'name': 'vs. Conf.', 'summary': '5-6', 'type': 'vsconf'}]",7,Big Ten,OSU,NEB,ba0c2f,e31937,a8adb4,ffffff,OSU,ba0c2f,a8adb4,NEB,e31937,ffffff,https://raw.githubusercontent.com/sportsdataverse/wehoop-wbb-raw/main/wbb/json/final/401825314.json,2026-02-01T23:00Z,TRUE,,
401825314,2026-02-01T23:00Z,Nebraska,Ohio State,Away,L,71,90,https://a.espncdn.com/i/teamlogos/ncaa/500/158.png,https://a.espncdn.com/i/teamlogos/ncaa/500/194.png,99,11,7,7,,,TRUE,1,,STATUS_FINAL,7,TRUE,11,"[{'abbreviation': 'Game', 'name': 'overall', 'summary': '20-3', 'type': 'total'}
 {'abbreviation': None, 'name': 'Home', 'summary': '13-1', 'type': 'home'}
 {'abbreviation': None, 'name': 'Road', 'summary': '4-2', 'type': 'road'}
 {'abbreviation': None, 'name': 'vs. Conf.', 'summary': '9-2', 'type': 'vsconf'}]",7,FALSE,99,"[{'abbreviation': 'Game', 'name': 'overall', 'summary': '16-6', 'type': 'total'}
 {'abbreviation': None, 'name': 'Home', 'summary': '12-2', 'type': 'home'}
 {'abbreviation': None, 'name': 'Road', 'summary': '1-4', 'type': 'road'}
 {'abbreviation': None, 'name': 'vs. Conf.', 'summary': '5-6', 'type': 'vsconf'}]",7,Big Ten,NEB,OSU,e31937,ba0c2f,ffffff,a8adb4,OSU,ba0c2f,a8adb4,NEB,e31937,ffffff,https://raw.githubusercontent.com/sportsdataverse/wehoop-wbb-raw/main/wbb/json/final/401825314.json,2026-02-01T23:00Z,TRUE,,
401825311,2026-02-01T23:00Z,Illinois,Washington,Away,W,75,66,https://a.espncdn.com/i/teamlogos/ncaa/500/356.png,https://a.espncdn.com/i/teamlogos/ncaa/500/264.png,99,25,7,7,,,TRUE,1,,STATUS_FINAL,7,FALSE,25,"[{'abbreviation': 'Game', 'name': 'overall', 'summary': '17-5', 'type': 'total'}
 {'abbreviation': None, 'name': 'Home', 'summary': '12-2', 'type': 'home'}
 {'abbreviation': None, 'name': 'Road', 'summary': '5-3', 'type': 'road'}
 {'abbreviation': None, 'name': 'vs. Conf.', 'summary': '7-4', 'type': 'vsconf'}]",7,TRUE,99,"[{'abbreviation': 'Game', 'name': 'overall', 'summary': '16-6', 'type': 'total'}
 {'abbreviation': None, 'name': 'Home', 'summary': '11-2', 'type': 'home'}
 {'abbreviation': None, 'name': 'Road', 'summary': '5-4', 'type': 'road'}
 {'abbreviation': None, 'name': 'vs. Conf.', 'summary': '6-5', 'type': 'vsconf'}]",7,Big Ten,ILL,WASH,ff5f05,33006f,13294b,e8d3a2,WASH,33006f,e8d3a2,ILL,ff5f05,13294b,https://raw.githubusercontent.com/sportsdataverse/wehoop-wbb-raw/main/wbb/json/final/401825311.json,2026-02-01T23:00Z,TRUE,,
401825311,2026-02-01T23:00Z,Washington,Illinois,Home,L,66,75,https://a.espncdn.com/i/teamlogos/ncaa/500/264.png,https://a.espncdn.com/i/teamlogos/ncaa/500/356.png,25,99,7,7,,,TRUE,1,,STATUS_FINAL,7,FALSE,25,"[{'abbreviation': 'Game', 'name': 'overall', 'summary': '17-5', 'type': 'total'}
 {'abbreviation': None, 'name': 'Home', 'summary': '12-2', 'type': 'home'}
 {'abbreviation': None, 'name': 'Road', 'summary': '5-3', 'type': 'road'}
 {'abbreviation': None, 'name': 'vs. Conf.', 'summary': '7-4', 'type': 'vsconf'}]",7,TRUE,99,"[{'abbreviation': 'Game', 'name': 'overall', 'summary': '16-6', 'type': 'total'}
 {'abbreviation': None, 'name': 'Home', 'summary': '11-2', 'type': 'home'}
 {'abbreviation': None, 'name': 'Road', 'summary': '5-4', 'type': 'road'}
 {'abbreviation': None, 'name': 'vs. Conf.', 'summary': '6-5', 'type': 'vsconf'}]",7,Big Ten,WASH,ILL,33006f,ff5f05,e8d3a2,13294b,WASH,33006f,e8d3a2,ILL,ff5f05,13294b,https://raw.githubusercontent.com/sportsdataverse/wehoop-wbb-raw/main/wbb/json/final/401825311.json,2026-02-01T23:00Z,TRUE,,
401825317,2026-02-01T22:00Z,USC,Rutgers,Home,W,71,39,https://a.espncdn.com/i/teamlogos/ncaa/500/30.png,https://a.espncdn.com/i/teamlogos/ncaa/500/164.png,99,99,7,7,,,TRUE,1,,STATUS_FINAL,7,TRUE,99,"[{'abbreviation': 'Game', 'name': 'overall', 'summary': '13-9', 'type': 'total'}
 {'abbreviation': None, 'name': 'Home', 'summary': '10-3', 'type': 'home'}
 {'abbreviation': None, 'name': 'Road', 'summary': '1-5', 'type': 'road'}
 {'abbreviation': None, 'name': 'vs. Conf.', 'summary': '5-6', 'type': 'vsconf'}]",7,FALSE,99,"[{'abbreviation': 'Game', 'name': 'overall', 'summary': '9-13', 'type': 'total'}
 {'abbreviation': None, 'name': 'Home', 'summary': '8-7', 'type': 'home'}
 {'abbreviation': None, 'name': 'Road', 'summary': '1-6', 'type': 'road'}
 {'abbreviation': None, 'name': 'vs. Conf.', 'summary': '1-10', 'type': 'vsconf'}]",7,Big Ten,USC,RUTG,9d2235,ce0e2d,ffc72c,ffffff,USC,9d2235,ffc72c,RUTG,ce0e2d,ffffff,https://raw.githubusercontent.com/sportsdataverse/wehoop-wbb-raw/main/wbb/json/final/401825317.json,2026-02-01T22:00Z,TRUE,,
401807595,2026-02-01T21:00Z,Florida,Vanderbilt,Away,L,66,82,https://a.espncdn.com/i/teamlogos/ncaa/500/57.png,https://a.espncdn.com/i/teamlogos/ncaa/500/238.png,99,5,23,23,,,TRUE,1,Play4Kay,STATUS_FINAL,23,TRUE,5,"[{'abbreviation': 'Game', 'name': 'overall', 'summary': '21-2', 'type': 'total'}
 {'abbreviation': None, 'name': 'Home', 'summary': '12-0', 'type': 'home'}
 {'abbreviation': None, 'name': 'Road', 'summary': '5-1', 'type': 'road'}
 {'abbreviation': None, 'name': 'vs. Conf.', 'summary': '7-2', 'type': 'vsconf'}]",23,FALSE,99,"[{'abbreviation': 'Game', 'name': 'overall', 'summary': '13-11', 'type': 'total'}
 {'abbreviation': None, 'name': 'Home', 'summary': '10-4', 'type': 'home'}
 {'abbreviation': None, 'name': 'Road', 'summary': '1-7', 'type': 'road'}
 {'abbreviation': None, 'name': 'vs. Conf.', 'summary': '1-8', 'type': 'vsconf'}]",23,SEC,FLA,VAN,0021a5,0,fa4616,cfae70,VAN,0,cfae70,FLA,0021a5,fa4616,https://raw.githubusercontent.com/sportsdataverse/wehoop-wbb-raw/main/wbb/json/final/401807595.json,2026-02-01T21:00Z,TRUE,,
401819622,2026-02-01T21:00Z,Stanford,Notre Dame,Home,L,66,78,https://a.espncdn.com/i/teamlogos/ncaa/500/24.png,https://a.espncdn.com/i/teamlogos/ncaa/500/87.png,99,99,2,2,,,TRUE,1,,STATUS_FINAL,2,FALSE,99,"[{'abbreviation': 'Game', 'name': 'overall', 'summary': '15-8', 'type': 'total'}
 {'abbreviation': None, 'name': 'Home', 'summary': '9-4', 'type': 'home'}
 {'abbreviation': None, 'name': 'Road', 'summary': '4-3', 'type': 'road'}
 {'abbreviation': None, 'name': 'vs. Conf.', 'summary': '4-6', 'type': 'vsconf'}]",2,TRUE,99,"[{'abbreviation': 'Game', 'name': 'overall', 'summary': '14-8', 'type': 'total'}
 {'abbreviation': None, 'name': 'Home', 'summary': '11-2', 'type': 'home'}
 {'abbreviation': None, 'name': 'Road', 'summary': '3-5', 'type': 'road'}
 {'abbreviation': None, 'name': 'vs. Conf.', 'summary': '6-5', 'type': 'vsconf'}]",2,ACC,STAN,ND,8c1515,62340,ffffff,c99700,STAN,8c1515,ffffff,ND,62340,c99700,https://raw.githubusercontent.com/sportsdataverse/wehoop-wbb-raw/main/wbb/json/final/401819622.json,2026-02-01T21:00Z,TRUE,,
401807595,2026-02-01T21:00Z,Vanderbilt,Florida,Home,W,82,66,https://a.espncdn.com/i/teamlogos/ncaa/500/238.png,https://a.espncdn.com/i/teamlogos/ncaa/500/57.png,5,99,23,23,,,TRUE,1,Play4Kay,STATUS_FINAL,23,TRUE,5,"[{'abbreviation': 'Game', 'name': 'overall', 'summary': '21-2', 'type': 'total'}
 {'abbreviation': None, 'name': 'Home', 'summary': '12-0', 'type': 'home'}
 {'abbreviation': None, 'name': 'Road', 'summary': '5-1', 'type': 'road'}
 {'abbreviation': None, 'name': 'vs. Conf.', 'summary': '7-2', 'type': 'vsconf'}]",23,FALSE,99,"[{'abbreviation': 'Game', 'name': 'overall', 'summary': '13-11', 'type': 'total'}
 {'abbreviation': None, 'name': 'Home', 'summary': '10-4', 'type': 'home'}
 {'abbreviation': None, 'name': 'Road', 'summary': '1-7', 'type': 'road'}
 {'abbreviation': None, 'name': 'vs. Conf.', 'summary': '1-8', 'type': 'vsconf'}]",23,SEC,VAN,FLA,0,0021a5,cfae70,fa4616,VAN,0,cfae70,FLA,0021a5,fa4616,https://raw.githubusercontent.com/sportsdataverse/wehoop-wbb-raw/main/wbb/json/final/401807595.json,2026-02-01T21:00Z,TRUE,,
401825312,2026-02-01T21:00Z,UCLA,Iowa,Home,W,88,65,https://a.espncdn.com/i/teamlogos/ncaa/500/26.png,https://a.espncdn.com/i/teamlogos/ncaa/500/2294.png,2,8,7,7,,,TRUE,1,,STATUS_FINAL,7,TRUE,2,"[{'abbreviation': 'Game', 'name': 'overall', 'summary': '21-1', 'type': 'total'}
 {'abbreviation': None, 'name': 'Home', 'summary': '10-0', 'type': 'home'}
 {'abbreviation': None, 'name': 'Road', 'summary': '6-0', 'type': 'road'}
 {'abbreviation': None, 'name': 'vs. Conf.', 'summary': '11-0', 'type': 'vsconf'}]",7,FALSE,8,"[{'abbreviation': 'Game', 'name': 'overall', 'summary': '18-4', 'type': 'total'}
 {'abbreviation': None, 'name': 'Home', 'summary': '11-0', 'type': 'home'}
 {'abbreviation': None, 'name': 'Road', 'summary': '5-3', 'type': 'road'}
 {'abbreviation': None, 'name': 'vs. Conf.', 'summary': '9-2', 'type': 'vsconf'}]",7,Big Ten,UCLA,IOWA,2774ae,231f20,f2a900,fcd116,UCLA,2774ae,f2a900,IOWA,231f20,fcd116,https://raw.githubusercontent.com/sportsdataverse/wehoop-wbb-raw/main/wbb/json/final/401825312.json,2026-02-01T21:00Z,TRUE,,
401819595,2026-02-01T21:00Z,Clemson,Florida State,Home,W,77,58,https://a.espncdn.com/i/teamlogos/ncaa/500/228.png,https://a.espncdn.com/i/teamlogos/ncaa/500/52.png,99,99,2,2,,,TRUE,1,Play4Kay,STATUS_FINAL,2,TRUE,99,"[{'abbreviation': 'Game', 'name': 'overall', 'summary': '16-7', 'type': 'total'}
 {'abbreviation': None, 'name': 'Home', 'summary': '9-1', 'type': 'home'}
 {'abbreviation': None, 'name': 'Road', 'summary': '6-5', 'type': 'road'}
 {'abbreviation': None, 'name': 'vs. Conf.', 'summary': '7-4', 'type': 'vsconf'}]",2,FALSE,99,"[{'abbreviation': 'Game', 'name': 'overall', 'summary': '7-15', 'type': 'total'}
 {'abbreviation': None, 'name': 'Home', 'summary': '4-9', 'type': 'home'}
 {'abbreviation': None, 'name': 'Road', 'summary': '2-5', 'type': 'road'}
 {'abbreviation': None, 'name': 'vs. Conf.', 'summary': '2-8', 'type': 'vsconf'}]",2,ACC,CLEM,FSU,f56600,782f40,ffffff,ceb888,CLEM,f56600,ffffff,FSU,782f40,ceb888,https://raw.githubusercontent.com/sportsdataverse/wehoop-wbb-raw/main/wbb/json/final/401819595.json,2026-02-01T21:00Z,TRUE,,
401825312,2026-02-01T21:00Z,Iowa,UCLA,Away,L,65,88,https://a.espncdn.com/i/teamlogos/ncaa/500/2294.png,https://a.espncdn.com/i/teamlogos/ncaa/500/26.png,8,2,7,7,,,TRUE,1,,STATUS_FINAL,7,TRUE,2,"[{'abbreviation': 'Game', 'name': 'overall', 'summary': '21-1', 'type': 'total'}
 {'abbreviation': None, 'name': 'Home', 'summary': '10-0', 'type': 'home'}
 {'abbreviation': None, 'name': 'Road', 'summary': '6-0', 'type': 'road'}
 {'abbreviation': None, 'name': 'vs. Conf.', 'summary': '11-0', 'type': 'vsconf'}]",7,FALSE,8,"[{'abbreviation': 'Game', 'name': 'overall', 'summary': '18-4', 'type': 'total'}
 {'abbreviation': None, 'name': 'Home', 'summary': '11-0', 'type': 'home'}
 {'abbreviation': None, 'name': 'Road', 'summary': '5-3', 'type': 'road'}
 {'abbreviation': None, 'name': 'vs. Conf.', 'summary': '9-2', 'type': 'vsconf'}]",7,Big Ten,IOWA,UCLA,231f20,2774ae,fcd116,f2a900,UCLA,2774ae,f2a900,IOWA,231f20,fcd116,https://raw.githubusercontent.com/sportsdataverse/wehoop-wbb-raw/main/wbb/json/final/401825312.json,2026-02-01T21:00Z,TRUE,,
401827365,2026-02-01T21:00Z,Oklahoma State,Arizona,Away,W,88,69,https://a.espncdn.com/i/teamlogos/ncaa/500/197.png,https://a.espncdn.com/i/teamlogos/ncaa/500/12.png,99,99,8,8,,,TRUE,1,,STATUS_FINAL,8,FALSE,99,"[{'abbreviation': 'Game', 'name': 'overall', 'summary': '10-11', 'type': 'total'}
 {'abbreviation': None, 'name': 'Home', 'summary': '10-6', 'type': 'home'}
 {'abbreviation': None, 'name': 'Road', 'summary': '0-5', 'type': 'road'}
 {'abbreviation': None, 'name': 'vs. Conf.', 'summary': '1-9', 'type': 'vsconf'}]",8,TRUE,99,"[{'abbreviation': 'Game', 'name': 'overall', 'summary': '18-5', 'type': 'total'}
 {'abbreviation': None, 'name': 'Home', 'summary': '12-1', 'type': 'home'}
 {'abbreviation': None, 'name': 'Road', 'summary': '4-3', 'type': 'road'}
 {'abbreviation': None, 'name': 'vs. Conf.', 'summary': '7-3', 'type': 'vsconf'}]",8,Big 12,OKST,ARIZ,fe5c00,cc0033,0,3366,ARIZ,cc0033,3366,OKST,fe5c00,0,https://raw.githubusercontent.com/sportsdataverse/wehoop-wbb-raw/main/wbb/json/final/401827365.json,2026-02-01T21:00Z,TRUE,,
401819622,2026-02-01T21:00Z,Notre Dame,Stanford,Away,W,78,66,https://a.espncdn.com/i/teamlogos/ncaa/500/87.png,https://a.espncdn.com/i/teamlogos/ncaa/500/24.png,99,99,2,2,,,TRUE,1,,STATUS_FINAL,2,FALSE,99,"[{'abbreviation': 'Game', 'name': 'overall', 'summary': '15-8', 'type': 'total'}
 {'abbreviation': None, 'name': 'Home', 'summary': '9-4', 'type': 'home'}
 {'abbreviation': None, 'name': 'Road', 'summary': '4-3', 'type': 'road'}
 {'abbreviation': None, 'name': 'vs. Conf.', 'summary': '4-6', 'type': 'vsconf'}]",2,TRUE,99,"[{'abbreviation': 'Game', 'name': 'overall', 'summary': '14-8', 'type': 'total'}
 {'abbreviation': None, 'name': 'Home', 'summary': '11-2', 'type': 'home'}
 {'abbreviation': None, 'name': 'Road', 'summary': '3-5', 'type': 'road'}
 {'abbreviation': None, 'name': 'vs. Conf.', 'summary': '6-5', 'type': 'vsconf'}]",2,ACC,ND,STAN,62340,8c1515,c99700,ffffff,STAN,8c1515,ffffff,ND,62340,c99700,https://raw.githubusercontent.com/sportsdataverse/wehoop-wbb-raw/main/wbb/json/final/401819622.json,2026-02-01T21:00Z,TRUE,,
401825316,2026-02-01T20:00Z,Minnesota,Purdue,Home,W,88,55,https://a.espncdn.com/i/teamlogos/ncaa/500/135.png,https://a.espncdn.com/i/teamlogos/ncaa/500/2509.png,99,99,7,7,,,TRUE,1,,STATUS_FINAL,7,TRUE,99,"[{'abbreviation': 'Game', 'name': 'overall', 'summary': '16-6', 'type': 'total'}
 {'abbreviation': None, 'name': 'Home', 'summary': '11-2', 'type': 'home'}
 {'abbreviation': None, 'name': 'Road', 'summary': '4-3', 'type': 'road'}
 {'abbreviation': None, 'name': 'vs. Conf.', 'summary': '7-4', 'type': 'vsconf'}]",7,FALSE,99,"[{'abbreviation': 'Game', 'name': 'overall', 'summary': '11-11', 'type': 'total'}
 {'abbreviation': None, 'name': 'Home', 'summary': '10-3', 'type': 'home'}
 {'abbreviation': None, 'name': 'Road', 'summary': '1-8', 'type': 'road'}
 {'abbreviation': None, 'name': 'vs. Conf.', 'summary': '3-8', 'type': 'vsconf'}]",7,Big Ten,MINN,PUR,5e0a2f,ceb888,fab41c,0,MINN,5e0a2f,fab41c,PUR,ceb888,0,https://raw.githubusercontent.com/sportsdataverse/wehoop-wbb-raw/main/wbb/json/final/401825316.json,2026-02-01T20:00Z,TRUE,,
401807596,2026-02-01T20:00Z,Mississippi State,Missouri,Home,L,80,88,https://a.espncdn.com/i/teamlogos/ncaa/500/344.png,https://a.espncdn.com/i/teamlogos/ncaa/500/142.png,99,99,23,23,,,TRUE,1,,STATUS_FINAL,23,FALSE,99,"[{'abbreviation': 'Game', 'name': 'overall', 'summary': '16-7', 'type': 'total'}
 {'abbreviation': None, 'name': 'Home', 'summary': '13-3', 'type': 'home'}
 {'abbreviation': None, 'name': 'Road', 'summary': '2-4', 'type': 'road'}
 {'abbreviation': None, 'name': 'vs. Conf.', 'summary': '3-6', 'type': 'vsconf'}]",23,TRUE,99,"[{'abbreviation': 'Game', 'name': 'overall', 'summary': '15-9', 'type': 'total'}
 {'abbreviation': None, 'name': 'Home', 'summary': '9-5', 'type': 'home'}
 {'abbreviation': None, 'name': 'Road', 'summary': '3-3', 'type': 'road'}
 {'abbreviation': None, 'name': 'vs. Conf.', 'summary': '3-6', 'type': 'vsconf'}]",23,SEC,MSST,MIZ,5d1725,f1b82d,c1c6c8,0,MSST,5d1725,c1c6c8,MIZ,f1b82d,0,https://raw.githubusercontent.com/sportsdataverse/wehoop-wbb-raw/main/wbb/json/final/401807596.json,2026-02-01T20:00Z,TRUE,,
401807597,2026-02-01T20:00Z,Texas,Oklahoma,Home,W,78,70,https://a.espncdn.com/i/teamlogos/ncaa/500/251.png,https://a.espncdn.com/i/teamlogos/ncaa/500/201.png,4,10,23,23,,,TRUE,1,,STATUS_FINAL,23,TRUE,4,"[{'abbreviation': 'Game', 'name': 'overall', 'summary': '21-2', 'type': 'total'}
 {'abbreviation': None, 'name': 'Home', 'summary': '14-0', 'type': 'home'}
 {'abbreviation': None, 'name': 'Road', 'summary': '4-2', 'type': 'road'}
 {'abbreviation': None, 'name': 'vs. Conf.', 'summary': '6-2', 'type': 'vsconf'}]",23,FALSE,10,"[{'abbreviation': 'Game', 'name': 'overall', 'summary': '17-5', 'type': 'total'}
 {'abbreviation': None, 'name': 'Home', 'summary': '11-2', 'type': 'home'}
 {'abbreviation': None, 'name': 'Road', 'summary': '3-2', 'type': 'road'}
 {'abbreviation': None, 'name': 'vs. Conf.', 'summary': '5-4', 'type': 'vsconf'}]",23,SEC,TEX,OU,af5c37,990000,ffffff,ffffff,TEX,af5c37,ffffff,OU,990000,ffffff,https://raw.githubusercontent.com/sportsdataverse/wehoop-wbb-raw/main/wbb/json/final/401807597.json,2026-02-01T20:00Z,TRUE,,
401827368,2026-02-01T20:00Z,Colorado,Kansas,Away,W,69,66,https://a.espncdn.com/i/teamlogos/ncaa/500/38.png,https://a.espncdn.com/i/teamlogos/ncaa/500/2305.png,99,99,8,8,,,TRUE,1,,STATUS_FINAL,8,FALSE,99,"[{'abbreviation': 'Game', 'name': 'overall', 'summary': '13-10', 'type': 'total'}
 {'abbreviation': None, 'name': 'Home', 'summary': '8-4', 'type': 'home'}
 {'abbreviation': None, 'name': 'Road', 'summary': '4-4', 'type': 'road'}
 {'abbreviation': None, 'name': 'vs. Conf.', 'summary': '3-8', 'type': 'vsconf'}]",8,TRUE,99,"[{'abbreviation': 'Game', 'name': 'overall', 'summary': '15-7', 'type': 'total'}
 {'abbreviation': None, 'name': 'Home', 'summary': '11-1', 'type': 'home'}
 {'abbreviation': None, 'name': 'Road', 'summary': '2-5', 'type': 'road'}
 {'abbreviation': None, 'name': 'vs. Conf.', 'summary': '6-4', 'type': 'vsconf'}]",8,Big 12,COLO,KU,cfb87c,0051ba,0,e8000d,KU,0051ba,e8000d,COLO,cfb87c,0,https://raw.githubusercontent.com/sportsdataverse/wehoop-wbb-raw/main/wbb/json/final/401827368.json,2026-02-01T20:00Z,TRUE,,
401807597,2026-02-01T20:00Z,Oklahoma,Texas,Away,L,70,78,https://a.espncdn.com/i/teamlogos/ncaa/500/201.png,https://a.espncdn.com/i/teamlogos/ncaa/500/251.png,10,4,23,23,,,TRUE,1,,STATUS_FINAL,23,TRUE,4,"[{'abbreviation': 'Game', 'name': 'overall', 'summary': '21-2', 'type': 'total'}
 {'abbreviation': None, 'name': 'Home', 'summary': '14-0', 'type': 'home'}
 {'abbreviation': None, 'name': 'Road', 'summary': '4-2', 'type': 'road'}
 {'abbreviation': None, 'name': 'vs. Conf.', 'summary': '6-2', 'type': 'vsconf'}]",23,FALSE,10,"[{'abbreviation': 'Game', 'name': 'overall', 'summary': '17-5', 'type': 'total'}
 {'abbreviation': None, 'name': 'Home', 'summary': '11-2', 'type': 'home'}
 {'abbreviation': None, 'name': 'Road', 'summary': '3-2', 'type': 'road'}
 {'abbreviation': None, 'name': 'vs. Conf.', 'summary': '5-4', 'type': 'vsconf'}]",23,SEC,OU,TEX,990000,af5c37,ffffff,ffffff,TEX,af5c37,ffffff,OU,990000,ffffff,https://raw.githubusercontent.com/sportsdataverse/wehoop-wbb-raw/main/wbb/json/final/401807597.json,2026-02-01T20:00Z,TRUE,,
401819693,2026-02-01T19:00Z,Syracuse,Miami (FL),Away,W,65,60,https://a.espncdn.com/i/teamlogos/ncaa/500/183.png,https://a.espncdn.com/i/teamlogos/ncaa/500/2390.png,99,99,2,2,,,TRUE,1,,STATUS_FINAL,2,FALSE,99,"[{'abbreviation': 'Game', 'name': 'overall', 'summary': '12-10', 'type': 'total'}
 {'abbreviation': None, 'name': 'Home', 'summary': '7-6', 'type': 'home'}
 {'abbreviation': None, 'name': 'Road', 'summary': '3-2', 'type': 'road'}
 {'abbreviation': None, 'name': 'vs. Conf.', 'summary': '4-7', 'type': 'vsconf'}]",2,TRUE,99,"[{'abbreviation': 'Game', 'name': 'overall', 'summary': '18-4', 'type': 'total'}
 {'abbreviation': None, 'name': 'Home', 'summary': '13-2', 'type': 'home'}
 {'abbreviation': None, 'name': 'Road', 'summary': '4-1', 'type': 'road'}
 {'abbreviation': None, 'name': 'vs. Conf.', 'summary': '8-3', 'type': 'vsconf'}]",2,ACC,SYR,MIA,0.00E+00,f47423,ff431b,35131,MIA,f47423,35131,SYR,0.00E+00,ff431b,https://raw.githubusercontent.com/sportsdataverse/wehoop-wbb-raw/main/wbb/json/final/401819693.json,2026-02-01T19:00Z,TRUE,,
401819692,2026-02-01T19:00Z,Louisville,California,Away,W,71,59,https://a.espncdn.com/i/teamlogos/ncaa/500/97.png,https://a.espncdn.com/i/teamlogos/ncaa/500/25.png,7,99,2,2,,,TRUE,1,,STATUS_FINAL,2,FALSE,99,"[{'abbreviation': 'Game', 'name': 'overall', 'summary': '13-10', 'type': 'total'}
 {'abbreviation': None, 'name': 'Home', 'summary': '11-2', 'type': 'home'}
 {'abbreviation': None, 'name': 'Road', 'summary': '1-5', 'type': 'road'}
 {'abbreviation': None, 'name': 'vs. Conf.', 'summary': '4-6', 'type': 'vsconf'}]",2,TRUE,7,"[{'abbreviation': 'Game', 'name': 'overall', 'summary': '21-3', 'type': 'total'}
 {'abbreviation': None, 'name': 'Home', 'summary': '12-2', 'type': 'home'}
 {'abbreviation': None, 'name': 'Road', 'summary': '7-0', 'type': 'road'}
 {'abbreviation': None, 'name': 'vs. Conf.', 'summary': '11-0', 'type': 'vsconf'}]",2,ACC,LOU,CAL,c9001f,4.10E+43,ffffff,ffc72c,CAL,4.10E+43,ffc72c,LOU,c9001f,ffffff,https://raw.githubusercontent.com/sportsdataverse/wehoop-wbb-raw/main/wbb/json/final/401819692.json,2026-02-01T19:00Z,TRUE,,
401827369,2026-02-01T19:00Z,TCU,Texas Tech,Away,L,60,62,https://a.espncdn.com/i/teamlogos/ncaa/500/2628.png,https://a.espncdn.com/i/teamlogos/ncaa/500/2641.png,12,21,8,8,,,TRUE,1,,STATUS_FINAL,8,TRUE,21,"[{'abbreviation': 'Game', 'name': 'overall', 'summary': '21-3', 'type': 'total'}
 {'abbreviation': None, 'name': 'Home', 'summary': '12-2', 'type': 'home'}
 {'abbreviation': None, 'name': 'Road', 'summary': '6-1', 'type': 'road'}
 {'abbreviation': None, 'name': 'vs. Conf.', 'summary': '8-3', 'type': 'vsconf'}]",8,FALSE,12,"[{'abbreviation': 'Game', 'name': 'overall', 'summary': '20-3', 'type': 'total'}
 {'abbreviation': None, 'name': 'Home', 'summary': '14-0', 'type': 'home'}
 {'abbreviation': None, 'name': 'Road', 'summary': '4-2', 'type': 'road'}
 {'abbreviation': None, 'name': 'vs. Conf.', 'summary': '8-2', 'type': 'vsconf'}]",8,Big 12,TCU,TTU,4d1979,da291c,ffffff,0,TTU,da291c,0,TCU,4d1979,ffffff,https://raw.githubusercontent.com/sportsdataverse/wehoop-wbb-raw/main/wbb/json/final/401827369.json,2026-02-01T19:00Z,TRUE,,
401819694,2026-02-01T19:00Z,Virginia Tech,Virginia,Home,W,76,64,https://a.espncdn.com/i/teamlogos/ncaa/500/259.png,https://a.espncdn.com/i/teamlogos/ncaa/500/258.png,99,99,2,2,,,TRUE,1,,STATUS_FINAL,2,TRUE,99,"[{'abbreviation': 'Game', 'name': 'overall', 'summary': '18-5', 'type': 'total'}
 {'abbreviation': None, 'name': 'Home', 'summary': '13-2', 'type': 'home'}
 {'abbreviation': None, 'name': 'Road', 'summary': '4-2', 'type': 'road'}
 {'abbreviation': None, 'name': 'vs. Conf.', 'summary': '8-3', 'type': 'vsconf'}]",2,FALSE,99,"[{'abbreviation': 'Game', 'name': 'overall', 'summary': '15-7', 'type': 'total'}
 {'abbreviation': None, 'name': 'Home', 'summary': '10-3', 'type': 'home'}
 {'abbreviation': None, 'name': 'Road', 'summary': '4-3', 'type': 'road'}
 {'abbreviation': None, 'name': 'vs. Conf.', 'summary': '7-4', 'type': 'vsconf'}]",2,ACC,VT,UVA,6a2c3e,f84c1e,cf4520,232d4b,VT,6a2c3e,cf4520,UVA,f84c1e,232d4b,https://raw.githubusercontent.com/sportsdataverse/wehoop-wbb-raw/main/wbb/json/final/401819694.json,2026-02-01T19:00Z,TRUE,,
401827369,2026-02-01T19:00Z,Texas Tech,TCU,Home,W,62,60,https://a.espncdn.com/i/teamlogos/ncaa/500/2641.png,https://a.espncdn.com/i/teamlogos/ncaa/500/2628.png,21,12,8,8,,,TRUE,1,,STATUS_FINAL,8,TRUE,21,"[{'abbreviation': 'Game', 'name': 'overall', 'summary': '21-3', 'type': 'total'}
 {'abbreviation': None, 'name': 'Home', 'summary': '12-2', 'type': 'home'}
 {'abbreviation': None, 'name': 'Road', 'summary': '6-1', 'type': 'road'}
 {'abbreviation': None, 'name': 'vs. Conf.', 'summary': '8-3', 'type': 'vsconf'}]",8,FALSE,12,"[{'abbreviation': 'Game', 'name': 'overall', 'summary': '20-3', 'type': 'total'}
 {'abbreviation': None, 'name': 'Home', 'summary': '14-0', 'type': 'home'}
 {'abbreviation': None, 'name': 'Road', 'summary': '4-2', 'type': 'road'}
 {'abbreviation': None, 'name': 'vs. Conf.', 'summary': '8-2', 'type': 'vsconf'}]",8,Big 12,TTU,TCU,da291c,4d1979,0,ffffff,TTU,da291c,0,TCU,4d1979,ffffff,https://raw.githubusercontent.com/sportsdataverse/wehoop-wbb-raw/main/wbb/json/final/401827369.json,2026-02-01T19:00Z,TRUE,,
401807598,2026-02-01T19:00Z,Kentucky,Arkansas,Away,W,93,73,https://a.espncdn.com/i/teamlogos/ncaa/500/96.png,https://a.espncdn.com/i/teamlogos/ncaa/500/8.png,18,99,23,23,,,TRUE,1,Play4Kay,STATUS_FINAL,23,FALSE,99,"[{'abbreviation': 'Game', 'name': 'overall', 'summary': '11-12', 'type': 'total'}
 {'abbreviation': None, 'name': 'Home', 'summary': '8-6', 'type': 'home'}
 {'abbreviation': None, 'name': 'Road', 'summary': '1-6', 'type': 'road'}
 {'abbreviation': None, 'name': 'vs. Conf.', 'summary': '0-8', 'type': 'vsconf'}]",23,TRUE,18,"[{'abbreviation': 'Game', 'name': 'overall', 'summary': '18-5', 'type': 'total'}
 {'abbreviation': None, 'name': 'Home', 'summary': '10-1', 'type': 'home'}
 {'abbreviation': None, 'name': 'Road', 'summary': '7-3', 'type': 'road'}
 {'abbreviation': None, 'name': 'vs. Conf.', 'summary': '5-4', 'type': 'vsconf'}]",23,SEC,UK,ARK,0033a0,a32136,ffffff,ffffff,ARK,a32136,ffffff,UK,0033a0,ffffff,https://raw.githubusercontent.com/sportsdataverse/wehoop-wbb-raw/main/wbb/json/final/401807598.json,2026-02-01T19:00Z,TRUE,,
401819694,2026-02-01T19:00Z,Virginia,Virginia Tech,Away,L,64,76,https://a.espncdn.com/i/teamlogos/ncaa/500/258.png,https://a.espncdn.com/i/teamlogos/ncaa/500/259.png,99,99,2,2,,,TRUE,1,,STATUS_FINAL,2,TRUE,99,"[{'abbreviation': 'Game', 'name': 'overall', 'summary': '18-5', 'type': 'total'}
 {'abbreviation': None, 'name': 'Home', 'summary': '13-2', 'type': 'home'}
 {'abbreviation': None, 'name': 'Road', 'summary': '4-2', 'type': 'road'}
 {'abbreviation': None, 'name': 'vs. Conf.', 'summary': '8-3', 'type': 'vsconf'}]",2,FALSE,99,"[{'abbreviation': 'Game', 'name': 'overall', 'summary': '15-7', 'type': 'total'}
 {'abbreviation': None, 'name': 'Home', 'summary': '10-3', 'type': 'home'}
 {'abbreviation': None, 'name': 'Road', 'summary': '4-3', 'type': 'road'}
 {'abbreviation': None, 'name': 'vs. Conf.', 'summary': '7-4', 'type': 'vsconf'}]",2,ACC,UVA,VT,f84c1e,6a2c3e,232d4b,cf4520,VT,6a2c3e,cf4520,UVA,f84c1e,232d4b,https://raw.githubusercontent.com/sportsdataverse/wehoop-wbb-raw/main/wbb/json/final/401819694.json,2026-02-01T19:00Z,TRUE,,
401827370,2026-02-01T18:00Z,West Virginia,Baylor,Home,W,70,60,https://a.espncdn.com/i/teamlogos/ncaa/500/277.png,https://a.espncdn.com/i/teamlogos/ncaa/500/239.png,22,14,8,8,,,TRUE,1,,STATUS_FINAL,8,TRUE,22,"[{'abbreviation': 'Game', 'name': 'overall', 'summary': '18-5', 'type': 'total'}
 {'abbreviation': None, 'name': 'Home', 'summary': '10-3', 'type': 'home'}
 {'abbreviation': None, 'name': 'Road', 'summary': '6-1', 'type': 'road'}
 {'abbreviation': None, 'name': 'vs. Conf.', 'summary': '8-3', 'type': 'vsconf'}]",8,FALSE,14,"[{'abbreviation': 'Game', 'name': 'overall', 'summary': '19-4', 'type': 'total'}
 {'abbreviation': None, 'name': 'Home', 'summary': '12-1', 'type': 'home'}
 {'abbreviation': None, 'name': 'Road', 'summary': '5-1', 'type': 'road'}
 {'abbreviation': None, 'name': 'vs. Conf.', 'summary': '8-2', 'type': 'vsconf'}]",8,Big 12,WVU,BAY,eaaa00,154734,2855,ffb81c,WVU,eaaa00,2855,BAY,154734,ffb81c,https://raw.githubusercontent.com/sportsdataverse/wehoop-wbb-raw/main/wbb/json/final/401827370.json,2026-02-01T18:00Z,TRUE,,
401827370,2026-02-01T18:00Z,Baylor,West Virginia,Away,L,60,70,https://a.espncdn.com/i/teamlogos/ncaa/500/239.png,https://a.espncdn.com/i/teamlogos/ncaa/500/277.png,14,22,8,8,,,TRUE,1,,STATUS_FINAL,8,TRUE,22,"[{'abbreviation': 'Game', 'name': 'overall', 'summary': '18-5', 'type': 'total'}
 {'abbreviation': None, 'name': 'Home', 'summary': '10-3', 'type': 'home'}
 {'abbreviation': None, 'name': 'Road', 'summary': '6-1', 'type': 'road'}
 {'abbreviation': None, 'name': 'vs. Conf.', 'summary': '8-3', 'type': 'vsconf'}]",8,FALSE,14,"[{'abbreviation': 'Game', 'name': 'overall', 'summary': '19-4', 'type': 'total'}
 {'abbreviation': None, 'name': 'Home', 'summary': '12-1', 'type': 'home'}
 {'abbreviation': None, 'name': 'Road', 'summary': '5-1', 'type': 'road'}
 {'abbreviation': None, 'name': 'vs. Conf.', 'summary': '8-2', 'type': 'vsconf'}]",8,Big 12,BAY,WVU,154734,eaaa00,ffb81c,2855,WVU,eaaa00,2855,BAY,154734,ffb81c,https://raw.githubusercontent.com/sportsdataverse/wehoop-wbb-raw/main/wbb/json/final/401827370.json,2026-02-01T18:00Z,TRUE,,
401817391,2026-02-01T17:00Z,Tennessee,UConn,Away,L,66,96,https://a.espncdn.com/i/teamlogos/ncaa/500/2633_ncw.png,https://a.espncdn.com/i/teamlogos/ncaa/500/41.png,15,1,23,4,,,FALSE,1,,STATUS_FINAL,4,TRUE,1,"[{'abbreviation': 'Game', 'name': 'overall', 'summary': '23-0', 'type': 'total'}
 {'abbreviation': None, 'name': 'Home', 'summary': '11-0', 'type': 'home'}
 {'abbreviation': None, 'name': 'Road', 'summary': '8-0', 'type': 'road'}
 {'abbreviation': None, 'name': 'vs. Conf.', 'summary': '12-0', 'type': 'vsconf'}]",23,FALSE,15,"[{'abbreviation': 'Game', 'name': 'overall', 'summary': '14-5', 'type': 'total'}
 {'abbreviation': None, 'name': 'Home', 'summary': '8-1', 'type': 'home'}
 {'abbreviation': None, 'name': 'Road', 'summary': '6-2', 'type': 'road'}
 {'abbreviation': None, 'name': 'vs. Conf.', 'summary': '6-1', 'type': 'vsconf'}]",,,TENN,CONN,ff8200,0c2340,ffffff,a2aaad,CONN,0c2340,a2aaad,TENN,ff8200,ffffff,https://raw.githubusercontent.com/sportsdataverse/wehoop-wbb-raw/main/wbb/json/final/401817391.json,2026-02-01T17:00Z,TRUE,,
401829111,2026-02-01T17:00Z,Richmond,VCU,Away,W,77,65,https://a.espncdn.com/i/teamlogos/ncaa/500/257.png,https://a.espncdn.com/i/teamlogos/ncaa/500/2670.png,99,99,3,3,,,TRUE,1,,STATUS_FINAL,3,FALSE,99,"[{'abbreviation': 'Game', 'name': 'overall', 'summary': '8-15', 'type': 'total'}
 {'abbreviation': None, 'name': 'Home', 'summary': '7-3', 'type': 'home'}
 {'abbreviation': None, 'name': 'Road', 'summary': '1-6', 'type': 'road'}
 {'abbreviation': None, 'name': 'vs. Conf.', 'summary': '4-7', 'type': 'vsconf'}]",3,TRUE,99,"[{'abbreviation': 'Game', 'name': 'overall', 'summary': '18-4', 'type': 'total'}
 {'abbreviation': None, 'name': 'Home', 'summary': '9-1', 'type': 'home'}
 {'abbreviation': None, 'name': 'Road', 'summary': '6-2', 'type': 'road'}
 {'abbreviation': None, 'name': 'vs. Conf.', 'summary': '8-1', 'type': 'vsconf'}]",3,A-10,RICH,VCU,9e0712,ffaf00,b90b2e,0,VCU,ffaf00,0,RICH,9e0712,b90b2e,https://raw.githubusercontent.com/sportsdataverse/wehoop-wbb-raw/main/wbb/json/final/401829111.json,2026-02-01T17:00Z,TRUE,,
401807593,2026-02-01T17:00Z,LSU,Alabama,Home,W,103,63,https://a.espncdn.com/i/teamlogos/ncaa/500/99.png,https://a.espncdn.com/i/teamlogos/ncaa/500/333.png,6,24,23,23,,,TRUE,1,Play4Kay,STATUS_FINAL,23,TRUE,6,"[{'abbreviation': 'Game', 'name': 'overall', 'summary': '21-2', 'type': 'total'}
 {'abbreviation': None, 'name': 'Home', 'summary': '11-1', 'type': 'home'}
 {'abbreviation': None, 'name': 'Road', 'summary': '7-1', 'type': 'road'}
 {'abbreviation': None, 'name': 'vs. Conf.', 'summary': '7-2', 'type': 'vsconf'}]",23,FALSE,24,"[{'abbreviation': 'Game', 'name': 'overall', 'summary': '19-4', 'type': 'total'}
 {'abbreviation': None, 'name': 'Home', 'summary': '15-1', 'type': 'home'}
 {'abbreviation': None, 'name': 'Road', 'summary': '2-3', 'type': 'road'}
 {'abbreviation': None, 'name': 'vs. Conf.', 'summary': '5-4', 'type': 'vsconf'}]",23,SEC,LSU,ALA,461d76,9e1b32,fdd023,ffffff,LSU,461d76,fdd023,ALA,9e1b32,ffffff,https://raw.githubusercontent.com/sportsdataverse/wehoop-wbb-raw/main/wbb/json/final/401807593.json,2026-02-01T17:00Z,TRUE,,
401825313,2026-02-01T17:00Z,Michigan State,Michigan,Home,L,91,94,https://a.espncdn.com/i/teamlogos/ncaa/500/127.png,https://a.espncdn.com/i/teamlogos/ncaa/500/130.png,13,9,7,7,,,TRUE,1,,STATUS_FINAL,7,FALSE,13,"[{'abbreviation': 'Game', 'name': 'overall', 'summary': '19-3', 'type': 'total'}
 {'abbreviation': None, 'name': 'Home', 'summary': '10-1', 'type': 'home'}
 {'abbreviation': None, 'name': 'Road', 'summary': '5-2', 'type': 'road'}
 {'abbreviation': None, 'name': 'vs. Conf.', 'summary': '8-3', 'type': 'vsconf'}]",7,TRUE,9,"[{'abbreviation': 'Game', 'name': 'overall', 'summary': '19-3', 'type': 'total'}
 {'abbreviation': None, 'name': 'Home', 'summary': '11-0', 'type': 'home'}
 {'abbreviation': None, 'name': 'Road', 'summary': '6-1', 'type': 'road'}
 {'abbreviation': None, 'name': 'vs. Conf.', 'summary': '10-1', 'type': 'vsconf'}]",7,Big Ten,MSU,MICH,173f35,00274c,ffffff,ffcb05,MSU,173f35,ffffff,MICH,00274c,ffcb05,https://raw.githubusercontent.com/sportsdataverse/wehoop-wbb-raw/main/wbb/json/final/401825313.json,2026-02-01T17:00Z,TRUE,,
401817391,2026-02-01T17:00Z,UConn,Tennessee,Home,W,96,66,https://a.espncdn.com/i/teamlogos/ncaa/500/41.png,https://a.espncdn.com/i/teamlogos/ncaa/500/2633_ncw.png,1,15,4,23,,,FALSE,1,,STATUS_FINAL,4,TRUE,1,"[{'abbreviation': 'Game', 'name': 'overall', 'summary': '23-0', 'type': 'total'}
 {'abbreviation': None, 'name': 'Home', 'summary': '11-0', 'type': 'home'}
 {'abbreviation': None, 'name': 'Road', 'summary': '8-0', 'type': 'road'}
 {'abbreviation': None, 'name': 'vs. Conf.', 'summary': '12-0', 'type': 'vsconf'}]",23,FALSE,15,"[{'abbreviation': 'Game', 'name': 'overall', 'summary': '14-5', 'type': 'total'}
 {'abbreviation': None, 'name': 'Home', 'summary': '8-1', 'type': 'home'}
 {'abbreviation': None, 'name': 'Road', 'summary': '6-2', 'type': 'road'}
 {'abbreviation': None, 'name': 'vs. Conf.', 'summary': '6-1', 'type': 'vsconf'}]",,,CONN,TENN,0c2340,ff8200,a2aaad,ffffff,CONN,0c2340,a2aaad,TENN,ff8200,ffffff,https://raw.githubusercontent.com/sportsdataverse/wehoop-wbb-raw/main/wbb/json/final/401817391.json,2026-02-01T17:00Z,TRUE,,
401819695,2026-02-01T17:00Z,Duke,Wake Forest,Home,W,80,44,https://a.espncdn.com/i/teamlogos/ncaa/500/150.png,https://a.espncdn.com/i/teamlogos/ncaa/500/154.png,20,99,2,2,,,TRUE,1,Play4Kay,STATUS_FINAL,2,TRUE,20,"[{'abbreviation': 'Game', 'name': 'overall', 'summary': '16-6', 'type': 'total'}
 {'abbreviation': None, 'name': 'Home', 'summary': '8-1', 'type': 'home'}
 {'abbreviation': None, 'name': 'Road', 'summary': '8-1', 'type': 'road'}
 {'abbreviation': None, 'name': 'vs. Conf.', 'summary': '11-0', 'type': 'vsconf'}]",2,FALSE,99,"[{'abbreviation': 'Game', 'name': 'overall', 'summary': '12-11', 'type': 'total'}
 {'abbreviation': None, 'name': 'Home', 'summary': '8-7', 'type': 'home'}
 {'abbreviation': None, 'name': 'Road', 'summary': '1-4', 'type': 'road'}
 {'abbreviation': None, 'name': 'vs. Conf.', 'summary': '2-9', 'type': 'vsconf'}]",2,ACC,DUKE,WAKE,00539b,ceb888,ffffff,2c2a29,DUKE,00539b,ffffff,WAKE,ceb888,2c2a29,https://raw.githubusercontent.com/sportsdataverse/wehoop-wbb-raw/main/wbb/json/final/401819695.json,2026-02-01T17:00Z,TRUE,,
401825313,2026-02-01T17:00Z,Michigan,Michigan State,Away,W,94,91,https://a.espncdn.com/i/teamlogos/ncaa/500/130.png,https://a.espncdn.com/i/teamlogos/ncaa/500/127.png,9,13,7,7,,,TRUE,1,,STATUS_FINAL,7,FALSE,13,"[{'abbreviation': 'Game', 'name': 'overall', 'summary': '19-3', 'type': 'total'}
 {'abbreviation': None, 'name': 'Home', 'summary': '10-1', 'type': 'home'}
 {'abbreviation': None, 'name': 'Road', 'summary': '5-2', 'type': 'road'}
 {'abbreviation': None, 'name': 'vs. Conf.', 'summary': '8-3', 'type': 'vsconf'}]",7,TRUE,9,"[{'abbreviation': 'Game', 'name': 'overall', 'summary': '19-3', 'type': 'total'}
 {'abbreviation': None, 'name': 'Home', 'summary': '11-0', 'type': 'home'}
 {'abbreviation': None, 'name': 'Road', 'summary': '6-1', 'type': 'road'}
 {'abbreviation': None, 'name': 'vs. Conf.', 'summary': '10-1', 'type': 'vsconf'}]",7,Big Ten,MICH,MSU,00274c,173f35,ffcb05,ffffff,MSU,173f35,ffffff,MICH,00274c,ffcb05,https://raw.githubusercontent.com/sportsdataverse/wehoop-wbb-raw/main/wbb/json/final/401825313.json,2026-02-01T17:00Z,TRUE,,
401807593,2026-02-01T17:00Z,Alabama,LSU,Away,L,63,103,https://a.espncdn.com/i/teamlogos/ncaa/500/333.png,https://a.espncdn.com/i/teamlogos/ncaa/500/99.png,24,6,23,23,,,TRUE,1,Play4Kay,STATUS_FINAL,23,TRUE,6,"[{'abbreviation': 'Game', 'name': 'overall', 'summary': '21-2', 'type': 'total'}
 {'abbreviation': None, 'name': 'Home', 'summary': '11-1', 'type': 'home'}
 {'abbreviation': None, 'name': 'Road', 'summary': '7-1', 'type': 'road'}
 {'abbreviation': None, 'name': 'vs. Conf.', 'summary': '7-2', 'type': 'vsconf'}]",23,FALSE,24,"[{'abbreviation': 'Game', 'name': 'overall', 'summary': '19-4', 'type': 'total'}
 {'abbreviation': None, 'name': 'Home', 'summary': '15-1', 'type': 'home'}
 {'abbreviation': None, 'name': 'Road', 'summary': '2-3', 'type': 'road'}
 {'abbreviation': None, 'name': 'vs. Conf.', 'summary': '5-4', 'type': 'vsconf'}]",23,SEC,ALA,LSU,9e1b32,461d76,ffffff,fdd023,LSU,461d76,fdd023,ALA,9e1b32,ffffff,https://raw.githubusercontent.com/sportsdataverse/wehoop-wbb-raw/main/wbb/json/final/401807593.json,2026-02-01T17:00Z,TRUE,,
401823249,2026-01-31T22:00Z,Princeton,Cornell,Home,W,72,61,https://a.espncdn.com/i/teamlogos/ncaa/500/163.png,https://a.espncdn.com/i/teamlogos/ncaa/500/172.png,19,99,12,12,,,TRUE,1,,STATUS_FINAL,12,TRUE,19,"[{'abbreviation': 'Game', 'name': 'overall', 'summary': '18-2', 'type': 'total'}
 {'abbreviation': None, 'name': 'Home', 'summary': '8-1', 'type': 'home'}
 {'abbreviation': None, 'name': 'Road', 'summary': '8-1', 'type': 'road'}
 {'abbreviation': None, 'name': 'vs. Conf.', 'summary': '6-1', 'type': 'vsconf'}]",12,FALSE,99,"[{'abbreviation': 'Game', 'name': 'overall', 'summary': '8-12', 'type': 'total'}
 {'abbreviation': None, 'name': 'Home', 'summary': '2-6', 'type': 'home'}
 {'abbreviation': None, 'name': 'Road', 'summary': '6-6', 'type': 'road'}
 {'abbreviation': None, 'name': 'vs. Conf.', 'summary': '3-4', 'type': 'vsconf'}]",12,Ivy,PRIN,COR,0,b31b1b,ff6000,ffffff,PRIN,0,ff6000,COR,b31b1b,ffffff,https://raw.githubusercontent.com/sportsdataverse/wehoop-wbb-raw/main/wbb/json/final/401823249.json,2026-01-31T22:00Z,TRUE,,
401825310,2026-01-31T22:00Z,Maryland,Oregon,Home,L,61,68,https://a.espncdn.com/i/teamlogos/ncaa/500/120.png,https://a.espncdn.com/i/teamlogos/ncaa/500/2483.png,16,99,7,7,,,TRUE,1,,STATUS_FINAL,7,FALSE,16,"[{'abbreviation': 'Game', 'name': 'overall', 'summary': '17-6', 'type': 'total'}
 {'abbreviation': None, 'name': 'Home', 'summary': '12-4', 'type': 'home'}
 {'abbreviation': None, 'name': 'Road', 'summary': '3-2', 'type': 'road'}
 {'abbreviation': None, 'name': 'vs. Conf.', 'summary': '5-6', 'type': 'vsconf'}]",7,TRUE,99,"[{'abbreviation': 'Game', 'name': 'overall', 'summary': '17-7', 'type': 'total'}
 {'abbreviation': None, 'name': 'Home', 'summary': '10-3', 'type': 'home'}
 {'abbreviation': None, 'name': 'Road', 'summary': '5-3', 'type': 'road'}
 {'abbreviation': None, 'name': 'vs. Conf.', 'summary': '5-6', 'type': 'vsconf'}]",7,Big Ten,MD,ORE,ce1126,00934b,ffffff,fff41b,MD,ce1126,ffffff,ORE,00934b,fff41b,https://raw.githubusercontent.com/sportsdataverse/wehoop-wbb-raw/main/wbb/json/final/401825310.json,2026-01-31T22:00Z,TRUE,,
401825310,2026-01-31T22:00Z,Oregon,Maryland,Away,W,68,61,https://a.espncdn.com/i/teamlogos/ncaa/500/2483.png,https://a.espncdn.com/i/teamlogos/ncaa/500/120.png,99,16,7,7,,,TRUE,1,,STATUS_FINAL,7,FALSE,16,"[{'abbreviation': 'Game', 'name': 'overall', 'summary': '17-6', 'type': 'total'}
 {'abbreviation': None, 'name': 'Home', 'summary': '12-4', 'type': 'home'}
 {'abbreviation': None, 'name': 'Road', 'summary': '3-2', 'type': 'road'}
 {'abbreviation': None, 'name': 'vs. Conf.', 'summary': '5-6', 'type': 'vsconf'}]",7,TRUE,99,"[{'abbreviation': 'Game', 'name': 'overall', 'summary': '17-7', 'type': 'total'}
 {'abbreviation': None, 'name': 'Home', 'summary': '10-3', 'type': 'home'}
 {'abbreviation': None, 'name': 'Road', 'summary': '5-3', 'type': 'road'}
 {'abbreviation': None, 'name': 'vs. Conf.', 'summary': '5-6', 'type': 'vsconf'}]",7,Big Ten,ORE,MD,00934b,ce1126,fff41b,ffffff,MD,ce1126,ffffff,ORE,00934b,fff41b,https://raw.githubusercontent.com/sportsdataverse/wehoop-wbb-raw/main/wbb/json/final/401825310.json,2026-01-31T22:00Z,TRUE,,
401827364,2026-01-31T20:00Z,Iowa State,UCF,Home,W,65,52,https://a.espncdn.com/i/teamlogos/ncaa/500/66.png,https://a.espncdn.com/i/teamlogos/ncaa/500/2116.png,99,99,8,8,,,TRUE,1,,STATUS_FINAL,8,TRUE,99,"[{'abbreviation': 'Game', 'name': 'overall', 'summary': '18-5', 'type': 'total'}
 {'abbreviation': None, 'name': 'Home', 'summary': '13-2', 'type': 'home'}
 {'abbreviation': None, 'name': 'Road', 'summary': '3-3', 'type': 'road'}
 {'abbreviation': None, 'name': 'vs. Conf.', 'summary': '6-5', 'type': 'vsconf'}]",8,FALSE,99,"[{'abbreviation': 'Game', 'name': 'overall', 'summary': '10-11', 'type': 'total'}
 {'abbreviation': None, 'name': 'Home', 'summary': '7-6', 'type': 'home'}
 {'abbreviation': None, 'name': 'Road', 'summary': '1-4', 'type': 'road'}
 {'abbreviation': None, 'name': 'vs. Conf.', 'summary': '2-8', 'type': 'vsconf'}]",8,Big 12,ISU,UCF,ae192d,0,ffc72a,b4a169,ISU,ae192d,ffc72a,UCF,0,b4a169,https://raw.githubusercontent.com/sportsdataverse/wehoop-wbb-raw/main/wbb/json/final/401827364.json,2026-01-31T20:00Z,TRUE,,
401825662,2026-01-31T19:00Z,Villanova,DePaul,Home,W,69,56,https://a.espncdn.com/i/teamlogos/ncaa/500/222.png,https://a.espncdn.com/i/teamlogos/ncaa/500/305.png,99,99,4,4,,,TRUE,1,,STATUS_FINAL,4,TRUE,99,"[{'abbreviation': 'Game', 'name': 'overall', 'summary': '17-5', 'type': 'total'}
 {'abbreviation': None, 'name': 'Home', 'summary': '10-2', 'type': 'home'}
 {'abbreviation': None, 'name': 'Road', 'summary': '6-3', 'type': 'road'}
 {'abbreviation': None, 'name': 'vs. Conf.', 'summary': '10-3', 'type': 'vsconf'}]",4,FALSE,99,"[{'abbreviation': 'Game', 'name': 'overall', 'summary': '5-19', 'type': 'total'}
 {'abbreviation': None, 'name': 'Home', 'summary': '5-8', 'type': 'home'}
 {'abbreviation': None, 'name': 'Road', 'summary': '0-11', 'type': 'road'}
 {'abbreviation': None, 'name': 'vs. Conf.', 'summary': '2-11', 'type': 'vsconf'}]",4,Big East,VILL,DEP,00205b,2d649c,13b5ea,ce1125,VILL,00205b,13b5ea,DEP,2d649c,ce1125,https://raw.githubusercontent.com/sportsdataverse/wehoop-wbb-raw/main/wbb/json/final/401825662.json,2026-01-31T19:00Z,TRUE,,
401813818,2026-01-31T19:00Z,Fairfield,Sacred Heart,Away,W,60,43,https://a.espncdn.com/i/teamlogos/ncaa/500/2217.png,https://a.espncdn.com/i/teamlogos/ncaa/500/2529.png,99,99,13,13,,,TRUE,1,,STATUS_FINAL,13,FALSE,99,"[{'abbreviation': 'Game', 'name': 'overall', 'summary': '11-11', 'type': 'total'}
 {'abbreviation': None, 'name': 'Home', 'summary': '7-4', 'type': 'home'}
 {'abbreviation': None, 'name': 'Road', 'summary': '4-7', 'type': 'road'}
 {'abbreviation': None, 'name': 'vs. Conf.', 'summary': '9-4', 'type': 'vsconf'}]",13,TRUE,99,"[{'abbreviation': 'Game', 'name': 'overall', 'summary': '18-4', 'type': 'total'}
 {'abbreviation': None, 'name': 'Home', 'summary': '8-1', 'type': 'home'}
 {'abbreviation': None, 'name': 'Road', 'summary': '9-2', 'type': 'road'}
 {'abbreviation': None, 'name': 'vs. Conf.', 'summary': '12-1', 'type': 'vsconf'}]",13,MAAC,FAIR,SHU,0,a40012,ebebeb,c29472,SHU,a40012,c29472,FAIR,0,ebebeb,https://raw.githubusercontent.com/sportsdataverse/wehoop-wbb-raw/main/wbb/json/final/401813818.json,2026-01-31T19:00Z,TRUE,,
401829106,2026-01-31T19:00Z,Rhode Island,Fordham,Away,W,61,47,https://a.espncdn.com/i/teamlogos/ncaa/500/227.png,https://a.espncdn.com/i/teamlogos/ncaa/500/2230.png,99,99,3,3,,,TRUE,1,,STATUS_FINAL,3,FALSE,99,"[{'abbreviation': 'Game', 'name': 'overall', 'summary': '9-13', 'type': 'total'}
 {'abbreviation': None, 'name': 'Home', 'summary': '7-6', 'type': 'home'}
 {'abbreviation': None, 'name': 'Road', 'summary': '2-7', 'type': 'road'}
 {'abbreviation': None, 'name': 'vs. Conf.', 'summary': '1-10', 'type': 'vsconf'}]",3,TRUE,99,"[{'abbreviation': 'Game', 'name': 'overall', 'summary': '19-2', 'type': 'total'}
 {'abbreviation': None, 'name': 'Home', 'summary': '9-1', 'type': 'home'}
 {'abbreviation': None, 'name': 'Road', 'summary': '10-1', 'type': 'road'}
 {'abbreviation': None, 'name': 'vs. Conf.', 'summary': '10-0', 'type': 'vsconf'}]",3,A-10,URI,FOR,091f3f,830032,5ab3e8,909090,FOR,830032,909090,URI,091f3f,5ab3e8,https://raw.githubusercontent.com/sportsdataverse/wehoop-wbb-raw/main/wbb/json/final/401829106.json,2026-01-31T19:00Z,TRUE,,
401808812,2026-01-31T18:00Z,James Madison,South Alabama,Home,W,88,52,https://a.espncdn.com/i/teamlogos/ncaa/500/256.png,https://a.espncdn.com/i/teamlogos/ncaa/500/6.png,99,99,27,27,,,TRUE,1,,STATUS_FINAL,27,TRUE,99,"[{'abbreviation': 'Game', 'name': 'overall', 'summary': '16-8', 'type': 'total'}
 {'abbreviation': None, 'name': 'Home', 'summary': '11-3', 'type': 'home'}
 {'abbreviation': None, 'name': 'Road', 'summary': '3-5', 'type': 'road'}
 {'abbreviation': None, 'name': 'vs. Conf.', 'summary': '8-4', 'type': 'vsconf'}]",27,FALSE,99,"[{'abbreviation': 'Game', 'name': 'overall', 'summary': '9-12', 'type': 'total'}
 {'abbreviation': None, 'name': 'Home', 'summary': '7-4', 'type': 'home'}
 {'abbreviation': None, 'name': 'Road', 'summary': '2-8', 'type': 'road'}
 {'abbreviation': None, 'name': 'vs. Conf.', 'summary': '2-9', 'type': 'vsconf'}]",27,Sun Belt,JMU,USA,450084,00205b,cbb677,bf0d3e,JMU,450084,cbb677,USA,00205b,bf0d3e,https://raw.githubusercontent.com/sportsdataverse/wehoop-wbb-raw/main/wbb/json/final/401808812.json,2026-01-31T18:00Z,TRUE,,
401823205,2026-01-30T23:00Z,Princeton,Columbia,Home,L,67,73,https://a.espncdn.com/i/teamlogos/ncaa/500/163.png,https://a.espncdn.com/i/teamlogos/ncaa/500/171.png,19,99,12,12,,,TRUE,1,,STATUS_FINAL,12,FALSE,19,"[{'abbreviation': 'Game', 'name': 'overall', 'summary': '17-2', 'type': 'total'}
 {'abbreviation': None, 'name': 'Home', 'summary': '7-1', 'type': 'home'}
 {'abbreviation': None, 'name': 'Road', 'summary': '8-1', 'type': 'road'}
 {'abbreviation': None, 'name': 'vs. Conf.', 'summary': '5-1', 'type': 'vsconf'}]",12,TRUE,99,"[{'abbreviation': 'Game', 'name': 'overall', 'summary': '14-5', 'type': 'total'}
 {'abbreviation': None, 'name': 'Home', 'summary': '6-3', 'type': 'home'}
 {'abbreviation': None, 'name': 'Road', 'summary': '7-0', 'type': 'road'}
 {'abbreviation': None, 'name': 'vs. Conf.', 'summary': '5-1', 'type': 'vsconf'}]",12,Ivy,PRIN,COLU,0.00E+00,7ba4db,ff6000,183863,PRIN,0,ff6000,COLU,7ba4db,183863,https://raw.githubusercontent.com/sportsdataverse/wehoop-wbb-raw/main/wbb/json/final/401823205.json,2026-01-30T23:00Z,TRUE,,
401807587,2026-01-30T20:00Z,Ole Miss,Vanderbilt,Neutral,W,83,75,https://a.espncdn.com/i/teamlogos/ncaa/500/145.png,https://a.espncdn.com/i/teamlogos/ncaa/500/238.png,17,5,23,23,,,TRUE,1,,STATUS_FINAL,23,TRUE,17,"[{'abbreviation': 'Game', 'name': 'overall', 'summary': '18-4', 'type': 'total'}
 {'abbreviation': None, 'name': 'Home', 'summary': '10-0', 'type': 'home'}
 {'abbreviation': None, 'name': 'Road', 'summary': '4-2', 'type': 'road'}
 {'abbreviation': None, 'name': 'vs. Conf.', 'summary': '5-2', 'type': 'vsconf'}]",23,FALSE,5,"[{'abbreviation': 'Game', 'name': 'overall', 'summary': '20-2', 'type': 'total'}
 {'abbreviation': None, 'name': 'Home', 'summary': '11-0', 'type': 'home'}
 {'abbreviation': None, 'name': 'Road', 'summary': '5-1', 'type': 'road'}
 {'abbreviation': None, 'name': 'vs. Conf.', 'summary': '6-2', 'type': 'vsconf'}]",23,SEC,MISS,VAN,13294b,0,cf142b,cfae70,MISS,13294b,cf142b,VAN,0,cfae70,https://raw.githubusercontent.com/sportsdataverse/wehoop-wbb-raw/main/wbb/json/final/401807587.json,2026-01-30T20:00Z,TRUE,,
401807587,2026-01-30T20:00Z,Vanderbilt,Ole Miss,Neutral,L,75,83,https://a.espncdn.com/i/teamlogos/ncaa/500/238.png,https://a.espncdn.com/i/teamlogos/ncaa/500/145.png,5,17,23,23,,,TRUE,1,,STATUS_FINAL,23,TRUE,17,"[{'abbreviation': 'Game', 'name': 'overall', 'summary': '18-4', 'type': 'total'}
 {'abbreviation': None, 'name': 'Home', 'summary': '10-0', 'type': 'home'}
 {'abbreviation': None, 'name': 'Road', 'summary': '4-2', 'type': 'road'}
 {'abbreviation': None, 'name': 'vs. Conf.', 'summary': '5-2', 'type': 'vsconf'}]",23,FALSE,5,"[{'abbreviation': 'Game', 'name': 'overall', 'summary': '20-2', 'type': 'total'}
 {'abbreviation': None, 'name': 'Home', 'summary': '11-0', 'type': 'home'}
 {'abbreviation': None, 'name': 'Road', 'summary': '5-1', 'type': 'road'}
 {'abbreviation': None, 'name': 'vs. Conf.', 'summary': '6-2', 'type': 'vsconf'}]",23,SEC,VAN,MISS,0,13294b,cfae70,cf142b,MISS,13294b,cf142b,VAN,0,cfae70,https://raw.githubusercontent.com/sportsdataverse/wehoop-wbb-raw/main/wbb/json/final/401807587.json,2026-01-30T20:00Z,TRUE,,
401819688,2026-01-30T03:00Z,Notre Dame,California,Away,L,69,8.00E+01,https://a.espncdn.com/i/teamlogos/ncaa/500/87.png,https://a.espncdn.com/i/teamlogos/ncaa/500/25.png,99,99,2.00E+00,2,,,TRUE,1,,STATUS_FINAL,2,TRUE,99,"[{'abbreviation': 'Game', 'name': 'overall', 'summary': '13-9', 'type': 'total'}
 {'abbreviation': None, 'name': 'Home', 'summary': '11-1', 'type': 'home'}
 {'abbreviation': None, 'name': 'Road', 'summary': '1-5', 'type': 'road'}
 {'abbreviation': None, 'name': 'vs. Conf.', 'summary': '4-5', 'type': 'vsconf'}]",2,FALSE,99,"[{'abbreviation': 'Game', 'name': 'overall', 'summary': '13-8', 'type': 'total'}
 {'abbreviation': None, 'name': 'Home', 'summary': '11-2', 'type': 'home'}
 {'abbreviation': None, 'name': 'Road', 'summary': '2-5', 'type': 'road'}
 {'abbreviation': None, 'name': 'vs. Conf.', 'summary': '5-5', 'type': 'vsconf'}]",2,ACC,ND,CAL,62340,4.10E+43,c99700,ffc72c,CAL,4.10E+43,ffc72c,ND,62340,c99700,https://raw.githubusercontent.com/sportsdataverse/wehoop-wbb-raw/main/wbb/json/final/401819688.json,2026-01-30T03:00Z,TRUE,,
401825306,2026-01-30T02:00Z,Iowa,USC,Away,L,69,81,https://a.espncdn.com/i/teamlogos/ncaa/500/2294.png,https://a.espncdn.com/i/teamlogos/ncaa/500/30.png,8,99,7,7,,,TRUE,1,,STATUS_FINAL,7,TRUE,99,"[{'abbreviation': 'Game', 'name': 'overall', 'summary': '12-9', 'type': 'total'}
 {'abbreviation': None, 'name': 'Home', 'summary': '9-3', 'type': 'home'}
 {'abbreviation': None, 'name': 'Road', 'summary': '1-5', 'type': 'road'}
 {'abbreviation': None, 'name': 'vs. Conf.', 'summary': '4-6', 'type': 'vsconf'}]",7,FALSE,8,"[{'abbreviation': 'Game', 'name': 'overall', 'summary': '18-3', 'type': 'total'}
 {'abbreviation': None, 'name': 'Home', 'summary': '11-0', 'type': 'home'}
 {'abbreviation': None, 'name': 'Road', 'summary': '5-2', 'type': 'road'}
 {'abbreviation': None, 'name': 'vs. Conf.', 'summary': '9-1', 'type': 'vsconf'}]",7,Big Ten,IOWA,USC,231f20,9d2235,fcd116,ffc72c,USC,9d2235,ffc72c,IOWA,231f20,fcd116,https://raw.githubusercontent.com/sportsdataverse/wehoop-wbb-raw/main/wbb/json/final/401825306.json,2026-01-30T02:00Z,TRUE,,
401825306,2026-01-30T02:00Z,USC,Iowa,Home,W,81,6.90E+01,https://a.espncdn.com/i/teamlogos/ncaa/500/30.png,https://a.espncdn.com/i/teamlogos/ncaa/500/2294.png,99,8,7.00E+00,7,,,TRUE,1,,STATUS_FINAL,7,TRUE,99,"[{'abbreviation': 'Game', 'name': 'overall', 'summary': '12-9', 'type': 'total'}
 {'abbreviation': None, 'name': 'Home', 'summary': '9-3', 'type': 'home'}
 {'abbreviation': None, 'name': 'Road', 'summary': '1-5', 'type': 'road'}
 {'abbreviation': None, 'name': 'vs. Conf.', 'summary': '4-6', 'type': 'vsconf'}]",7,FALSE,8,"[{'abbreviation': 'Game', 'name': 'overall', 'summary': '18-3', 'type': 'total'}
 {'abbreviation': None, 'name': 'Home', 'summary': '11-0', 'type': 'home'}
 {'abbreviation': None, 'name': 'Road', 'summary': '5-2', 'type': 'road'}
 {'abbreviation': None, 'name': 'vs. Conf.', 'summary': '9-1', 'type': 'vsconf'}]",7,Big Ten,USC,IOWA,9d2235,231f20,ffc72c,fcd116,USC,9d2235,ffc72c,IOWA,231f20,fcd116,https://raw.githubusercontent.com/sportsdataverse/wehoop-wbb-raw/main/wbb/json/final/401825306.json,2026-01-30T02:00Z,TRUE,,
401807590,2026-01-30T02:00Z,South Carolina,Auburn,Away,W,81,51,https://a.espncdn.com/i/teamlogos/ncaa/500/2579.png,https://a.espncdn.com/i/teamlogos/ncaa/500/2.png,3,99,23,23,,,TRUE,1,,STATUS_FINAL,23,FALSE,99,"[{'abbreviation': 'Game', 'name': 'overall', 'summary': '13-9', 'type': 'total'}
 {'abbreviation': None, 'name': 'Home', 'summary': '9-4', 'type': 'home'}
 {'abbreviation': None, 'name': 'Road', 'summary': '2-5', 'type': 'road'}
 {'abbreviation': None, 'name': 'vs. Conf.', 'summary': '2-6', 'type': 'vsconf'}]",23,TRUE,3,"[{'abbreviation': 'Game', 'name': 'overall', 'summary': '21-2', 'type': 'total'}
 {'abbreviation': None, 'name': 'Home', 'summary': '12-0', 'type': 'home'}
 {'abbreviation': None, 'name': 'Road', 'summary': '7-1', 'type': 'road'}
 {'abbreviation': None, 'name': 'vs. Conf.', 'summary': '7-1', 'type': 'vsconf'}]",23,SEC,SC,AUB,73000a,002b5c,0,f26522,AUB,002b5c,f26522,SC,73000a,0,https://raw.githubusercontent.com/sportsdataverse/wehoop-wbb-raw/main/wbb/json/final/401807590.json,2026-01-30T02:00Z,TRUE,,
401819621,2026-01-30T01:00Z,Louisville,Stanford,Away,W,84,66,https://a.espncdn.com/i/teamlogos/ncaa/500/97.png,https://a.espncdn.com/i/teamlogos/ncaa/500/24.png,7,99,2,2,,,TRUE,1,,STATUS_FINAL,2,FALSE,99,"[{'abbreviation': 'Game', 'name': 'overall', 'summary': '15-7', 'type': 'total'}
 {'abbreviation': None, 'name': 'Home', 'summary': '9-3', 'type': 'home'}
 {'abbreviation': None, 'name': 'Road', 'summary': '4-3', 'type': 'road'}
 {'abbreviation': None, 'name': 'vs. Conf.', 'summary': '4-5', 'type': 'vsconf'}]",2,TRUE,7,"[{'abbreviation': 'Game', 'name': 'overall', 'summary': '20-3', 'type': 'total'}
 {'abbreviation': None, 'name': 'Home', 'summary': '12-2', 'type': 'home'}
 {'abbreviation': None, 'name': 'Road', 'summary': '6-0', 'type': 'road'}
 {'abbreviation': None, 'name': 'vs. Conf.', 'summary': '10-0', 'type': 'vsconf'}]",2,ACC,LOU,STAN,c9001f,8c1515,ffffff,ffffff,STAN,8c1515,ffffff,LOU,c9001f,ffffff,https://raw.githubusercontent.com/sportsdataverse/wehoop-wbb-raw/main/wbb/json/final/401819621.json,2026-01-30T01:00Z,TRUE,,
401807588,2026-01-30T01:00Z,LSU,Arkansas,Home,W,92,70,https://a.espncdn.com/i/teamlogos/ncaa/500/99.png,https://a.espncdn.com/i/teamlogos/ncaa/500/8.png,6,99,23,23,,,TRUE,1,Play4Kay,STATUS_FINAL,23,TRUE,6,"[{'abbreviation': 'Game', 'name': 'overall', 'summary': '20-2', 'type': 'total'}
 {'abbreviation': None, 'name': 'Home', 'summary': '10-1', 'type': 'home'}
 {'abbreviation': None, 'name': 'Road', 'summary': '7-1', 'type': 'road'}
 {'abbreviation': None, 'name': 'vs. Conf.', 'summary': '6-2', 'type': 'vsconf'}]",23,FALSE,99,"[{'abbreviation': 'Game', 'name': 'overall', 'summary': '11-11', 'type': 'total'}
 {'abbreviation': None, 'name': 'Home', 'summary': '8-5', 'type': 'home'}
 {'abbreviation': None, 'name': 'Road', 'summary': '1-6', 'type': 'road'}
 {'abbreviation': None, 'name': 'vs. Conf.', 'summary': '0-7', 'type': 'vsconf'}]",23,SEC,LSU,ARK,461d76,a32136,fdd023,ffffff,LSU,461d76,fdd023,ARK,a32136,ffffff,https://raw.githubusercontent.com/sportsdataverse/wehoop-wbb-raw/main/wbb/json/final/401807588.json,2026-01-30T01:00Z,TRUE,,
401819686,2026-01-30T01:00Z,Duke,Miami (FL),Away,W,74,58,https://a.espncdn.com/i/teamlogos/ncaa/500/150.png,https://a.espncdn.com/i/teamlogos/ncaa/500/2390.png,20,99,2,2,,,TRUE,1,,STATUS_FINAL,2,FALSE,99,"[{'abbreviation': 'Game', 'name': 'overall', 'summary': '12-9', 'type': 'total'}
 {'abbreviation': None, 'name': 'Home', 'summary': '7-5', 'type': 'home'}
 {'abbreviation': None, 'name': 'Road', 'summary': '3-2', 'type': 'road'}
 {'abbreviation': None, 'name': 'vs. Conf.', 'summary': '4-6', 'type': 'vsconf'}]",2,TRUE,20,"[{'abbreviation': 'Game', 'name': 'overall', 'summary': '15-6', 'type': 'total'}
 {'abbreviation': None, 'name': 'Home', 'summary': '7-1', 'type': 'home'}
 {'abbreviation': None, 'name': 'Road', 'summary': '8-1', 'type': 'road'}
 {'abbreviation': None, 'name': 'vs. Conf.', 'summary': '10-0', 'type': 'vsconf'}]",2,ACC,DUKE,MIA,00539b,f47423,ffffff,35131,MIA,f47423,35131,DUKE,00539b,ffffff,https://raw.githubusercontent.com/sportsdataverse/wehoop-wbb-raw/main/wbb/json/final/401819686.json,2026-01-30T01:00Z,TRUE,,
401825308,2026-01-30T01:00Z,Ohio State,Wisconsin,Home,W,81,58,https://a.espncdn.com/i/teamlogos/ncaa/500/194.png,https://a.espncdn.com/i/teamlogos/ncaa/500/275.png,11,99,7,7,,,TRUE,1,,STATUS_FINAL,7,TRUE,11,"[{'abbreviation': 'Game', 'name': 'overall', 'summary': '19-3', 'type': 'total'}
 {'abbreviation': None, 'name': 'Home', 'summary': '12-1', 'type': 'home'}
 {'abbreviation': None, 'name': 'Road', 'summary': '4-2', 'type': 'road'}
 {'abbreviation': None, 'name': 'vs. Conf.', 'summary': '8-2', 'type': 'vsconf'}]",7,FALSE,99,"[{'abbreviation': 'Game', 'name': 'overall', 'summary': '13-9', 'type': 'total'}
 {'abbreviation': None, 'name': 'Home', 'summary': '11-1', 'type': 'home'}
 {'abbreviation': None, 'name': 'Road', 'summary': '2-6', 'type': 'road'}
 {'abbreviation': None, 'name': 'vs. Conf.', 'summary': '5-6', 'type': 'vsconf'}]",7,Big Ten,OSU,WIS,ba0c2f,a00000,a8adb4,ffffff,OSU,ba0c2f,a8adb4,WIS,a00000,ffffff,https://raw.githubusercontent.com/sportsdataverse/wehoop-wbb-raw/main/wbb/json/final/401825308.json,2026-01-30T01:00Z,TRUE,,
401819621,2026-01-30T01:00Z,Stanford,Louisville,Home,L,66,84,https://a.espncdn.com/i/teamlogos/ncaa/500/24.png,https://a.espncdn.com/i/teamlogos/ncaa/500/97.png,99,7,2,2,,,TRUE,1,,STATUS_FINAL,2,FALSE,99,"[{'abbreviation': 'Game', 'name': 'overall', 'summary': '15-7', 'type': 'total'}
 {'abbreviation': None, 'name': 'Home', 'summary': '9-3', 'type': 'home'}
 {'abbreviation': None, 'name': 'Road', 'summary': '4-3', 'type': 'road'}
 {'abbreviation': None, 'name': 'vs. Conf.', 'summary': '4-5', 'type': 'vsconf'}]",2,TRUE,7,"[{'abbreviation': 'Game', 'name': 'overall', 'summary': '20-3', 'type': 'total'}
 {'abbreviation': None, 'name': 'Home', 'summary': '12-2', 'type': 'home'}
 {'abbreviation': None, 'name': 'Road', 'summary': '6-0', 'type': 'road'}
 {'abbreviation': None, 'name': 'vs. Conf.', 'summary': '10-0', 'type': 'vsconf'}]",2,ACC,STAN,LOU,8c1515,c9001f,ffffff,ffffff,STAN,8c1515,ffffff,LOU,c9001f,ffffff,https://raw.githubusercontent.com/sportsdataverse/wehoop-wbb-raw/main/wbb/json/final/401819621.json,2026-01-30T01:00Z,TRUE,,
401827361,2026-01-30T00:30Z,Colorado,Kansas State,Away,W,56,47,https://a.espncdn.com/i/teamlogos/ncaa/500/38.png,https://a.espncdn.com/i/teamlogos/ncaa/500/2306.png,99,99,8,8,,,TRUE,1,,STATUS_FINAL,8,FALSE,99,"[{'abbreviation': 'Game', 'name': 'overall', 'summary': '11-11', 'type': 'total'}
 {'abbreviation': None, 'name': 'Home', 'summary': '5-6', 'type': 'home'}
 {'abbreviation': None, 'name': 'Road', 'summary': '4-3', 'type': 'road'}
 {'abbreviation': None, 'name': 'vs. Conf.', 'summary': '4-5', 'type': 'vsconf'}]",8,TRUE,99,"[{'abbreviation': 'Game', 'name': 'overall', 'summary': '14-7', 'type': 'total'}
 {'abbreviation': None, 'name': 'Home', 'summary': '11-1', 'type': 'home'}
 {'abbreviation': None, 'name': 'Road', 'summary': '1-5', 'type': 'road'}
 {'abbreviation': None, 'name': 'vs. Conf.', 'summary': '5-4', 'type': 'vsconf'}]",8,Big 12,COLO,KSU,cfb87c,330a57,0,e2e3e4,KSU,330a57,e2e3e4,COLO,cfb87c,0,https://raw.githubusercontent.com/sportsdataverse/wehoop-wbb-raw/main/wbb/json/final/401827361.json,2026-01-30T00:30Z,TRUE,,
401813925,2026-01-30T00:00Z,Fairfield,Quinnipiac,Home,L,58,72,https://a.espncdn.com/i/teamlogos/ncaa/500/2217.png,https://a.espncdn.com/i/teamlogos/ncaa/500/2514.png,99,99,13,13,,,TRUE,1,,STATUS_FINAL,13,FALSE,99,"[{'abbreviation': 'Game', 'name': 'overall', 'summary': '17-4', 'type': 'total'}
 {'abbreviation': None, 'name': 'Home', 'summary': '8-1', 'type': 'home'}
 {'abbreviation': None, 'name': 'Road', 'summary': '8-2', 'type': 'road'}
 {'abbreviation': None, 'name': 'vs. Conf.', 'summary': '11-1', 'type': 'vsconf'}]",13,TRUE,99,"[{'abbreviation': 'Game', 'name': 'overall', 'summary': '17-4', 'type': 'total'}
 {'abbreviation': None, 'name': 'Home', 'summary': '6-3', 'type': 'home'}
 {'abbreviation': None, 'name': 'Road', 'summary': '11-1', 'type': 'road'}
 {'abbreviation': None, 'name': 'vs. Conf.', 'summary': '12-0', 'type': 'vsconf'}]",13,MAAC,FAIR,QUIN,0,041B43,ebebeb,,FAIR,0,ebebeb,QUIN,041B43,,https://raw.githubusercontent.com/sportsdataverse/wehoop-wbb-raw/main/wbb/json/final/401813925.json,2026-01-30T00:00Z,TRUE,,
401819594,2026-01-30T00:00Z,Clemson,SMU,Home,W,83,54,https://a.espncdn.com/i/teamlogos/ncaa/500/228.png,https://a.espncdn.com/i/teamlogos/ncaa/500/2567.png,99,99,2,2,,,TRUE,1,,STATUS_FINAL,2,TRUE,99,"[{'abbreviation': 'Game', 'name': 'overall', 'summary': '15-7', 'type': 'total'}
 {'abbreviation': None, 'name': 'Home', 'summary': '8-1', 'type': 'home'}
 {'abbreviation': None, 'name': 'Road', 'summary': '6-5', 'type': 'road'}
 {'abbreviation': None, 'name': 'vs. Conf.', 'summary': '6-4', 'type': 'vsconf'}]",2,FALSE,99,"[{'abbreviation': 'Game', 'name': 'overall', 'summary': '8-14', 'type': 'total'}
 {'abbreviation': None, 'name': 'Home', 'summary': '5-7', 'type': 'home'}
 {'abbreviation': None, 'name': 'Road', 'summary': '2-6', 'type': 'road'}
 {'abbreviation': None, 'name': 'vs. Conf.', 'summary': '1-9', 'type': 'vsconf'}]",2,ACC,CLEM,SMU,f56600,a80000,ffffff,0033a1,CLEM,f56600,ffffff,SMU,a80000,0033a1,https://raw.githubusercontent.com/sportsdataverse/wehoop-wbb-raw/main/wbb/json/final/401819594.json,2026-01-30T00:00Z,TRUE,,
401807589,2026-01-30T00:00Z,Florida,Texas,Home,L,68,88,https://a.espncdn.com/i/teamlogos/ncaa/500/57.png,https://a.espncdn.com/i/teamlogos/ncaa/500/251.png,99,4,23,23,,,TRUE,1,,STATUS_FINAL,23,FALSE,99,"[{'abbreviation': 'Game', 'name': 'overall', 'summary': '13-10', 'type': 'total'}
 {'abbreviation': None, 'name': 'Home', 'summary': '10-4', 'type': 'home'}
 {'abbreviation': None, 'name': 'Road', 'summary': '1-6', 'type': 'road'}
 {'abbreviation': None, 'name': 'vs. Conf.', 'summary': '1-7', 'type': 'vsconf'}]",23,TRUE,4,"[{'abbreviation': 'Game', 'name': 'overall', 'summary': '20-2', 'type': 'total'}
 {'abbreviation': None, 'name': 'Home', 'summary': '13-0', 'type': 'home'}
 {'abbreviation': None, 'name': 'Road', 'summary': '4-2', 'type': 'road'}
 {'abbreviation': None, 'name': 'vs. Conf.', 'summary': '5-2', 'type': 'vsconf'}]",23,SEC,FLA,TEX,0021a5,af5c37,fa4616,ffffff,FLA,0021a5,fa4616,TEX,af5c37,ffffff,https://raw.githubusercontent.com/sportsdataverse/wehoop-wbb-raw/main/wbb/json/final/401807589.json,2026-01-30T00:00Z,TRUE,,
401807591,2026-01-30T00:00Z,Oklahoma,Texas A&M,Home,W,85,58,https://a.espncdn.com/i/teamlogos/ncaa/500/201.png,https://a.espncdn.com/i/teamlogos/ncaa/500/245.png,10,99,23,23,,,TRUE,1,,STATUS_FINAL,23,TRUE,10,"[{'abbreviation': 'Game', 'name': 'overall', 'summary': '17-4', 'type': 'total'}
 {'abbreviation': None, 'name': 'Home', 'summary': '11-2', 'type': 'home'}
 {'abbreviation': None, 'name': 'Road', 'summary': '3-1', 'type': 'road'}
 {'abbreviation': None, 'name': 'vs. Conf.', 'summary': '5-3', 'type': 'vsconf'}]",23,FALSE,99,"[{'abbreviation': 'Game', 'name': 'overall', 'summary': '8-9', 'type': 'total'}
 {'abbreviation': None, 'name': 'Home', 'summary': '4-4', 'type': 'home'}
 {'abbreviation': None, 'name': 'Road', 'summary': '2-4', 'type': 'road'}
 {'abbreviation': None, 'name': 'vs. Conf.', 'summary': '1-7', 'type': 'vsconf'}]",23,SEC,OU,TA&M,990000,500000,ffffff,ffffff,OU,990000,ffffff,TA&M,500000,ffffff,https://raw.githubusercontent.com/sportsdataverse/wehoop-wbb-raw/main/wbb/json/final/401807591.json,2026-01-30T00:00Z,TRUE,,
401825307,2026-01-30T00:00Z,Michigan,Indiana,Away,W,95,67,https://a.espncdn.com/i/teamlogos/ncaa/500/130.png,https://a.espncdn.com/i/teamlogos/ncaa/500/84.png,9,99,7,7,,,TRUE,1,,STATUS_FINAL,7,FALSE,99,"[{'abbreviation': 'Game', 'name': 'overall', 'summary': '11-11', 'type': 'total'}
 {'abbreviation': None, 'name': 'Home', 'summary': '8-5', 'type': 'home'}
 {'abbreviation': None, 'name': 'Road', 'summary': '2-5', 'type': 'road'}
 {'abbreviation': None, 'name': 'vs. Conf.', 'summary': '0-10', 'type': 'vsconf'}]",7,TRUE,9,"[{'abbreviation': 'Game', 'name': 'overall', 'summary': '18-3', 'type': 'total'}
 {'abbreviation': None, 'name': 'Home', 'summary': '11-0', 'type': 'home'}
 {'abbreviation': None, 'name': 'Road', 'summary': '5-1', 'type': 'road'}
 {'abbreviation': None, 'name': 'vs. Conf.', 'summary': '9-1', 'type': 'vsconf'}]",7,Big Ten,MICH,IU,00274c,970310,ffcb05,ffffff,IU,970310,ffffff,MICH,00274c,ffcb05,https://raw.githubusercontent.com/sportsdataverse/wehoop-wbb-raw/main/wbb/json/final/401825307.json,2026-01-30T00:00Z,TRUE,,
401807589,2026-01-30T00:00Z,Texas,Florida,Away,W,88,68,https://a.espncdn.com/i/teamlogos/ncaa/500/251.png,https://a.espncdn.com/i/teamlogos/ncaa/500/57.png,4,99,23,23,,,TRUE,1,,STATUS_FINAL,23,FALSE,99,"[{'abbreviation': 'Game', 'name': 'overall', 'summary': '13-10', 'type': 'total'}
 {'abbreviation': None, 'name': 'Home', 'summary': '10-4', 'type': 'home'}
 {'abbreviation': None, 'name': 'Road', 'summary': '1-6', 'type': 'road'}
 {'abbreviation': None, 'name': 'vs. Conf.', 'summary': '1-7', 'type': 'vsconf'}]",23,TRUE,4,"[{'abbreviation': 'Game', 'name': 'overall', 'summary': '20-2', 'type': 'total'}
 {'abbreviation': None, 'name': 'Home', 'summary': '13-0', 'type': 'home'}
 {'abbreviation': None, 'name': 'Road', 'summary': '4-2', 'type': 'road'}
 {'abbreviation': None, 'name': 'vs. Conf.', 'summary': '5-2', 'type': 'vsconf'}]",23,SEC,TEX,FLA,af5c37,0021a5,ffffff,fa4616,FLA,0021a5,fa4616,TEX,af5c37,ffffff,https://raw.githubusercontent.com/sportsdataverse/wehoop-wbb-raw/main/wbb/json/final/401807589.json,2026-01-30T00:00Z,TRUE,,
401807592,2026-01-29T23:30Z,Mississippi State,Tennessee,Away,W,77,62,https://a.espncdn.com/i/teamlogos/ncaa/500/344.png,https://a.espncdn.com/i/teamlogos/ncaa/500/2633_ncw.png,99,15,23,23,,,TRUE,1,,STATUS_FINAL,23,FALSE,15,"[{'abbreviation': 'Game', 'name': 'overall', 'summary': '14-4', 'type': 'total'}
 {'abbreviation': None, 'name': 'Home', 'summary': '8-1', 'type': 'home'}
 {'abbreviation': None, 'name': 'Road', 'summary': '6-1', 'type': 'road'}
 {'abbreviation': None, 'name': 'vs. Conf.', 'summary': '6-1', 'type': 'vsconf'}]",23,TRUE,99,"[{'abbreviation': 'Game', 'name': 'overall', 'summary': '16-6', 'type': 'total'}
 {'abbreviation': None, 'name': 'Home', 'summary': '13-2', 'type': 'home'}
 {'abbreviation': None, 'name': 'Road', 'summary': '2-4', 'type': 'road'}
 {'abbreviation': None, 'name': 'vs. Conf.', 'summary': '3-5', 'type': 'vsconf'}]",23,SEC,MSST,TENN,5d1725,ff8200,c1c6c8,ffffff,TENN,ff8200,ffffff,MSST,5d1725,c1c6c8,https://raw.githubusercontent.com/sportsdataverse/wehoop-wbb-raw/main/wbb/json/final/401807592.json,2026-01-29T23:30Z,TRUE,,
401807586,2026-01-29T23:30Z,Alabama,Georgia,Away,W,68,53,https://a.espncdn.com/i/teamlogos/ncaa/500/333.png,https://a.espncdn.com/i/teamlogos/ncaa/500/61.png,24,23,23,23,,,TRUE,1,,STATUS_FINAL,23,FALSE,23,"[{'abbreviation': 'Game', 'name': 'overall', 'summary': '18-4', 'type': 'total'}
 {'abbreviation': None, 'name': 'Home', 'summary': '10-2', 'type': 'home'}
 {'abbreviation': None, 'name': 'Road', 'summary': '4-2', 'type': 'road'}
 {'abbreviation': None, 'name': 'vs. Conf.', 'summary': '4-4', 'type': 'vsconf'}]",23,TRUE,24,"[{'abbreviation': 'Game', 'name': 'overall', 'summary': '19-3', 'type': 'total'}
 {'abbreviation': None, 'name': 'Home', 'summary': '15-1', 'type': 'home'}
 {'abbreviation': None, 'name': 'Road', 'summary': '2-2', 'type': 'road'}
 {'abbreviation': None, 'name': 'vs. Conf.', 'summary': '5-3', 'type': 'vsconf'}]",23,SEC,ALA,UGA,9e1b32,ba0c2f,ffffff,2c2a29,UGA,ba0c2f,2c2a29,ALA,9e1b32,ffffff,https://raw.githubusercontent.com/sportsdataverse/wehoop-wbb-raw/main/wbb/json/final/401807586.json,2026-01-29T23:30Z,TRUE,,
401807592,2026-01-29T23:30Z,Tennessee,Mississippi State,Home,L,62,77,https://a.espncdn.com/i/teamlogos/ncaa/500/2633_ncw.png,https://a.espncdn.com/i/teamlogos/ncaa/500/344.png,15,99,23,23,,,TRUE,1,,STATUS_FINAL,23,FALSE,15,"[{'abbreviation': 'Game', 'name': 'overall', 'summary': '14-4', 'type': 'total'}
 {'abbreviation': None, 'name': 'Home', 'summary': '8-1', 'type': 'home'}
 {'abbreviation': None, 'name': 'Road', 'summary': '6-1', 'type': 'road'}
 {'abbreviation': None, 'name': 'vs. Conf.', 'summary': '6-1', 'type': 'vsconf'}]",23,TRUE,99,"[{'abbreviation': 'Game', 'name': 'overall', 'summary': '16-6', 'type': 'total'}
 {'abbreviation': None, 'name': 'Home', 'summary': '13-2', 'type': 'home'}
 {'abbreviation': None, 'name': 'Road', 'summary': '2-4', 'type': 'road'}
 {'abbreviation': None, 'name': 'vs. Conf.', 'summary': '3-5', 'type': 'vsconf'}]",23,SEC,TENN,MSST,ff8200,5d1725,ffffff,c1c6c8,TENN,ff8200,ffffff,MSST,5d1725,c1c6c8,https://raw.githubusercontent.com/sportsdataverse/wehoop-wbb-raw/main/wbb/json/final/401807592.json,2026-01-29T23:30Z,TRUE,,
401807586,2026-01-29T23:30Z,Georgia,Alabama,Home,L,53,68,https://a.espncdn.com/i/teamlogos/ncaa/500/61.png,https://a.espncdn.com/i/teamlogos/ncaa/500/333.png,23,24,23,23,,,TRUE,1,,STATUS_FINAL,23,FALSE,23,"[{'abbreviation': 'Game', 'name': 'overall', 'summary': '18-4', 'type': 'total'}
 {'abbreviation': None, 'name': 'Home', 'summary': '10-2', 'type': 'home'}
 {'abbreviation': None, 'name': 'Road', 'summary': '4-2', 'type': 'road'}
 {'abbreviation': None, 'name': 'vs. Conf.', 'summary': '4-4', 'type': 'vsconf'}]",23,TRUE,24,"[{'abbreviation': 'Game', 'name': 'overall', 'summary': '19-3', 'type': 'total'}
 {'abbreviation': None, 'name': 'Home', 'summary': '15-1', 'type': 'home'}
 {'abbreviation': None, 'name': 'Road', 'summary': '2-2', 'type': 'road'}
 {'abbreviation': None, 'name': 'vs. Conf.', 'summary': '5-3', 'type': 'vsconf'}]",23,SEC,UGA,ALA,ba0c2f,9e1b32,2c2a29,ffffff,UGA,ba0c2f,2c2a29,ALA,9e1b32,ffffff,https://raw.githubusercontent.com/sportsdataverse/wehoop-wbb-raw/main/wbb/json/final/401807586.json,2026-01-29T23:30Z,TRUE,,
401819689,2026-01-29T23:00Z,Virginia Tech,Pittsburgh,Home,W,67,50,https://a.espncdn.com/i/teamlogos/ncaa/500/259.png,https://a.espncdn.com/i/teamlogos/ncaa/500/221.png,99,99,2,2,,,TRUE,1,,STATUS_FINAL,2,TRUE,99,"[{'abbreviation': 'Game', 'name': 'overall', 'summary': '17-5', 'type': 'total'}
 {'abbreviation': None, 'name': 'Home', 'summary': '12-2', 'type': 'home'}
 {'abbreviation': None, 'name': 'Road', 'summary': '4-2', 'type': 'road'}
 {'abbreviation': None, 'name': 'vs. Conf.', 'summary': '7-3', 'type': 'vsconf'}]",2,FALSE,99,"[{'abbreviation': 'Game', 'name': 'overall', 'summary': '8-15', 'type': 'total'}
 {'abbreviation': None, 'name': 'Home', 'summary': '6-7', 'type': 'home'}
 {'abbreviation': None, 'name': 'Road', 'summary': '1-7', 'type': 'road'}
 {'abbreviation': None, 'name': 'vs. Conf.', 'summary': '1-9', 'type': 'vsconf'}]",2,ACC,VT,PITT,6a2c3e,3594,cf4520,ffb81c,VT,6a2c3e,cf4520,PITT,3594,ffb81c,https://raw.githubusercontent.com/sportsdataverse/wehoop-wbb-raw/main/wbb/json/final/401819689.json,2026-01-29T23:00Z,TRUE,,
401819569,2026-01-29T23:00Z,NC State,Boston College,Away,W,106,84,https://a.espncdn.com/i/teamlogos/ncaa/500/152.png,https://a.espncdn.com/i/teamlogos/ncaa/500/103.png,99,99,2.00E+00,2,,,TRUE,1,,STATUS_FINAL,2,FALSE,99,"[{'abbreviation': 'Game', 'name': 'overall', 'summary': '4-19', 'type': 'total'}
 {'abbreviation': None, 'name': 'Home', 'summary': '4-11', 'type': 'home'}
 {'abbreviation': None, 'name': 'Road', 'summary': '0-6', 'type': 'road'}
 {'abbreviation': None, 'name': 'vs. Conf.', 'summary': '0-10', 'type': 'vsconf'}]",2,TRUE,99,"[{'abbreviation': 'Game', 'name': 'overall', 'summary': '15-6', 'type': 'total'}
 {'abbreviation': None, 'name': 'Home', 'summary': '7-3', 'type': 'home'}
 {'abbreviation': None, 'name': 'Road', 'summary': '5-2', 'type': 'road'}
 {'abbreviation': None, 'name': 'vs. Conf.', 'summary': '8-2', 'type': 'vsconf'}]",2,ACC,NCSU,BC,cc0000,8c2232,ffffff,dbcca6,BC,8c2232,dbcca6,NCSU,cc0000,ffffff,https://raw.githubusercontent.com/sportsdataverse/wehoop-wbb-raw/main/wbb/json/final/401819569.json,2026-01-29T23:00Z,TRUE,,
401825309,2026-01-29T23:00Z,Michigan State,Purdue,Away,W,86,65,https://a.espncdn.com/i/teamlogos/ncaa/500/127.png,https://a.espncdn.com/i/teamlogos/ncaa/500/2509.png,13,99,7,7,,,TRUE,1,,STATUS_FINAL,7,FALSE,99,"[{'abbreviation': 'Game', 'name': 'overall', 'summary': '11-10', 'type': 'total'}
 {'abbreviation': None, 'name': 'Home', 'summary': '10-3', 'type': 'home'}
 {'abbreviation': None, 'name': 'Road', 'summary': '1-7', 'type': 'road'}
 {'abbreviation': None, 'name': 'vs. Conf.', 'summary': '3-7', 'type': 'vsconf'}]",7,TRUE,13,"[{'abbreviation': 'Game', 'name': 'overall', 'summary': '19-2', 'type': 'total'}
 {'abbreviation': None, 'name': 'Home', 'summary': '10-0', 'type': 'home'}
 {'abbreviation': None, 'name': 'Road', 'summary': '5-2', 'type': 'road'}
 {'abbreviation': None, 'name': 'vs. Conf.', 'summary': '8-2', 'type': 'vsconf'}]",7,Big Ten,MSU,PUR,173f35,ceb888,ffffff,0,PUR,ceb888,0,MSU,173f35,ffffff,https://raw.githubusercontent.com/sportsdataverse/wehoop-wbb-raw/main/wbb/json/final/401825309.json,2026-01-29T23:00Z,TRUE,,
401827362,2026-01-29T23:00Z,TCU,Kansas,Home,W,79,77,https://a.espncdn.com/i/teamlogos/ncaa/500/2628.png,https://a.espncdn.com/i/teamlogos/ncaa/500/2305.png,12,99,8.00E+00,8,,,TRUE,1,,STATUS_FINAL,8,TRUE,12,"[{'abbreviation': 'Game', 'name': 'overall', 'summary': '20-2', 'type': 'total'}
 {'abbreviation': None, 'name': 'Home', 'summary': '14-0', 'type': 'home'}
 {'abbreviation': None, 'name': 'Road', 'summary': '4-1', 'type': 'road'}
 {'abbreviation': None, 'name': 'vs. Conf.', 'summary': '8-1', 'type': 'vsconf'}]",8,FALSE,99,"[{'abbreviation': 'Game', 'name': 'overall', 'summary': '13-9', 'type': 'total'}
 {'abbreviation': None, 'name': 'Home', 'summary': '8-3', 'type': 'home'}
 {'abbreviation': None, 'name': 'Road', 'summary': '4-4', 'type': 'road'}
 {'abbreviation': None, 'name': 'vs. Conf.', 'summary': '3-7', 'type': 'vsconf'}]",8,Big 12,TCU,KU,4d1979,0051ba,ffffff,e8000d,TCU,4d1979,ffffff,KU,0051ba,e8000d,https://raw.githubusercontent.com/sportsdataverse/wehoop-wbb-raw/main/wbb/json/final/401827362.json,2026-01-29T23:00Z,TRUE,,
401808811,2026-01-29T23:00Z,James Madison,Louisiana,Home,W,96,45,https://a.espncdn.com/i/teamlogos/ncaa/500/256.png,https://a.espncdn.com/i/teamlogos/ncaa/500/309.png,99,99,27,27,,,TRUE,1,,STATUS_FINAL,27,TRUE,99,"[{'abbreviation': 'Game', 'name': 'overall', 'summary': '15-8', 'type': 'total'}
 {'abbreviation': None, 'name': 'Home', 'summary': '10-3', 'type': 'home'}
 {'abbreviation': None, 'name': 'Road', 'summary': '3-5', 'type': 'road'}
 {'abbreviation': None, 'name': 'vs. Conf.', 'summary': '7-4', 'type': 'vsconf'}]",27,FALSE,99,"[{'abbreviation': 'Game', 'name': 'overall', 'summary': '2-19', 'type': 'total'}
 {'abbreviation': None, 'name': 'Home', 'summary': '2-9', 'type': 'home'}
 {'abbreviation': None, 'name': 'Road', 'summary': '0-8', 'type': 'road'}
 {'abbreviation': None, 'name': 'vs. Conf.', 'summary': '1-10', 'type': 'vsconf'}]",27,Sun Belt,JMU,UL,450084,ce181e,cbb677,0,JMU,450084,cbb677,UL,ce181e,0,https://raw.githubusercontent.com/sportsdataverse/wehoop-wbb-raw/main/wbb/json/final/401808811.json,2026-01-29T23:00Z,TRUE,,
401819687,2026-01-29T23:00Z,Syracuse,Georgia Tech,Home,W,94,70,https://a.espncdn.com/i/teamlogos/ncaa/500/183.png,https://a.espncdn.com/i/teamlogos/ncaa/500/59.png,99,99,2,2,,,TRUE,1,,STATUS_FINAL,2,TRUE,99,"[{'abbreviation': 'Game', 'name': 'overall', 'summary': '17-4', 'type': 'total'}
 {'abbreviation': None, 'name': 'Home', 'summary': '13-2', 'type': 'home'}
 {'abbreviation': None, 'name': 'Road', 'summary': '3-1', 'type': 'road'}
 {'abbreviation': None, 'name': 'vs. Conf.', 'summary': '7-3', 'type': 'vsconf'}]",2,FALSE,99,"[{'abbreviation': 'Game', 'name': 'overall', 'summary': '9-13', 'type': 'total'}
 {'abbreviation': None, 'name': 'Home', 'summary': '7-4', 'type': 'home'}
 {'abbreviation': None, 'name': 'Road', 'summary': '2-7', 'type': 'road'}
 {'abbreviation': None, 'name': 'vs. Conf.', 'summary': '4-6', 'type': 'vsconf'}]",2,ACC,SYR,GT,0.00E+00,b3a369,ff431b,ffffff,SYR,0.00E+00,ff431b,GT,b3a369,ffffff,https://raw.githubusercontent.com/sportsdataverse/wehoop-wbb-raw/main/wbb/json/final/401819687.json,2026-01-29T23:00Z,TRUE,,
401819690,2026-01-29T20:00Z,Virginia,Wake Forest,Away,W,109,103,https://a.espncdn.com/i/teamlogos/ncaa/500/258.png,https://a.espncdn.com/i/teamlogos/ncaa/500/154.png,99,99,2,2,,,TRUE,1,,STATUS_FINAL,2,FALSE,99,"[{'abbreviation': 'Game', 'name': 'overall', 'summary': '12-10', 'type': 'total'}
 {'abbreviation': None, 'name': 'Home', 'summary': '8-7', 'type': 'home'}
 {'abbreviation': None, 'name': 'Road', 'summary': '1-3', 'type': 'road'}
 {'abbreviation': None, 'name': 'vs. Conf.', 'summary': '2-8', 'type': 'vsconf'}]",2,TRUE,99,"[{'abbreviation': 'Game', 'name': 'overall', 'summary': '15-6', 'type': 'total'}
 {'abbreviation': None, 'name': 'Home', 'summary': '10-3', 'type': 'home'}
 {'abbreviation': None, 'name': 'Road', 'summary': '4-2', 'type': 'road'}
 {'abbreviation': None, 'name': 'vs. Conf.', 'summary': '7-3', 'type': 'vsconf'}]",2,ACC,UVA,WAKE,f84c1e,ceb888,232d4b,2c2a29,WAKE,ceb888,2c2a29,UVA,f84c1e,232d4b,https://raw.githubusercontent.com/sportsdataverse/wehoop-wbb-raw/main/wbb/json/final/401819690.json,2026-01-29T20:00Z,TRUE,,
401825660,2026-01-29T01:00Z,UConn,Xavier,Home,W,97,39,https://a.espncdn.com/i/teamlogos/ncaa/500/41.png,https://a.espncdn.com/i/teamlogos/ncaa/500/2752.png,1,99,4,4,,,TRUE,1,,STATUS_FINAL,4,TRUE,1,"[{'abbreviation': 'Game', 'name': 'overall', 'summary': '22-0', 'type': 'total'}
 {'abbreviation': None, 'name': 'Home', 'summary': '10-0', 'type': 'home'}
 {'abbreviation': None, 'name': 'Road', 'summary': '8-0', 'type': 'road'}
 {'abbreviation': None, 'name': 'vs. Conf.', 'summary': '12-0', 'type': 'vsconf'}]",4,FALSE,99,"[{'abbreviation': 'Game', 'name': 'overall', 'summary': '10-11', 'type': 'total'}
 {'abbreviation': None, 'name': 'Home', 'summary': '7-6', 'type': 'home'}
 {'abbreviation': None, 'name': 'Road', 'summary': '3-5', 'type': 'road'}
 {'abbreviation': None, 'name': 'vs. Conf.', 'summary': '3-9', 'type': 'vsconf'}]",4,Big East,CONN,XAV,0c2340,21304e,a2aaad,a5a7a8,CONN,0c2340,a2aaad,XAV,21304e,a5a7a8,https://raw.githubusercontent.com/sportsdataverse/wehoop-wbb-raw/main/wbb/json/final/401825660.json,2026-01-29T01:00Z,TRUE,,
401825302,2026-01-29T01:00Z,Nebraska,Northwestern,Home,W,89,73,https://a.espncdn.com/i/teamlogos/ncaa/500/158.png,https://a.espncdn.com/i/teamlogos/ncaa/500/77.png,99,99,7,7,,,TRUE,1,,STATUS_FINAL,7,TRUE,99,"[{'abbreviation': 'Game', 'name': 'overall', 'summary': '16-5', 'type': 'total'}
 {'abbreviation': None, 'name': 'Home', 'summary': '12-2', 'type': 'home'}
 {'abbreviation': None, 'name': 'Road', 'summary': '1-3', 'type': 'road'}
 {'abbreviation': None, 'name': 'vs. Conf.', 'summary': '5-5', 'type': 'vsconf'}]",7,FALSE,99,"[{'abbreviation': 'Game', 'name': 'overall', 'summary': '8-13', 'type': 'total'}
 {'abbreviation': None, 'name': 'Home', 'summary': '6-5', 'type': 'home'}
 {'abbreviation': None, 'name': 'Road', 'summary': '1-7', 'type': 'road'}
 {'abbreviation': None, 'name': 'vs. Conf.', 'summary': '2-8', 'type': 'vsconf'}]",7,Big Ten,NEB,NU,e31937,492f92,ffffff,ffffff,NEB,e31937,ffffff,NU,492f92,ffffff,https://raw.githubusercontent.com/sportsdataverse/wehoop-wbb-raw/main/wbb/json/final/401825302.json,2026-01-29T01:00Z,TRUE,,
401827359,2026-01-29T00:30Z,Oklahoma State,BYU,Home,W,67,51,https://a.espncdn.com/i/teamlogos/ncaa/500/197.png,https://a.espncdn.com/i/teamlogos/ncaa/500/252.png,99,99,8,8,,,TRUE,1,,STATUS_FINAL,8,TRUE,99,"[{'abbreviation': 'Game', 'name': 'overall', 'summary': '17-5', 'type': 'total'}
 {'abbreviation': None, 'name': 'Home', 'summary': '12-1', 'type': 'home'}
 {'abbreviation': None, 'name': 'Road', 'summary': '3-3', 'type': 'road'}
 {'abbreviation': None, 'name': 'vs. Conf.', 'summary': '6-3', 'type': 'vsconf'}]",8,FALSE,99,"[{'abbreviation': 'Game', 'name': 'overall', 'summary': '15-6', 'type': 'total'}
 {'abbreviation': None, 'name': 'Home', 'summary': '10-3', 'type': 'home'}
 {'abbreviation': None, 'name': 'Road', 'summary': '4-2', 'type': 'road'}
 {'abbreviation': None, 'name': 'vs. Conf.', 'summary': '4-5', 'type': 'vsconf'}]",8,Big 12,OKST,BYU,fe5c00,0047ba,0,002e5d,OKST,fe5c00,0,BYU,0047ba,002e5d,https://raw.githubusercontent.com/sportsdataverse/wehoop-wbb-raw/main/wbb/json/final/401827359.json,2026-01-29T00:30Z,TRUE,,
401825305,2026-01-29T00:00Z,Washington,Maryland,Away,W,83,80,https://a.espncdn.com/i/teamlogos/ncaa/500/264.png,https://a.espncdn.com/i/teamlogos/ncaa/500/120.png,25,16,7,7,,,TRUE,1,,STATUS_FINAL,7,FALSE,16,"[{'abbreviation': 'Game', 'name': 'overall', 'summary': '17-5', 'type': 'total'}
 {'abbreviation': None, 'name': 'Home', 'summary': '12-3', 'type': 'home'}
 {'abbreviation': None, 'name': 'Road', 'summary': '3-2', 'type': 'road'}
 {'abbreviation': None, 'name': 'vs. Conf.', 'summary': '5-5', 'type': 'vsconf'}]",7,TRUE,25,"[{'abbreviation': 'Game', 'name': 'overall', 'summary': '17-4', 'type': 'total'}
 {'abbreviation': None, 'name': 'Home', 'summary': '12-1', 'type': 'home'}
 {'abbreviation': None, 'name': 'Road', 'summary': '5-3', 'type': 'road'}
 {'abbreviation': None, 'name': 'vs. Conf.', 'summary': '7-3', 'type': 'vsconf'}]",7,Big Ten,WASH,MD,33006f,ce1126,e8d3a2,ffffff,MD,ce1126,ffffff,WASH,33006f,e8d3a2,https://raw.githubusercontent.com/sportsdataverse/wehoop-wbb-raw/main/wbb/json/final/401825305.json,2026-01-29T00:00Z,TRUE,,
401827360,2026-01-29T00:00Z,Iowa State,Texas Tech,Away,W,84,70,https://a.espncdn.com/i/teamlogos/ncaa/500/66.png,https://a.espncdn.com/i/teamlogos/ncaa/500/2641.png,99,21,8,8,,,TRUE,1,,STATUS_FINAL,8,FALSE,21,"[{'abbreviation': 'Game', 'name': 'overall', 'summary': '20-3', 'type': 'total'}
 {'abbreviation': None, 'name': 'Home', 'summary': '11-2', 'type': 'home'}
 {'abbreviation': None, 'name': 'Road', 'summary': '6-1', 'type': 'road'}
 {'abbreviation': None, 'name': 'vs. Conf.', 'summary': '7-3', 'type': 'vsconf'}]",8,TRUE,99,"[{'abbreviation': 'Game', 'name': 'overall', 'summary': '17-5', 'type': 'total'}
 {'abbreviation': None, 'name': 'Home', 'summary': '12-2', 'type': 'home'}
 {'abbreviation': None, 'name': 'Road', 'summary': '3-3', 'type': 'road'}
 {'abbreviation': None, 'name': 'vs. Conf.', 'summary': '5-5', 'type': 'vsconf'}]",8,Big 12,ISU,TTU,ae192d,da291c,ffc72a,0,TTU,da291c,0,ISU,ae192d,ffc72a,https://raw.githubusercontent.com/sportsdataverse/wehoop-wbb-raw/main/wbb/json/final/401827360.json,2026-01-29T00:00Z,TRUE,,
401825305,2026-01-29T00:00Z,Maryland,Washington,Home,L,80,83,https://a.espncdn.com/i/teamlogos/ncaa/500/120.png,https://a.espncdn.com/i/teamlogos/ncaa/500/264.png,16,25,7,7,,,TRUE,1,,STATUS_FINAL,7,FALSE,16,"[{'abbreviation': 'Game', 'name': 'overall', 'summary': '17-5', 'type': 'total'}
 {'abbreviation': None, 'name': 'Home', 'summary': '12-3', 'type': 'home'}
 {'abbreviation': None, 'name': 'Road', 'summary': '3-2', 'type': 'road'}
 {'abbreviation': None, 'name': 'vs. Conf.', 'summary': '5-5', 'type': 'vsconf'}]",7,TRUE,25,"[{'abbreviation': 'Game', 'name': 'overall', 'summary': '17-4', 'type': 'total'}
 {'abbreviation': None, 'name': 'Home', 'summary': '12-1', 'type': 'home'}
 {'abbreviation': None, 'name': 'Road', 'summary': '5-3', 'type': 'road'}
 {'abbreviation': None, 'name': 'vs. Conf.', 'summary': '7-3', 'type': 'vsconf'}]",7,Big Ten,MD,WASH,ce1126,33006f,ffffff,e8d3a2,MD,ce1126,ffffff,WASH,33006f,e8d3a2,https://raw.githubusercontent.com/sportsdataverse/wehoop-wbb-raw/main/wbb/json/final/401825305.json,2026-01-29T00:00Z,TRUE,,
401825303,2026-01-29T00:00Z,Illinois,UCLA,Home,L,67,80,https://a.espncdn.com/i/teamlogos/ncaa/500/356.png,https://a.espncdn.com/i/teamlogos/ncaa/500/26.png,99,2,7,7,,,TRUE,1,,STATUS_FINAL,7,FALSE,99,"[{'abbreviation': 'Game', 'name': 'overall', 'summary': '15-6', 'type': 'total'}
 {'abbreviation': None, 'name': 'Home', 'summary': '11-2', 'type': 'home'}
 {'abbreviation': None, 'name': 'Road', 'summary': '4-4', 'type': 'road'}
 {'abbreviation': None, 'name': 'vs. Conf.', 'summary': '5-5', 'type': 'vsconf'}]",7,TRUE,2,"[{'abbreviation': 'Game', 'name': 'overall', 'summary': '20-1', 'type': 'total'}
 {'abbreviation': None, 'name': 'Home', 'summary': '9-0', 'type': 'home'}
 {'abbreviation': None, 'name': 'Road', 'summary': '6-0', 'type': 'road'}
 {'abbreviation': None, 'name': 'vs. Conf.', 'summary': '10-0', 'type': 'vsconf'}]",7,Big Ten,ILL,UCLA,ff5f05,2774ae,13294b,f2a900,ILL,ff5f05,13294b,UCLA,2774ae,f2a900,https://raw.githubusercontent.com/sportsdataverse/wehoop-wbb-raw/main/wbb/json/final/401825303.json,2026-01-29T00:00Z,TRUE,,
401825304,2026-01-29T00:00Z,Oregon,Rutgers,Away,W,74,53,https://a.espncdn.com/i/teamlogos/ncaa/500/2483.png,https://a.espncdn.com/i/teamlogos/ncaa/500/164.png,99,99,7,7,,,TRUE,1,,STATUS_FINAL,7,FALSE,99,"[{'abbreviation': 'Game', 'name': 'overall', 'summary': '9-12', 'type': 'total'}
 {'abbreviation': None, 'name': 'Home', 'summary': '8-7', 'type': 'home'}
 {'abbreviation': None, 'name': 'Road', 'summary': '1-5', 'type': 'road'}
 {'abbreviation': None, 'name': 'vs. Conf.', 'summary': '1-9', 'type': 'vsconf'}]",7,TRUE,99,"[{'abbreviation': 'Game', 'name': 'overall', 'summary': '16-7', 'type': 'total'}
 {'abbreviation': None, 'name': 'Home', 'summary': '10-3', 'type': 'home'}
 {'abbreviation': None, 'name': 'Road', 'summary': '4-3', 'type': 'road'}
 {'abbreviation': None, 'name': 'vs. Conf.', 'summary': '4-6', 'type': 'vsconf'}]",7,Big Ten,ORE,RUTG,00934b,ce0e2d,fff41b,ffffff,RUTG,ce0e2d,ffffff,ORE,00934b,fff41b,https://raw.githubusercontent.com/sportsdataverse/wehoop-wbb-raw/main/wbb/json/final/401825304.json,2026-01-29T00:00Z,TRUE,,
401827360,2026-01-29T00:00Z,Texas Tech,Iowa State,Home,L,70,84,https://a.espncdn.com/i/teamlogos/ncaa/500/2641.png,https://a.espncdn.com/i/teamlogos/ncaa/500/66.png,21,99,8,8,,,TRUE,1,,STATUS_FINAL,8,FALSE,21,"[{'abbreviation': 'Game', 'name': 'overall', 'summary': '20-3', 'type': 'total'}
 {'abbreviation': None, 'name': 'Home', 'summary': '11-2', 'type': 'home'}
 {'abbreviation': None, 'name': 'Road', 'summary': '6-1', 'type': 'road'}
 {'abbreviation': None, 'name': 'vs. Conf.', 'summary': '7-3', 'type': 'vsconf'}]",8,TRUE,99,"[{'abbreviation': 'Game', 'name': 'overall', 'summary': '17-5', 'type': 'total'}
 {'abbreviation': None, 'name': 'Home', 'summary': '12-2', 'type': 'home'}
 {'abbreviation': None, 'name': 'Road', 'summary': '3-3', 'type': 'road'}
 {'abbreviation': None, 'name': 'vs. Conf.', 'summary': '5-5', 'type': 'vsconf'}]",8,Big 12,TTU,ISU,da291c,ae192d,0,ffc72a,TTU,da291c,0,ISU,ae192d,ffc72a,https://raw.githubusercontent.com/sportsdataverse/wehoop-wbb-raw/main/wbb/json/final/401827360.json,2026-01-29T00:00Z,TRUE,,
401825303,2026-01-29T00:00Z,UCLA,Illinois,Away,W,80,67,https://a.espncdn.com/i/teamlogos/ncaa/500/26.png,https://a.espncdn.com/i/teamlogos/ncaa/500/356.png,2,99,7,7,,,TRUE,1,,STATUS_FINAL,7,FALSE,99,"[{'abbreviation': 'Game', 'name': 'overall', 'summary': '15-6', 'type': 'total'}
 {'abbreviation': None, 'name': 'Home', 'summary': '11-2', 'type': 'home'}
 {'abbreviation': None, 'name': 'Road', 'summary': '4-4', 'type': 'road'}
 {'abbreviation': None, 'name': 'vs. Conf.', 'summary': '5-5', 'type': 'vsconf'}]",7,TRUE,2,"[{'abbreviation': 'Game', 'name': 'overall', 'summary': '20-1', 'type': 'total'}
 {'abbreviation': None, 'name': 'Home', 'summary': '9-0', 'type': 'home'}
 {'abbreviation': None, 'name': 'Road', 'summary': '6-0', 'type': 'road'}
 {'abbreviation': None, 'name': 'vs. Conf.', 'summary': '10-0', 'type': 'vsconf'}]",7,Big Ten,UCLA,ILL,2774ae,ff5f05,f2a900,13294b,ILL,ff5f05,13294b,UCLA,2774ae,f2a900,https://raw.githubusercontent.com/sportsdataverse/wehoop-wbb-raw/main/wbb/json/final/401825303.json,2026-01-29T00:00Z,TRUE,,
401825301,2026-01-28T23:00Z,Minnesota,Penn State,Away,W,87,66,https://a.espncdn.com/i/teamlogos/ncaa/500/135.png,https://a.espncdn.com/i/teamlogos/ncaa/500/213.png,99,99,7,7,,,TRUE,1,,STATUS_FINAL,7,FALSE,99,"[{'abbreviation': 'Game', 'name': 'overall', 'summary': '7-15', 'type': 'total'}
 {'abbreviation': None, 'name': 'Home', 'summary': '4-7', 'type': 'home'}
 {'abbreviation': None, 'name': 'Road', 'summary': '1-6', 'type': 'road'}
 {'abbreviation': None, 'name': 'vs. Conf.', 'summary': '0-11', 'type': 'vsconf'}]",7,TRUE,99,"[{'abbreviation': 'Game', 'name': 'overall', 'summary': '15-6', 'type': 'total'}
 {'abbreviation': None, 'name': 'Home', 'summary': '10-2', 'type': 'home'}
 {'abbreviation': None, 'name': 'Road', 'summary': '4-3', 'type': 'road'}
 {'abbreviation': None, 'name': 'vs. Conf.', 'summary': '6-4', 'type': 'vsconf'}]",7,Big Ten,MINN,PSU,5e0a2f,61440,fab41c,ffffff,PSU,61440,ffffff,MINN,5e0a2f,fab41c,https://raw.githubusercontent.com/sportsdataverse/wehoop-wbb-raw/main/wbb/json/final/401825301.json,2026-01-28T23:00Z,TRUE,,
401829099,2026-01-28T23:00Z,Richmond,Duquesne,Home,W,86,55,https://a.espncdn.com/i/teamlogos/ncaa/500/257.png,https://a.espncdn.com/i/teamlogos/ncaa/500/2184.png,99,99,3,3,,,TRUE,1,,STATUS_FINAL,3,TRUE,99,"[{'abbreviation': 'Game', 'name': 'overall', 'summary': '17-4', 'type': 'total'}
 {'abbreviation': None, 'name': 'Home', 'summary': '9-1', 'type': 'home'}
 {'abbreviation': None, 'name': 'Road', 'summary': '5-2', 'type': 'road'}
 {'abbreviation': None, 'name': 'vs. Conf.', 'summary': '7-1', 'type': 'vsconf'}]",3,FALSE,99,"[{'abbreviation': 'Game', 'name': 'overall', 'summary': '7-14', 'type': 'total'}
 {'abbreviation': None, 'name': 'Home', 'summary': '5-5', 'type': 'home'}
 {'abbreviation': None, 'name': 'Road', 'summary': '2-8', 'type': 'road'}
 {'abbreviation': None, 'name': 'vs. Conf.', 'summary': '0-10', 'type': 'vsconf'}]",3,A-10,RICH,DUQ,9e0712,002D62,b90b2e,b90b2e,RICH,9e0712,b90b2e,DUQ,002D62,b90b2e,https://raw.githubusercontent.com/sportsdataverse/wehoop-wbb-raw/main/wbb/json/final/401829099.json,2026-01-28T23:00Z,TRUE,,
401827357,2026-01-28T02:00Z,West Virginia,Utah,Away,L,64,71,https://a.espncdn.com/i/teamlogos/ncaa/500/277.png,https://a.espncdn.com/i/teamlogos/ncaa/500/254.png,22,99,8,8,,,TRUE,1,,STATUS_FINAL,8,TRUE,99,"[{'abbreviation': 'Game', 'name': 'overall', 'summary': '15-6', 'type': 'total'}
 {'abbreviation': None, 'name': 'Home', 'summary': '8-4', 'type': 'home'}
 {'abbreviation': None, 'name': 'Road', 'summary': '7-0', 'type': 'road'}
 {'abbreviation': None, 'name': 'vs. Conf.', 'summary': '6-3', 'type': 'vsconf'}]",8,FALSE,22,"[{'abbreviation': 'Game', 'name': 'overall', 'summary': '17-5', 'type': 'total'}
 {'abbreviation': None, 'name': 'Home', 'summary': '9-3', 'type': 'home'}
 {'abbreviation': None, 'name': 'Road', 'summary': '6-1', 'type': 'road'}
 {'abbreviation': None, 'name': 'vs. Conf.', 'summary': '7-3', 'type': 'vsconf'}]",8,Big 12,WVU,UTAH,eaaa00,be0000,2855,ffffff,UTAH,be0000,ffffff,WVU,eaaa00,2855,https://raw.githubusercontent.com/sportsdataverse/wehoop-wbb-raw/main/wbb/json/final/401827357.json,2026-01-28T02:00Z,TRUE,,
401827354,2026-01-28T01:00Z,Baylor,Houston,Home,W,82,66,https://a.espncdn.com/i/teamlogos/ncaa/500/239.png,https://a.espncdn.com/i/teamlogos/ncaa/500/248.png,14,99,8,8,,,TRUE,1,,STATUS_FINAL,8,TRUE,14,"[{'abbreviation': 'Game', 'name': 'overall', 'summary': '19-3', 'type': 'total'}
 {'abbreviation': None, 'name': 'Home', 'summary': '12-1', 'type': 'home'}
 {'abbreviation': None, 'name': 'Road', 'summary': '5-0', 'type': 'road'}
 {'abbreviation': None, 'name': 'vs. Conf.', 'summary': '8-1', 'type': 'vsconf'}]",8,FALSE,99,"[{'abbreviation': 'Game', 'name': 'overall', 'summary': '6-14', 'type': 'total'}
 {'abbreviation': None, 'name': 'Home', 'summary': '4-6', 'type': 'home'}
 {'abbreviation': None, 'name': 'Road', 'summary': '1-7', 'type': 'road'}
 {'abbreviation': None, 'name': 'vs. Conf.', 'summary': '0-9', 'type': 'vsconf'}]",8,Big 12,BAY,HOU,1.55E+05,c8102e,ffb81c,ffffff,BAY,154734,ffb81c,HOU,c8102e,ffffff,https://raw.githubusercontent.com/sportsdataverse/wehoop-wbb-raw/main/wbb/json/final/401827354.json,2026-01-28T01:00Z,TRUE,,
401825657,2026-01-28T00:00Z,Villanova,Providence,Home,W,83,68,https://a.espncdn.com/i/teamlogos/ncaa/500/222.png,https://a.espncdn.com/i/teamlogos/ncaa/500/2507.png,99,99,4,4,,,TRUE,1,,STATUS_FINAL,4,TRUE,99,"[{'abbreviation': 'Game', 'name': 'overall', 'summary': '16-5', 'type': 'total'}
 {'abbreviation': None, 'name': 'Home', 'summary': '9-2', 'type': 'home'}
 {'abbreviation': None, 'name': 'Road', 'summary': '6-3', 'type': 'road'}
 {'abbreviation': None, 'name': 'vs. Conf.', 'summary': '9-3', 'type': 'vsconf'}]",4,FALSE,99,"[{'abbreviation': 'Game', 'name': 'overall', 'summary': '10-12', 'type': 'total'}
 {'abbreviation': None, 'name': 'Home', 'summary': '8-5', 'type': 'home'}
 {'abbreviation': None, 'name': 'Road', 'summary': '2-6', 'type': 'road'}
 {'abbreviation': None, 'name': 'vs. Conf.', 'summary': '3-8', 'type': 'vsconf'}]",4,Big East,VILL,PROV,00205b,0,13b5ea,a3a19e,VILL,00205b,13b5ea,PROV,0,a3a19e,https://raw.githubusercontent.com/sportsdataverse/wehoop-wbb-raw/main/wbb/json/final/401825657.json,2026-01-28T00:00Z,TRUE,,
401807584,2026-01-27T00:00Z,LSU,Florida,Home,W,89,60,https://a.espncdn.com/i/teamlogos/ncaa/500/99.png,https://a.espncdn.com/i/teamlogos/ncaa/500/57.png,6,99,23,23,,,TRUE,1,,STATUS_FINAL,23,TRUE,6,"[{'abbreviation': 'Game', 'name': 'overall', 'summary': '19-2', 'type': 'total'}
 {'abbreviation': None, 'name': 'Home', 'summary': '9-1', 'type': 'home'}
 {'abbreviation': None, 'name': 'Road', 'summary': '7-1', 'type': 'road'}
 {'abbreviation': None, 'name': 'vs. Conf.', 'summary': '5-2', 'type': 'vsconf'}]",23,FALSE,99,"[{'abbreviation': 'Game', 'name': 'overall', 'summary': '13-9', 'type': 'total'}
 {'abbreviation': None, 'name': 'Home', 'summary': '10-3', 'type': 'home'}
 {'abbreviation': None, 'name': 'Road', 'summary': '1-6', 'type': 'road'}
 {'abbreviation': None, 'name': 'vs. Conf.', 'summary': '1-6', 'type': 'vsconf'}]",23,SEC,LSU,FLA,461d76,0021a5,fdd023,fa4616,LSU,461d76,fdd023,FLA,0021a5,fa4616,https://raw.githubusercontent.com/sportsdataverse/wehoop-wbb-raw/main/wbb/json/final/401807584.json,2026-01-27T00:00Z,TRUE,,
401807584,2026-01-27T00:00Z,Florida,LSU,Away,L,60,89,https://a.espncdn.com/i/teamlogos/ncaa/500/57.png,https://a.espncdn.com/i/teamlogos/ncaa/500/99.png,99,6,23,23,,,TRUE,1,,STATUS_FINAL,23,TRUE,6,"[{'abbreviation': 'Game', 'name': 'overall', 'summary': '19-2', 'type': 'total'}
 {'abbreviation': None, 'name': 'Home', 'summary': '9-1', 'type': 'home'}
 {'abbreviation': None, 'name': 'Road', 'summary': '7-1', 'type': 'road'}
 {'abbreviation': None, 'name': 'vs. Conf.', 'summary': '5-2', 'type': 'vsconf'}]",23,FALSE,99,"[{'abbreviation': 'Game', 'name': 'overall', 'summary': '13-9', 'type': 'total'}
 {'abbreviation': None, 'name': 'Home', 'summary': '10-3', 'type': 'home'}
 {'abbreviation': None, 'name': 'Road', 'summary': '1-6', 'type': 'road'}
 {'abbreviation': None, 'name': 'vs. Conf.', 'summary': '1-6', 'type': 'vsconf'}]",23,SEC,FLA,LSU,0021a5,461d76,fa4616,fdd023,LSU,461d76,fdd023,FLA,0021a5,fa4616,https://raw.githubusercontent.com/sportsdataverse/wehoop-wbb-raw/main/wbb/json/final/401807584.json,2026-01-27T00:00Z,TRUE,,
401825300,2026-01-26T20:00Z,Washington,Rutgers,Away,W,76,48,https://a.espncdn.com/i/teamlogos/ncaa/500/264.png,https://a.espncdn.com/i/teamlogos/ncaa/500/164.png,25,99,7,7,,,TRUE,1,,STATUS_FINAL,7,FALSE,99,"[{'abbreviation': 'Game', 'name': 'overall', 'summary': '9-11', 'type': 'total'}
 {'abbreviation': None, 'name': 'Home', 'summary': '8-6', 'type': 'home'}
 {'abbreviation': None, 'name': 'Road', 'summary': '1-5', 'type': 'road'}
 {'abbreviation': None, 'name': 'vs. Conf.', 'summary': '1-8', 'type': 'vsconf'}]",7,TRUE,25,"[{'abbreviation': 'Game', 'name': 'overall', 'summary': '16-4', 'type': 'total'}
 {'abbreviation': None, 'name': 'Home', 'summary': '12-1', 'type': 'home'}
 {'abbreviation': None, 'name': 'Road', 'summary': '4-3', 'type': 'road'}
 {'abbreviation': None, 'name': 'vs. Conf.', 'summary': '6-3', 'type': 'vsconf'}]",7,Big Ten,WASH,RUTG,33006f,ce0e2d,e8d3a2,ffffff,RUTG,ce0e2d,ffffff,WASH,33006f,e8d3a2,https://raw.githubusercontent.com/sportsdataverse/wehoop-wbb-raw/main/wbb/json/final/401825300.json,2026-01-26T20:00Z,TRUE,,
401819620,2026-01-25T23:00Z,Stanford,California,Away,L,71,78,https://a.espncdn.com/i/teamlogos/ncaa/500/24.png,https://a.espncdn.com/i/teamlogos/ncaa/500/25.png,99,99,2,2,,,TRUE,1,,STATUS_FINAL,2,TRUE,99,"[{'abbreviation': 'Game', 'name': 'overall', 'summary': '12-9', 'type': 'total'}
 {'abbreviation': None, 'name': 'Home', 'summary': '10-1', 'type': 'home'}
 {'abbreviation': None, 'name': 'Road', 'summary': '1-5', 'type': 'road'}
 {'abbreviation': None, 'name': 'vs. Conf.', 'summary': '3-5', 'type': 'vsconf'}]",2,FALSE,99,"[{'abbreviation': 'Game', 'name': 'overall', 'summary': '15-6', 'type': 'total'}
 {'abbreviation': None, 'name': 'Home', 'summary': '9-2', 'type': 'home'}
 {'abbreviation': None, 'name': 'Road', 'summary': '4-3', 'type': 'road'}
 {'abbreviation': None, 'name': 'vs. Conf.', 'summary': '4-4', 'type': 'vsconf'}]",2,ACC,STAN,CAL,8c1515,4.10E+43,ffffff,ffc72c,CAL,4.10E+43,ffc72c,STAN,8c1515,ffffff,https://raw.githubusercontent.com/sportsdataverse/wehoop-wbb-raw/main/wbb/json/final/401819620.json,2026-01-25T23:00Z,TRUE,,
401808757,2026-01-25T21:00Z,James Madison,Arkansas State,Away,L,67,74,https://a.espncdn.com/i/teamlogos/ncaa/500/256.png,https://a.espncdn.com/i/teamlogos/ncaa/500/2032.png,99,99,27,27,,,TRUE,1,,STATUS_FINAL,27,TRUE,99,"[{'abbreviation': 'Game', 'name': 'overall', 'summary': '18-4', 'type': 'total'}
 {'abbreviation': None, 'name': 'Home', 'summary': '10-1', 'type': 'home'}
 {'abbreviation': None, 'name': 'Road', 'summary': '6-3', 'type': 'road'}
 {'abbreviation': None, 'name': 'vs. Conf.', 'summary': '9-1', 'type': 'vsconf'}]",27,FALSE,99,"[{'abbreviation': 'Game', 'name': 'overall', 'summary': '14-8', 'type': 'total'}
 {'abbreviation': None, 'name': 'Home', 'summary': '9-3', 'type': 'home'}
 {'abbreviation': None, 'name': 'Road', 'summary': '3-5', 'type': 'road'}
 {'abbreviation': None, 'name': 'vs. Conf.', 'summary': '6-4', 'type': 'vsconf'}]",27,Sun Belt,JMU,ARST,450084,cc092f,cbb677,0,ARST,cc092f,0,JMU,450084,cbb677,https://raw.githubusercontent.com/sportsdataverse/wehoop-wbb-raw/main/wbb/json/final/401808757.json,2026-01-25T21:00Z,TRUE,,
401825298,2026-01-25T21:00Z,UCLA,Northwestern,Away,W,80,46,https://a.espncdn.com/i/teamlogos/ncaa/500/26.png,https://a.espncdn.com/i/teamlogos/ncaa/500/77.png,3,99,7,7,,,TRUE,1,,STATUS_FINAL,7,FALSE,99,"[{'abbreviation': 'Game', 'name': 'overall', 'summary': '8-12', 'type': 'total'}
 {'abbreviation': None, 'name': 'Home', 'summary': '6-5', 'type': 'home'}
 {'abbreviation': None, 'name': 'Road', 'summary': '1-6', 'type': 'road'}
 {'abbreviation': None, 'name': 'vs. Conf.', 'summary': '2-7', 'type': 'vsconf'}]",7,TRUE,3,"[{'abbreviation': 'Game', 'name': 'overall', 'summary': '19-1', 'type': 'total'}
 {'abbreviation': None, 'name': 'Home', 'summary': '9-0', 'type': 'home'}
 {'abbreviation': None, 'name': 'Road', 'summary': '5-0', 'type': 'road'}
 {'abbreviation': None, 'name': 'vs. Conf.', 'summary': '9-0', 'type': 'vsconf'}]",7,Big Ten,UCLA,NU,2774ae,492f92,f2a900,ffffff,NU,492f92,ffffff,UCLA,2774ae,f2a900,https://raw.githubusercontent.com/sportsdataverse/wehoop-wbb-raw/main/wbb/json/final/401825298.json,2026-01-25T21:00Z,TRUE,,
401819593,2026-01-25T20:00Z,Notre Dame,Clemson,Home,L,58,65,https://a.espncdn.com/i/teamlogos/ncaa/500/87.png,https://a.espncdn.com/i/teamlogos/ncaa/500/228.png,99,99,2,2,,,TRUE,1,,STATUS_FINAL,2,FALSE,99,"[{'abbreviation': 'Game', 'name': 'overall', 'summary': '13-7', 'type': 'total'}
 {'abbreviation': None, 'name': 'Home', 'summary': '11-2', 'type': 'home'}
 {'abbreviation': None, 'name': 'Road', 'summary': '2-4', 'type': 'road'}
 {'abbreviation': None, 'name': 'vs. Conf.', 'summary': '5-4', 'type': 'vsconf'}]",2,TRUE,99,"[{'abbreviation': 'Game', 'name': 'overall', 'summary': '14-7', 'type': 'total'}
 {'abbreviation': None, 'name': 'Home', 'summary': '7-1', 'type': 'home'}
 {'abbreviation': None, 'name': 'Road', 'summary': '6-5', 'type': 'road'}
 {'abbreviation': None, 'name': 'vs. Conf.', 'summary': '5-4', 'type': 'vsconf'}]",2,ACC,ND,CLEM,62340,f56600,c99700,ffffff,ND,62340,c99700,CLEM,f56600,ffffff,https://raw.githubusercontent.com/sportsdataverse/wehoop-wbb-raw/main/wbb/json/final/401819593.json,2026-01-25T20:00Z,TRUE,,
401825297,2026-01-25T20:00Z,Minnesota,Wisconsin,Home,W,88,53,https://a.espncdn.com/i/teamlogos/ncaa/500/135.png,https://a.espncdn.com/i/teamlogos/ncaa/500/275.png,99,99,7,7,,,TRUE,1,,STATUS_FINAL,7,TRUE,99,"[{'abbreviation': 'Game', 'name': 'overall', 'summary': '14-6', 'type': 'total'}
 {'abbreviation': None, 'name': 'Home', 'summary': '10-2', 'type': 'home'}
 {'abbreviation': None, 'name': 'Road', 'summary': '3-3', 'type': 'road'}
 {'abbreviation': None, 'name': 'vs. Conf.', 'summary': '5-4', 'type': 'vsconf'}]",7,FALSE,99,"[{'abbreviation': 'Game', 'name': 'overall', 'summary': '13-8', 'type': 'total'}
 {'abbreviation': None, 'name': 'Home', 'summary': '11-1', 'type': 'home'}
 {'abbreviation': None, 'name': 'Road', 'summary': '2-5', 'type': 'road'}
 {'abbreviation': None, 'name': 'vs. Conf.', 'summary': '5-5', 'type': 'vsconf'}]",7,Big Ten,MINN,WIS,5e0a2f,a00000,fab41c,ffffff,MINN,5e0a2f,fab41c,WIS,a00000,ffffff,https://raw.githubusercontent.com/sportsdataverse/wehoop-wbb-raw/main/wbb/json/final/401825297.json,2026-01-25T20:00Z,TRUE,,
401827355,2026-01-25T20:00Z,Colorado,Oklahoma State,Home,W,79,65,https://a.espncdn.com/i/teamlogos/ncaa/500/38.png,https://a.espncdn.com/i/teamlogos/ncaa/500/197.png,99,99,8,8,,,TRUE,1,,STATUS_FINAL,8,TRUE,99,"[{'abbreviation': 'Game', 'name': 'overall', 'summary': '13-7', 'type': 'total'}
 {'abbreviation': None, 'name': 'Home', 'summary': '11-1', 'type': 'home'}
 {'abbreviation': None, 'name': 'Road', 'summary': '0-5', 'type': 'road'}
 {'abbreviation': None, 'name': 'vs. Conf.', 'summary': '4-4', 'type': 'vsconf'}]",8,FALSE,99,"[{'abbreviation': 'Game', 'name': 'overall', 'summary': '16-5', 'type': 'total'}
 {'abbreviation': None, 'name': 'Home', 'summary': '11-1', 'type': 'home'}
 {'abbreviation': None, 'name': 'Road', 'summary': '3-3', 'type': 'road'}
 {'abbreviation': None, 'name': 'vs. Conf.', 'summary': '5-3', 'type': 'vsconf'}]",8,Big 12,COLO,OKST,cfb87c,fe5c00,0,0,COLO,cfb87c,0,OKST,fe5c00,0,https://raw.githubusercontent.com/sportsdataverse/wehoop-wbb-raw/main/wbb/json/final/401827355.json,2026-01-25T20:00Z,TRUE,,
401807578,2026-01-25T20:00Z,South Carolina,Vanderbilt,Home,W,103,74,https://a.espncdn.com/i/teamlogos/ncaa/500/2579.png,https://a.espncdn.com/i/teamlogos/ncaa/500/238.png,2,5,23,23,,,TRUE,1,,STATUS_FINAL,23,TRUE,2,"[{'abbreviation': 'Game', 'name': 'overall', 'summary': '20-2', 'type': 'total'}
 {'abbreviation': None, 'name': 'Home', 'summary': '12-0', 'type': 'home'}
 {'abbreviation': None, 'name': 'Road', 'summary': '6-1', 'type': 'road'}
 {'abbreviation': None, 'name': 'vs. Conf.', 'summary': '6-1', 'type': 'vsconf'}]",23,FALSE,5,"[{'abbreviation': 'Game', 'name': 'overall', 'summary': '20-1', 'type': 'total'}
 {'abbreviation': None, 'name': 'Home', 'summary': '11-0', 'type': 'home'}
 {'abbreviation': None, 'name': 'Road', 'summary': '5-1', 'type': 'road'}
 {'abbreviation': None, 'name': 'vs. Conf.', 'summary': '6-1', 'type': 'vsconf'}]",23,SEC,SC,VAN,73000a,0,0,cfae70,SC,73000a,0,VAN,0,cfae70,https://raw.githubusercontent.com/sportsdataverse/wehoop-wbb-raw/main/wbb/json/final/401807578.json,2026-01-25T20:00Z,TRUE,,
401819593,2026-01-25T20:00Z,Clemson,Notre Dame,Away,W,65,58,https://a.espncdn.com/i/teamlogos/ncaa/500/228.png,https://a.espncdn.com/i/teamlogos/ncaa/500/87.png,99,99,2,2,,,TRUE,1,,STATUS_FINAL,2,FALSE,99,"[{'abbreviation': 'Game', 'name': 'overall', 'summary': '13-7', 'type': 'total'}
 {'abbreviation': None, 'name': 'Home', 'summary': '11-2', 'type': 'home'}
 {'abbreviation': None, 'name': 'Road', 'summary': '2-4', 'type': 'road'}
 {'abbreviation': None, 'name': 'vs. Conf.', 'summary': '5-4', 'type': 'vsconf'}]",2,TRUE,99,"[{'abbreviation': 'Game', 'name': 'overall', 'summary': '14-7', 'type': 'total'}
 {'abbreviation': None, 'name': 'Home', 'summary': '7-1', 'type': 'home'}
 {'abbreviation': None, 'name': 'Road', 'summary': '6-5', 'type': 'road'}
 {'abbreviation': None, 'name': 'vs. Conf.', 'summary': '5-4', 'type': 'vsconf'}]",2,ACC,CLEM,ND,f56600,62340,ffffff,c99700,ND,62340,c99700,CLEM,f56600,ffffff,https://raw.githubusercontent.com/sportsdataverse/wehoop-wbb-raw/main/wbb/json/final/401819593.json,2026-01-25T20:00Z,TRUE,,
401807583,2026-01-25T20:00Z,Alabama,Mississippi State,Home,W,85,78,https://a.espncdn.com/i/teamlogos/ncaa/500/333.png,https://a.espncdn.com/i/teamlogos/ncaa/500/344.png,23,99,23,23,,,TRUE,1,,STATUS_FINAL,23,TRUE,23,"[{'abbreviation': 'Game', 'name': 'overall', 'summary': '18-3', 'type': 'total'}
 {'abbreviation': None, 'name': 'Home', 'summary': '15-1', 'type': 'home'}
 {'abbreviation': None, 'name': 'Road', 'summary': '1-2', 'type': 'road'}
 {'abbreviation': None, 'name': 'vs. Conf.', 'summary': '4-3', 'type': 'vsconf'}]",23,FALSE,99,"[{'abbreviation': 'Game', 'name': 'overall', 'summary': '15-6', 'type': 'total'}
 {'abbreviation': None, 'name': 'Home', 'summary': '13-2', 'type': 'home'}
 {'abbreviation': None, 'name': 'Road', 'summary': '1-4', 'type': 'road'}
 {'abbreviation': None, 'name': 'vs. Conf.', 'summary': '2-5', 'type': 'vsconf'}]",23,SEC,ALA,MSST,9e1b32,5d1725,ffffff,c1c6c8,ALA,9e1b32,ffffff,MSST,5d1725,c1c6c8,https://raw.githubusercontent.com/sportsdataverse/wehoop-wbb-raw/main/wbb/json/final/401807583.json,2026-01-25T20:00Z,TRUE,,
401807578,2026-01-25T20:00Z,Vanderbilt,South Carolina,Away,L,74,103,https://a.espncdn.com/i/teamlogos/ncaa/500/238.png,https://a.espncdn.com/i/teamlogos/ncaa/500/2579.png,5,2,23,23,,,TRUE,1,,STATUS_FINAL,23,TRUE,2,"[{'abbreviation': 'Game', 'name': 'overall', 'summary': '20-2', 'type': 'total'}
 {'abbreviation': None, 'name': 'Home', 'summary': '12-0', 'type': 'home'}
 {'abbreviation': None, 'name': 'Road', 'summary': '6-1', 'type': 'road'}
 {'abbreviation': None, 'name': 'vs. Conf.', 'summary': '6-1', 'type': 'vsconf'}]",23,FALSE,5,"[{'abbreviation': 'Game', 'name': 'overall', 'summary': '20-1', 'type': 'total'}
 {'abbreviation': None, 'name': 'Home', 'summary': '11-0', 'type': 'home'}
 {'abbreviation': None, 'name': 'Road', 'summary': '5-1', 'type': 'road'}
 {'abbreviation': None, 'name': 'vs. Conf.', 'summary': '6-1', 'type': 'vsconf'}]",23,SEC,VAN,SC,0.00E+00,73000a,cfae70,0,SC,73000a,0,VAN,0,cfae70,https://raw.githubusercontent.com/sportsdataverse/wehoop-wbb-raw/main/wbb/json/final/401807578.json,2026-01-25T20:00Z,TRUE,,
401807583,2026-01-25T20:00Z,Mississippi State,Alabama,Away,L,78,85,https://a.espncdn.com/i/teamlogos/ncaa/500/344.png,https://a.espncdn.com/i/teamlogos/ncaa/500/333.png,99,23,23,23,,,TRUE,1,,STATUS_FINAL,23,TRUE,23,"[{'abbreviation': 'Game', 'name': 'overall', 'summary': '18-3', 'type': 'total'}
 {'abbreviation': None, 'name': 'Home', 'summary': '15-1', 'type': 'home'}
 {'abbreviation': None, 'name': 'Road', 'summary': '1-2', 'type': 'road'}
 {'abbreviation': None, 'name': 'vs. Conf.', 'summary': '4-3', 'type': 'vsconf'}]",23,FALSE,99,"[{'abbreviation': 'Game', 'name': 'overall', 'summary': '15-6', 'type': 'total'}
 {'abbreviation': None, 'name': 'Home', 'summary': '13-2', 'type': 'home'}
 {'abbreviation': None, 'name': 'Road', 'summary': '1-4', 'type': 'road'}
 {'abbreviation': None, 'name': 'vs. Conf.', 'summary': '2-5', 'type': 'vsconf'}]",23,SEC,MSST,ALA,5d1725,9e1b32,c1c6c8,ffffff,ALA,9e1b32,ffffff,MSST,5d1725,c1c6c8,https://raw.githubusercontent.com/sportsdataverse/wehoop-wbb-raw/main/wbb/json/final/401807583.json,2026-01-25T20:00Z,TRUE,,
401827355,2026-01-25T20:00Z,Oklahoma State,Colorado,Away,L,65,79,https://a.espncdn.com/i/teamlogos/ncaa/500/197.png,https://a.espncdn.com/i/teamlogos/ncaa/500/38.png,99,99,8,8,,,TRUE,1,,STATUS_FINAL,8,TRUE,99,"[{'abbreviation': 'Game', 'name': 'overall', 'summary': '13-7', 'type': 'total'}
 {'abbreviation': None, 'name': 'Home', 'summary': '11-1', 'type': 'home'}
 {'abbreviation': None, 'name': 'Road', 'summary': '0-5', 'type': 'road'}
 {'abbreviation': None, 'name': 'vs. Conf.', 'summary': '4-4', 'type': 'vsconf'}]",8,FALSE,99,"[{'abbreviation': 'Game', 'name': 'overall', 'summary': '16-5', 'type': 'total'}
 {'abbreviation': None, 'name': 'Home', 'summary': '11-1', 'type': 'home'}
 {'abbreviation': None, 'name': 'Road', 'summary': '3-3', 'type': 'road'}
 {'abbreviation': None, 'name': 'vs. Conf.', 'summary': '5-3', 'type': 'vsconf'}]",8,Big 12,OKST,COLO,fe5c00,cfb87c,0,0,COLO,cfb87c,0,OKST,fe5c00,0,https://raw.githubusercontent.com/sportsdataverse/wehoop-wbb-raw/main/wbb/json/final/401827355.json,2026-01-25T20:00Z,TRUE,,
401829096,2026-01-25T19:00Z,Rhode Island,Dayton,Away,W,79,66,https://a.espncdn.com/i/teamlogos/ncaa/500/227.png,https://a.espncdn.com/i/teamlogos/ncaa/500/2168.png,99,99,3,3,,,TRUE,1,,STATUS_FINAL,3,FALSE,99,"[{'abbreviation': 'Game', 'name': 'overall', 'summary': '10-10', 'type': 'total'}
 {'abbreviation': None, 'name': 'Home', 'summary': '5-4', 'type': 'home'}
 {'abbreviation': None, 'name': 'Road', 'summary': '4-5', 'type': 'road'}
 {'abbreviation': None, 'name': 'vs. Conf.', 'summary': '3-6', 'type': 'vsconf'}]",3,TRUE,99,"[{'abbreviation': 'Game', 'name': 'overall', 'summary': '18-2', 'type': 'total'}
 {'abbreviation': None, 'name': 'Home', 'summary': '9-1', 'type': 'home'}
 {'abbreviation': None, 'name': 'Road', 'summary': '9-1', 'type': 'road'}
 {'abbreviation': None, 'name': 'vs. Conf.', 'summary': '9-0', 'type': 'vsconf'}]",3,A-10,URI,DAY,091f3f,004B8D,5ab3e8,ffffff,DAY,004B8D,ffffff,URI,091f3f,5ab3e8,https://raw.githubusercontent.com/sportsdataverse/wehoop-wbb-raw/main/wbb/json/final/401829096.json,2026-01-25T19:00Z,TRUE,,
401825299,2026-01-25T19:00Z,USC,Michigan,Away,L,67,73,https://a.espncdn.com/i/teamlogos/ncaa/500/30.png,https://a.espncdn.com/i/teamlogos/ncaa/500/130.png,99,7,7,7,,,TRUE,1,,STATUS_FINAL,7,TRUE,7,"[{'abbreviation': 'Game', 'name': 'overall', 'summary': '17-3', 'type': 'total'}
 {'abbreviation': None, 'name': 'Home', 'summary': '11-0', 'type': 'home'}
 {'abbreviation': None, 'name': 'Road', 'summary': '4-1', 'type': 'road'}
 {'abbreviation': None, 'name': 'vs. Conf.', 'summary': '8-1', 'type': 'vsconf'}]",7,FALSE,99,"[{'abbreviation': 'Game', 'name': 'overall', 'summary': '11-9', 'type': 'total'}
 {'abbreviation': None, 'name': 'Home', 'summary': '8-3', 'type': 'home'}
 {'abbreviation': None, 'name': 'Road', 'summary': '1-5', 'type': 'road'}
 {'abbreviation': None, 'name': 'vs. Conf.', 'summary': '3-6', 'type': 'vsconf'}]",7,Big Ten,USC,MICH,9d2235,00274c,ffc72c,ffcb05,MICH,00274c,ffcb05,USC,9d2235,ffc72c,https://raw.githubusercontent.com/sportsdataverse/wehoop-wbb-raw/main/wbb/json/final/401825299.json,2026-01-25T19:00Z,TRUE,,
401825296,2026-01-25T19:00Z,Ohio State,Iowa,Away,L,70,91,https://a.espncdn.com/i/teamlogos/ncaa/500/194.png,https://a.espncdn.com/i/teamlogos/ncaa/500/2294.png,12,10,7,7,,,TRUE,1,,STATUS_FINAL,7,TRUE,10,"[{'abbreviation': 'Game', 'name': 'overall', 'summary': '18-2', 'type': 'total'}
 {'abbreviation': None, 'name': 'Home', 'summary': '11-0', 'type': 'home'}
 {'abbreviation': None, 'name': 'Road', 'summary': '5-1', 'type': 'road'}
 {'abbreviation': None, 'name': 'vs. Conf.', 'summary': '9-0', 'type': 'vsconf'}]",7,FALSE,12,"[{'abbreviation': 'Game', 'name': 'overall', 'summary': '18-3', 'type': 'total'}
 {'abbreviation': None, 'name': 'Home', 'summary': '11-1', 'type': 'home'}
 {'abbreviation': None, 'name': 'Road', 'summary': '4-2', 'type': 'road'}
 {'abbreviation': None, 'name': 'vs. Conf.', 'summary': '7-2', 'type': 'vsconf'}]",7,Big Ten,OSU,IOWA,ba0c2f,231f20,a8adb4,fcd116,IOWA,231f20,fcd116,OSU,ba0c2f,a8adb4,https://raw.githubusercontent.com/sportsdataverse/wehoop-wbb-raw/main/wbb/json/final/401825296.json,2026-01-25T19:00Z,TRUE,,
401825299,2026-01-25T19:00Z,Michigan,USC,Home,W,73,67,https://a.espncdn.com/i/teamlogos/ncaa/500/130.png,https://a.espncdn.com/i/teamlogos/ncaa/500/30.png,7,99,7,7,,,TRUE,1,,STATUS_FINAL,7,TRUE,7,"[{'abbreviation': 'Game', 'name': 'overall', 'summary': '17-3', 'type': 'total'}
 {'abbreviation': None, 'name': 'Home', 'summary': '11-0', 'type': 'home'}
 {'abbreviation': None, 'name': 'Road', 'summary': '4-1', 'type': 'road'}
 {'abbreviation': None, 'name': 'vs. Conf.', 'summary': '8-1', 'type': 'vsconf'}]",7,FALSE,99,"[{'abbreviation': 'Game', 'name': 'overall', 'summary': '11-9', 'type': 'total'}
 {'abbreviation': None, 'name': 'Home', 'summary': '8-3', 'type': 'home'}
 {'abbreviation': None, 'name': 'Road', 'summary': '1-5', 'type': 'road'}
 {'abbreviation': None, 'name': 'vs. Conf.', 'summary': '3-6', 'type': 'vsconf'}]",7,Big Ten,MICH,USC,00274c,9d2235,ffcb05,ffc72c,MICH,00274c,ffcb05,USC,9d2235,ffc72c,https://raw.githubusercontent.com/sportsdataverse/wehoop-wbb-raw/main/wbb/json/final/401825299.json,2026-01-25T19:00Z,TRUE,,
401807580,2026-01-25T19:00Z,Oklahoma,Auburn,Away,W,72,65,https://a.espncdn.com/i/teamlogos/ncaa/500/201.png,https://a.espncdn.com/i/teamlogos/ncaa/500/2.png,16,99,23,23,,,TRUE,1,,STATUS_FINAL,23,FALSE,99,"[{'abbreviation': 'Game', 'name': 'overall', 'summary': '13-8', 'type': 'total'}
 {'abbreviation': None, 'name': 'Home', 'summary': '9-3', 'type': 'home'}
 {'abbreviation': None, 'name': 'Road', 'summary': '2-5', 'type': 'road'}
 {'abbreviation': None, 'name': 'vs. Conf.', 'summary': '2-5', 'type': 'vsconf'}]",23,TRUE,16,"[{'abbreviation': 'Game', 'name': 'overall', 'summary': '16-4', 'type': 'total'}
 {'abbreviation': None, 'name': 'Home', 'summary': '10-2', 'type': 'home'}
 {'abbreviation': None, 'name': 'Road', 'summary': '3-1', 'type': 'road'}
 {'abbreviation': None, 'name': 'vs. Conf.', 'summary': '4-3', 'type': 'vsconf'}]",23,SEC,OU,AUB,9.90E+05,002b5c,ffffff,f26522,AUB,002b5c,f26522,OU,990000,ffffff,https://raw.githubusercontent.com/sportsdataverse/wehoop-wbb-raw/main/wbb/json/final/401807580.json,2026-01-25T19:00Z,TRUE,,
401825296,2026-01-25T19:00Z,Iowa,Ohio State,Home,W,91,70,https://a.espncdn.com/i/teamlogos/ncaa/500/2294.png,https://a.espncdn.com/i/teamlogos/ncaa/500/194.png,10,12,7,7,,,TRUE,1,,STATUS_FINAL,7,TRUE,10,"[{'abbreviation': 'Game', 'name': 'overall', 'summary': '18-2', 'type': 'total'}
 {'abbreviation': None, 'name': 'Home', 'summary': '11-0', 'type': 'home'}
 {'abbreviation': None, 'name': 'Road', 'summary': '5-1', 'type': 'road'}
 {'abbreviation': None, 'name': 'vs. Conf.', 'summary': '9-0', 'type': 'vsconf'}]",7,FALSE,12,"[{'abbreviation': 'Game', 'name': 'overall', 'summary': '18-3', 'type': 'total'}
 {'abbreviation': None, 'name': 'Home', 'summary': '11-1', 'type': 'home'}
 {'abbreviation': None, 'name': 'Road', 'summary': '4-2', 'type': 'road'}
 {'abbreviation': None, 'name': 'vs. Conf.', 'summary': '7-2', 'type': 'vsconf'}]",7,Big Ten,IOWA,OSU,231f20,ba0c2f,fcd116,a8adb4,IOWA,231f20,fcd116,OSU,ba0c2f,a8adb4,https://raw.githubusercontent.com/sportsdataverse/wehoop-wbb-raw/main/wbb/json/final/401825296.json,2026-01-25T19:00Z,TRUE,,
401819684,2026-01-25T17:00Z,UNC,Syracuse,Home,W,77,71,https://a.espncdn.com/i/teamlogos/ncaa/500/153.png,https://a.espncdn.com/i/teamlogos/ncaa/500/183.png,99,99,2,2,,,TRUE,1,,STATUS_FINAL,2,TRUE,99,"[{'abbreviation': 'Game', 'name': 'overall', 'summary': '17-5', 'type': 'total'}
 {'abbreviation': None, 'name': 'Home', 'summary': '9-2', 'type': 'home'}
 {'abbreviation': None, 'name': 'Road', 'summary': '4-2', 'type': 'road'}
 {'abbreviation': None, 'name': 'vs. Conf.', 'summary': '6-3', 'type': 'vsconf'}]",2,FALSE,99,"[{'abbreviation': 'Game', 'name': 'overall', 'summary': '16-4', 'type': 'total'}
 {'abbreviation': None, 'name': 'Home', 'summary': '12-2', 'type': 'home'}
 {'abbreviation': None, 'name': 'Road', 'summary': '3-1', 'type': 'road'}
 {'abbreviation': None, 'name': 'vs. Conf.', 'summary': '6-3', 'type': 'vsconf'}]",2,ACC,UNC,SYR,7bafd4,0.00E+00,13294b,ff431b,UNC,7bafd4,13294b,SYR,0.00E+00,ff431b,https://raw.githubusercontent.com/sportsdataverse/wehoop-wbb-raw/main/wbb/json/final/401819684.json,2026-01-25T17:00Z,TRUE,,
401819684,2026-01-25T17:00Z,Syracuse,UNC,Away,L,71,77,https://a.espncdn.com/i/teamlogos/ncaa/500/183.png,https://a.espncdn.com/i/teamlogos/ncaa/500/153.png,99,99,2,2,,,TRUE,1,,STATUS_FINAL,2,TRUE,99,"[{'abbreviation': 'Game', 'name': 'overall', 'summary': '17-5', 'type': 'total'}
 {'abbreviation': None, 'name': 'Home', 'summary': '9-2', 'type': 'home'}
 {'abbreviation': None, 'name': 'Road', 'summary': '4-2', 'type': 'road'}
 {'abbreviation': None, 'name': 'vs. Conf.', 'summary': '6-3', 'type': 'vsconf'}]",2,FALSE,99,"[{'abbreviation': 'Game', 'name': 'overall', 'summary': '16-4', 'type': 'total'}
 {'abbreviation': None, 'name': 'Home', 'summary': '12-2', 'type': 'home'}
 {'abbreviation': None, 'name': 'Road', 'summary': '3-1', 'type': 'road'}
 {'abbreviation': None, 'name': 'vs. Conf.', 'summary': '6-3', 'type': 'vsconf'}]",2,ACC,SYR,UNC,0.00E+00,7bafd4,ff431b,13294b,UNC,7bafd4,13294b,SYR,0.00E+00,ff431b,https://raw.githubusercontent.com/sportsdataverse/wehoop-wbb-raw/main/wbb/json/final/401819684.json,2026-01-25T17:00Z,TRUE,,
401827349,2026-01-25T02:30Z,West Virginia,BYU,Away,W,91,77,https://a.espncdn.com/i/teamlogos/ncaa/500/277.png,https://a.espncdn.com/i/teamlogos/ncaa/500/252.png,22,99,8,8,,,TRUE,1,,STATUS_FINAL,8,FALSE,99,"[{'abbreviation': 'Game', 'name': 'overall', 'summary': '15-5', 'type': 'total'}
 {'abbreviation': None, 'name': 'Home', 'summary': '10-3', 'type': 'home'}
 {'abbreviation': None, 'name': 'Road', 'summary': '4-1', 'type': 'road'}
 {'abbreviation': None, 'name': 'vs. Conf.', 'summary': '4-4', 'type': 'vsconf'}]",8,TRUE,22,"[{'abbreviation': 'Game', 'name': 'overall', 'summary': '17-4', 'type': 'total'}
 {'abbreviation': None, 'name': 'Home', 'summary': '9-3', 'type': 'home'}
 {'abbreviation': None, 'name': 'Road', 'summary': '6-0', 'type': 'road'}
 {'abbreviation': None, 'name': 'vs. Conf.', 'summary': '7-2', 'type': 'vsconf'}]",8,Big 12,WVU,BYU,eaaa00,0047ba,2855,002e5d,BYU,0047ba,002e5d,WVU,eaaa00,2855,https://raw.githubusercontent.com/sportsdataverse/wehoop-wbb-raw/main/wbb/json/final/401827349.json,2026-01-25T02:30Z,TRUE,,
401827353,2026-01-25T00:00Z,Texas Tech,Utah,Away,W,77,49,https://a.espncdn.com/i/teamlogos/ncaa/500/2641.png,https://a.espncdn.com/i/teamlogos/ncaa/500/254.png,19,99,8,8,,,TRUE,1,,STATUS_FINAL,8,FALSE,99,"[{'abbreviation': 'Game', 'name': 'overall', 'summary': '14-6', 'type': 'total'}
 {'abbreviation': None, 'name': 'Home', 'summary': '7-4', 'type': 'home'}
 {'abbreviation': None, 'name': 'Road', 'summary': '7-0', 'type': 'road'}
 {'abbreviation': None, 'name': 'vs. Conf.', 'summary': '5-3', 'type': 'vsconf'}]",8,TRUE,19,"[{'abbreviation': 'Game', 'name': 'overall', 'summary': '20-2', 'type': 'total'}
 {'abbreviation': None, 'name': 'Home', 'summary': '11-1', 'type': 'home'}
 {'abbreviation': None, 'name': 'Road', 'summary': '6-1', 'type': 'road'}
 {'abbreviation': None, 'name': 'vs. Conf.', 'summary': '7-2', 'type': 'vsconf'}]",8,Big 12,TTU,UTAH,da291c,be0000,0,ffffff,UTAH,be0000,ffffff,TTU,da291c,0,https://raw.githubusercontent.com/sportsdataverse/wehoop-wbb-raw/main/wbb/json/final/401827353.json,2026-01-25T00:00Z,TRUE,,
401825294,2026-01-24T22:00Z,Oregon,Penn State,Home,W,89,59,https://a.espncdn.com/i/teamlogos/ncaa/500/2483.png,https://a.espncdn.com/i/teamlogos/ncaa/500/213.png,99,99,7,7,,,TRUE,1,,STATUS_FINAL,7,TRUE,99,"[{'abbreviation': 'Game', 'name': 'overall', 'summary': '15-7', 'type': 'total'}
 {'abbreviation': None, 'name': 'Home', 'summary': '10-3', 'type': 'home'}
 {'abbreviation': None, 'name': 'Road', 'summary': '3-3', 'type': 'road'}
 {'abbreviation': None, 'name': 'vs. Conf.', 'summary': '3-6', 'type': 'vsconf'}]",7,FALSE,99,"[{'abbreviation': 'Game', 'name': 'overall', 'summary': '7-14', 'type': 'total'}
 {'abbreviation': None, 'name': 'Home', 'summary': '4-6', 'type': 'home'}
 {'abbreviation': None, 'name': 'Road', 'summary': '1-6', 'type': 'road'}
 {'abbreviation': None, 'name': 'vs. Conf.', 'summary': '0-10', 'type': 'vsconf'}]",7,Big Ten,ORE,PSU,00934b,61440,fff41b,ffffff,ORE,00934b,fff41b,PSU,61440,ffffff,https://raw.githubusercontent.com/sportsdataverse/wehoop-wbb-raw/main/wbb/json/final/401825294.json,2026-01-24T22:00Z,TRUE,,
401819685,2026-01-24T22:00Z,Virginia Tech,Wake Forest,Away,W,85,57,https://a.espncdn.com/i/teamlogos/ncaa/500/259.png,https://a.espncdn.com/i/teamlogos/ncaa/500/154.png,99,99,2,2,,,TRUE,1,,STATUS_FINAL,2,FALSE,99,"[{'abbreviation': 'Game', 'name': 'overall', 'summary': '12-9', 'type': 'total'}
 {'abbreviation': None, 'name': 'Home', 'summary': '8-6', 'type': 'home'}
 {'abbreviation': None, 'name': 'Road', 'summary': '1-3', 'type': 'road'}
 {'abbreviation': None, 'name': 'vs. Conf.', 'summary': '2-7', 'type': 'vsconf'}]",2,TRUE,99,"[{'abbreviation': 'Game', 'name': 'overall', 'summary': '16-5', 'type': 'total'}
 {'abbreviation': None, 'name': 'Home', 'summary': '11-2', 'type': 'home'}
 {'abbreviation': None, 'name': 'Road', 'summary': '4-2', 'type': 'road'}
 {'abbreviation': None, 'name': 'vs. Conf.', 'summary': '6-3', 'type': 'vsconf'}]",2,ACC,VT,WAKE,6a2c3e,ceb888,cf4520,2c2a29,WAKE,ceb888,2c2a29,VT,6a2c3e,cf4520,https://raw.githubusercontent.com/sportsdataverse/wehoop-wbb-raw/main/wbb/json/final/401819685.json,2026-01-24T22:00Z,TRUE,,
401819681,2026-01-24T21:00Z,Duke,Pittsburgh,Away,W,95,41,https://a.espncdn.com/i/teamlogos/ncaa/500/150.png,https://a.espncdn.com/i/teamlogos/ncaa/500/221.png,21,99,2,2,,,TRUE,1,,STATUS_FINAL,2,FALSE,99,"[{'abbreviation': 'Game', 'name': 'overall', 'summary': '8-14', 'type': 'total'}
 {'abbreviation': None, 'name': 'Home', 'summary': '6-7', 'type': 'home'}
 {'abbreviation': None, 'name': 'Road', 'summary': '1-6', 'type': 'road'}
 {'abbreviation': None, 'name': 'vs. Conf.', 'summary': '1-8', 'type': 'vsconf'}]",2,TRUE,21,"[{'abbreviation': 'Game', 'name': 'overall', 'summary': '14-6', 'type': 'total'}
 {'abbreviation': None, 'name': 'Home', 'summary': '7-1', 'type': 'home'}
 {'abbreviation': None, 'name': 'Road', 'summary': '7-1', 'type': 'road'}
 {'abbreviation': None, 'name': 'vs. Conf.', 'summary': '9-0', 'type': 'vsconf'}]",2,ACC,DUKE,PITT,00539b,3594,ffffff,ffb81c,PITT,3594,ffb81c,DUKE,00539b,ffffff,https://raw.githubusercontent.com/sportsdataverse/wehoop-wbb-raw/main/wbb/json/final/401819681.json,2026-01-24T21:00Z,TRUE,,
401827352,2026-01-24T21:00Z,Iowa State,Arizona,Home,W,90,65,https://a.espncdn.com/i/teamlogos/ncaa/500/66.png,https://a.espncdn.com/i/teamlogos/ncaa/500/12.png,99,99,8,8,,,TRUE,1,,STATUS_FINAL,8,TRUE,99,"[{'abbreviation': 'Game', 'name': 'overall', 'summary': '16-5', 'type': 'total'}
 {'abbreviation': None, 'name': 'Home', 'summary': '12-2', 'type': 'home'}
 {'abbreviation': None, 'name': 'Road', 'summary': '2-3', 'type': 'road'}
 {'abbreviation': None, 'name': 'vs. Conf.', 'summary': '4-5', 'type': 'vsconf'}]",8,FALSE,99,"[{'abbreviation': 'Game', 'name': 'overall', 'summary': '10-9', 'type': 'total'}
 {'abbreviation': None, 'name': 'Home', 'summary': '10-5', 'type': 'home'}
 {'abbreviation': None, 'name': 'Road', 'summary': '0-4', 'type': 'road'}
 {'abbreviation': None, 'name': 'vs. Conf.', 'summary': '1-7', 'type': 'vsconf'}]",8,Big 12,ISU,ARIZ,ae192d,cc0033,ffc72a,3366,ISU,ae192d,ffc72a,ARIZ,cc0033,3366,https://raw.githubusercontent.com/sportsdataverse/wehoop-wbb-raw/main/wbb/json/final/401827352.json,2026-01-24T21:00Z,TRUE,,
401819568,2026-01-24T20:00Z,NC State,Virginia,Away,W,78,76,https://a.espncdn.com/i/teamlogos/ncaa/500/152.png,https://a.espncdn.com/i/teamlogos/ncaa/500/258.png,99,99,2,2,,,TRUE,1,,STATUS_FINAL,2,FALSE,99,"[{'abbreviation': 'Game', 'name': 'overall', 'summary': '14-6', 'type': 'total'}
 {'abbreviation': None, 'name': 'Home', 'summary': '10-3', 'type': 'home'}
 {'abbreviation': None, 'name': 'Road', 'summary': '3-2', 'type': 'road'}
 {'abbreviation': None, 'name': 'vs. Conf.', 'summary': '6-3', 'type': 'vsconf'}]",2,TRUE,99,"[{'abbreviation': 'Game', 'name': 'overall', 'summary': '14-6', 'type': 'total'}
 {'abbreviation': None, 'name': 'Home', 'summary': '7-3', 'type': 'home'}
 {'abbreviation': None, 'name': 'Road', 'summary': '4-2', 'type': 'road'}
 {'abbreviation': None, 'name': 'vs. Conf.', 'summary': '7-2', 'type': 'vsconf'}]",2,ACC,NCSU,UVA,cc0000,f84c1e,ffffff,232d4b,UVA,f84c1e,232d4b,NCSU,cc0000,ffffff,https://raw.githubusercontent.com/sportsdataverse/wehoop-wbb-raw/main/wbb/json/final/401819568.json,2026-01-24T20:00Z,TRUE,,
401819568,2026-01-24T20:00Z,Virginia,NC State,Home,L,76,78,https://a.espncdn.com/i/teamlogos/ncaa/500/258.png,https://a.espncdn.com/i/teamlogos/ncaa/500/152.png,99,99,2,2,,,TRUE,1,,STATUS_FINAL,2,FALSE,99,"[{'abbreviation': 'Game', 'name': 'overall', 'summary': '14-6', 'type': 'total'}
 {'abbreviation': None, 'name': 'Home', 'summary': '10-3', 'type': 'home'}
 {'abbreviation': None, 'name': 'Road', 'summary': '3-2', 'type': 'road'}
 {'abbreviation': None, 'name': 'vs. Conf.', 'summary': '6-3', 'type': 'vsconf'}]",2,TRUE,99,"[{'abbreviation': 'Game', 'name': 'overall', 'summary': '14-6', 'type': 'total'}
 {'abbreviation': None, 'name': 'Home', 'summary': '7-3', 'type': 'home'}
 {'abbreviation': None, 'name': 'Road', 'summary': '4-2', 'type': 'road'}
 {'abbreviation': None, 'name': 'vs. Conf.', 'summary': '7-2', 'type': 'vsconf'}]",2,ACC,UVA,NCSU,f84c1e,cc0000,232d4b,ffffff,UVA,f84c1e,232d4b,NCSU,cc0000,ffffff,https://raw.githubusercontent.com/sportsdataverse/wehoop-wbb-raw/main/wbb/json/final/401819568.json,2026-01-24T20:00Z,TRUE,,
401827350,2026-01-24T19:00Z,TCU,UCF,Away,W,67,50,https://a.espncdn.com/i/teamlogos/ncaa/500/2628.png,https://a.espncdn.com/i/teamlogos/ncaa/500/2116.png,9,99,8,8,,,TRUE,1,,STATUS_FINAL,8,FALSE,99,"[{'abbreviation': 'Game', 'name': 'overall', 'summary': '10-10', 'type': 'total'}
 {'abbreviation': None, 'name': 'Home', 'summary': '7-6', 'type': 'home'}
 {'abbreviation': None, 'name': 'Road', 'summary': '1-3', 'type': 'road'}
 {'abbreviation': None, 'name': 'vs. Conf.', 'summary': '2-7', 'type': 'vsconf'}]",8,TRUE,9,"[{'abbreviation': 'Game', 'name': 'overall', 'summary': '19-2', 'type': 'total'}
 {'abbreviation': None, 'name': 'Home', 'summary': '13-0', 'type': 'home'}
 {'abbreviation': None, 'name': 'Road', 'summary': '4-1', 'type': 'road'}
 {'abbreviation': None, 'name': 'vs. Conf.', 'summary': '7-1', 'type': 'vsconf'}]",8,Big 12,TCU,UCF,4d1979,0,ffffff,b4a169,UCF,0,b4a169,TCU,4d1979,ffffff,https://raw.githubusercontent.com/sportsdataverse/wehoop-wbb-raw/main/wbb/json/final/401827350.json,2026-01-24T19:00Z,TRUE,,
401825293,2026-01-24T19:00Z,Illinois,Nebraska,Away,L,75,81,https://a.espncdn.com/i/teamlogos/ncaa/500/356.png,https://a.espncdn.com/i/teamlogos/ncaa/500/158.png,99,24,7,7,,,TRUE,1,,STATUS_FINAL,7,TRUE,24,"[{'abbreviation': 'Game', 'name': 'overall', 'summary': '15-5', 'type': 'total'}
 {'abbreviation': None, 'name': 'Home', 'summary': '11-2', 'type': 'home'}
 {'abbreviation': None, 'name': 'Road', 'summary': '1-3', 'type': 'road'}
 {'abbreviation': None, 'name': 'vs. Conf.', 'summary': '4-5', 'type': 'vsconf'}]",7,FALSE,99,"[{'abbreviation': 'Game', 'name': 'overall', 'summary': '15-5', 'type': 'total'}
 {'abbreviation': None, 'name': 'Home', 'summary': '11-1', 'type': 'home'}
 {'abbreviation': None, 'name': 'Road', 'summary': '4-4', 'type': 'road'}
 {'abbreviation': None, 'name': 'vs. Conf.', 'summary': '5-4', 'type': 'vsconf'}]",7,Big Ten,ILL,NEB,ff5f05,e31937,13294b,ffffff,NEB,e31937,ffffff,ILL,ff5f05,13294b,https://raw.githubusercontent.com/sportsdataverse/wehoop-wbb-raw/main/wbb/json/final/401825293.json,2026-01-24T19:00Z,TRUE,,
401825652,2026-01-24T19:00Z,Villanova,St. John's,Away,L,58,71,https://a.espncdn.com/i/teamlogos/ncaa/500/222.png,https://a.espncdn.com/i/teamlogos/ncaa/500/2599.png,99,99,4,4,,,TRUE,1,,STATUS_FINAL,4,TRUE,99,"[{'abbreviation': 'Game', 'name': 'overall', 'summary': '16-6', 'type': 'total'}
 {'abbreviation': None, 'name': 'Home', 'summary': '9-2', 'type': 'home'}
 {'abbreviation': None, 'name': 'Road', 'summary': '5-4', 'type': 'road'}
 {'abbreviation': None, 'name': 'vs. Conf.', 'summary': '6-5', 'type': 'vsconf'}]",4,FALSE,99,"[{'abbreviation': 'Game', 'name': 'overall', 'summary': '15-5', 'type': 'total'}
 {'abbreviation': None, 'name': 'Home', 'summary': '8-2', 'type': 'home'}
 {'abbreviation': None, 'name': 'Road', 'summary': '6-3', 'type': 'road'}
 {'abbreviation': None, 'name': 'vs. Conf.', 'summary': '8-3', 'type': 'vsconf'}]",4,Big East,VILL,SJU,00205b,d10000,13b5ea,101010,SJU,d10000,101010,VILL,00205b,13b5ea,https://raw.githubusercontent.com/sportsdataverse/wehoop-wbb-raw/main/wbb/json/final/401825652.json,2026-01-24T19:00Z,TRUE,,
401825293,2026-01-24T19:00Z,Nebraska,Illinois,Home,W,81,75,https://a.espncdn.com/i/teamlogos/ncaa/500/158.png,https://a.espncdn.com/i/teamlogos/ncaa/500/356.png,24,99,7,7,,,TRUE,1,,STATUS_FINAL,7,TRUE,24,"[{'abbreviation': 'Game', 'name': 'overall', 'summary': '15-5', 'type': 'total'}
 {'abbreviation': None, 'name': 'Home', 'summary': '11-2', 'type': 'home'}
 {'abbreviation': None, 'name': 'Road', 'summary': '1-3', 'type': 'road'}
 {'abbreviation': None, 'name': 'vs. Conf.', 'summary': '4-5', 'type': 'vsconf'}]",7,FALSE,99,"[{'abbreviation': 'Game', 'name': 'overall', 'summary': '15-5', 'type': 'total'}
 {'abbreviation': None, 'name': 'Home', 'summary': '11-1', 'type': 'home'}
 {'abbreviation': None, 'name': 'Road', 'summary': '4-4', 'type': 'road'}
 {'abbreviation': None, 'name': 'vs. Conf.', 'summary': '5-4', 'type': 'vsconf'}]",7,Big Ten,NEB,ILL,e31937,ff5f05,ffffff,13294b,NEB,e31937,ffffff,ILL,ff5f05,13294b,https://raw.githubusercontent.com/sportsdataverse/wehoop-wbb-raw/main/wbb/json/final/401825293.json,2026-01-24T19:00Z,TRUE,,
401813884,2026-01-24T18:00Z,Fairfield,Canisius,Away,W,58,42,https://a.espncdn.com/i/teamlogos/ncaa/500/2217.png,https://a.espncdn.com/i/teamlogos/ncaa/500/2099.png,99,99,13,13,,,TRUE,1,,STATUS_FINAL,13,FALSE,99,"[{'abbreviation': 'Game', 'name': 'overall', 'summary': '3-16', 'type': 'total'}
 {'abbreviation': None, 'name': 'Home', 'summary': '2-8', 'type': 'home'}
 {'abbreviation': None, 'name': 'Road', 'summary': '1-8', 'type': 'road'}
 {'abbreviation': None, 'name': 'vs. Conf.', 'summary': '1-9', 'type': 'vsconf'}]",13,TRUE,99,"[{'abbreviation': 'Game', 'name': 'overall', 'summary': '17-3', 'type': 'total'}
 {'abbreviation': None, 'name': 'Home', 'summary': '8-0', 'type': 'home'}
 {'abbreviation': None, 'name': 'Road', 'summary': '8-2', 'type': 'road'}
 {'abbreviation': None, 'name': 'vs. Conf.', 'summary': '11-0', 'type': 'vsconf'}]",13,MAAC,FAIR,CAN,0,004a81,ebebeb,dda50f,CAN,004a81,dda50f,FAIR,0,ebebeb,https://raw.githubusercontent.com/sportsdataverse/wehoop-wbb-raw/main/wbb/json/final/401813884.json,2026-01-24T18:00Z,TRUE,,
401807579,2026-01-24T18:00Z,Kentucky,Georgia,Home,L,67,72,https://a.espncdn.com/i/teamlogos/ncaa/500/96.png,https://a.espncdn.com/i/teamlogos/ncaa/500/61.png,11,99,23,23,,,TRUE,1,,STATUS_FINAL,23,FALSE,11,"[{'abbreviation': 'Game', 'name': 'overall', 'summary': '17-5', 'type': 'total'}
 {'abbreviation': None, 'name': 'Home', 'summary': '10-1', 'type': 'home'}
 {'abbreviation': None, 'name': 'Road', 'summary': '6-3', 'type': 'road'}
 {'abbreviation': None, 'name': 'vs. Conf.', 'summary': '4-4', 'type': 'vsconf'}]",23,TRUE,99,"[{'abbreviation': 'Game', 'name': 'overall', 'summary': '18-3', 'type': 'total'}
 {'abbreviation': None, 'name': 'Home', 'summary': '10-1', 'type': 'home'}
 {'abbreviation': None, 'name': 'Road', 'summary': '4-2', 'type': 'road'}
 {'abbreviation': None, 'name': 'vs. Conf.', 'summary': '4-3', 'type': 'vsconf'}]",23,SEC,UK,UGA,0033a0,ba0c2f,ffffff,2c2a29,UK,0033a0,ffffff,UGA,ba0c2f,2c2a29,https://raw.githubusercontent.com/sportsdataverse/wehoop-wbb-raw/main/wbb/json/final/401807579.json,2026-01-24T18:00Z,TRUE,,
401807579,2026-01-24T18:00Z,Georgia,Kentucky,Away,W,72,67,https://a.espncdn.com/i/teamlogos/ncaa/500/61.png,https://a.espncdn.com/i/teamlogos/ncaa/500/96.png,99,11,23,23,,,TRUE,1,,STATUS_FINAL,23,FALSE,11,"[{'abbreviation': 'Game', 'name': 'overall', 'summary': '17-5', 'type': 'total'}
 {'abbreviation': None, 'name': 'Home', 'summary': '10-1', 'type': 'home'}
 {'abbreviation': None, 'name': 'Road', 'summary': '6-3', 'type': 'road'}
 {'abbreviation': None, 'name': 'vs. Conf.', 'summary': '4-4', 'type': 'vsconf'}]",23,TRUE,99,"[{'abbreviation': 'Game', 'name': 'overall', 'summary': '18-3', 'type': 'total'}
 {'abbreviation': None, 'name': 'Home', 'summary': '10-1', 'type': 'home'}
 {'abbreviation': None, 'name': 'Road', 'summary': '4-2', 'type': 'road'}
 {'abbreviation': None, 'name': 'vs. Conf.', 'summary': '4-3', 'type': 'vsconf'}]",23,SEC,UGA,UK,ba0c2f,0033a0,2c2a29,ffffff,UK,0033a0,ffffff,UGA,ba0c2f,2c2a29,https://raw.githubusercontent.com/sportsdataverse/wehoop-wbb-raw/main/wbb/json/final/401807579.json,2026-01-24T18:00Z,TRUE,,
401823141,2026-01-24T17:00Z,Princeton,Brown,Away,W,58,49,https://a.espncdn.com/i/teamlogos/ncaa/500/163.png,https://a.espncdn.com/i/teamlogos/ncaa/500/225.png,20,99,12,12,,,TRUE,1,,STATUS_FINAL,12,FALSE,99,"[{'abbreviation': 'Game', 'name': 'overall', 'summary': '11-6', 'type': 'total'}
 {'abbreviation': None, 'name': 'Home', 'summary': '5-1', 'type': 'home'}
 {'abbreviation': None, 'name': 'Road', 'summary': '6-5', 'type': 'road'}
 {'abbreviation': None, 'name': 'vs. Conf.', 'summary': '3-2', 'type': 'vsconf'}]",12,TRUE,20,"[{'abbreviation': 'Game', 'name': 'overall', 'summary': '17-1', 'type': 'total'}
 {'abbreviation': None, 'name': 'Home', 'summary': '7-0', 'type': 'home'}
 {'abbreviation': None, 'name': 'Road', 'summary': '8-1', 'type': 'road'}
 {'abbreviation': None, 'name': 'vs. Conf.', 'summary': '5-0', 'type': 'vsconf'}]",12,Ivy,PRIN,BRWN,0,4.11E+11,ff6000,949300,BRWN,4.11E+11,949300,PRIN,0,ff6000,https://raw.githubusercontent.com/sportsdataverse/wehoop-wbb-raw/main/wbb/json/final/401823141.json,2026-01-24T17:00Z,TRUE,,
401825654,2026-01-24T17:00Z,UConn,Seton Hall,Away,W,92,52,https://a.espncdn.com/i/teamlogos/ncaa/500/41.png,https://a.espncdn.com/i/teamlogos/ncaa/500/2550.png,1,99,4,4,,,TRUE,1,,STATUS_FINAL,4,FALSE,99,"[{'abbreviation': 'Game', 'name': 'overall', 'summary': '14-6', 'type': 'total'}
 {'abbreviation': None, 'name': 'Home', 'summary': '9-2', 'type': 'home'}
 {'abbreviation': None, 'name': 'Road', 'summary': '5-4', 'type': 'road'}
 {'abbreviation': None, 'name': 'vs. Conf.', 'summary': '8-3', 'type': 'vsconf'}]",4,TRUE,1,"[{'abbreviation': 'Game', 'name': 'overall', 'summary': '21-0', 'type': 'total'}
 {'abbreviation': None, 'name': 'Home', 'summary': '9-0', 'type': 'home'}
 {'abbreviation': None, 'name': 'Road', 'summary': '8-0', 'type': 'road'}
 {'abbreviation': None, 'name': 'vs. Conf.', 'summary': '11-0', 'type': 'vsconf'}]",4,Big East,CONN,HALL,0c2340,0857B1,a2aaad,8a8d8f,HALL,0857B1,8a8d8f,CONN,0c2340,a2aaad,https://raw.githubusercontent.com/sportsdataverse/wehoop-wbb-raw/main/wbb/json/final/401825654.json,2026-01-24T17:00Z,TRUE,,
401819680,2026-01-24T16:00Z,Louisville,Boston College,Home,W,85,56,https://a.espncdn.com/i/teamlogos/ncaa/500/97.png,https://a.espncdn.com/i/teamlogos/ncaa/500/103.png,8,99,2,2,,,TRUE,1,,STATUS_FINAL,2,TRUE,8,"[{'abbreviation': 'Game', 'name': 'overall', 'summary': '19-3', 'type': 'total'}
 {'abbreviation': None, 'name': 'Home', 'summary': '12-2', 'type': 'home'}
 {'abbreviation': None, 'name': 'Road', 'summary': '5-0', 'type': 'road'}
 {'abbreviation': None, 'name': 'vs. Conf.', 'summary': '9-0', 'type': 'vsconf'}]",2,FALSE,99,"[{'abbreviation': 'Game', 'name': 'overall', 'summary': '4-18', 'type': 'total'}
 {'abbreviation': None, 'name': 'Home', 'summary': '4-10', 'type': 'home'}
 {'abbreviation': None, 'name': 'Road', 'summary': '0-6', 'type': 'road'}
 {'abbreviation': None, 'name': 'vs. Conf.', 'summary': '0-9', 'type': 'vsconf'}]",2,ACC,LOU,BC,c9001f,8c2232,ffffff,dbcca6,LOU,c9001f,ffffff,BC,8c2232,dbcca6,https://raw.githubusercontent.com/sportsdataverse/wehoop-wbb-raw/main/wbb/json/final/401819680.json,2026-01-24T16:00Z,TRUE,,
401807574,2026-01-23T02:00Z,LSU,Texas A&M,Away,W,98,54,https://a.espncdn.com/i/teamlogos/ncaa/500/99.png,https://a.espncdn.com/i/teamlogos/ncaa/500/245.png,6,99,23,23,,,TRUE,1,,STATUS_FINAL,23,FALSE,99,"[{'abbreviation': 'Game', 'name': 'overall', 'summary': '8-7', 'type': 'total'}
 {'abbreviation': None, 'name': 'Home', 'summary': '4-4', 'type': 'home'}
 {'abbreviation': None, 'name': 'Road', 'summary': '2-2', 'type': 'road'}
 {'abbreviation': None, 'name': 'vs. Conf.', 'summary': '1-5', 'type': 'vsconf'}]",23,TRUE,6,"[{'abbreviation': 'Game', 'name': 'overall', 'summary': '18-2', 'type': 'total'}
 {'abbreviation': None, 'name': 'Home', 'summary': '8-1', 'type': 'home'}
 {'abbreviation': None, 'name': 'Road', 'summary': '7-1', 'type': 'road'}
 {'abbreviation': None, 'name': 'vs. Conf.', 'summary': '4-2', 'type': 'vsconf'}]",23,SEC,LSU,TA&M,461d76,500000,fdd023,ffffff,TA&M,500000,ffffff,LSU,461d76,fdd023,https://raw.githubusercontent.com/sportsdataverse/wehoop-wbb-raw/main/wbb/json/final/401807574.json,2026-01-23T02:00Z,TRUE,,
401819678,2026-01-23T01:00Z,UNC,Georgia Tech,Away,W,54,46,https://a.espncdn.com/i/teamlogos/ncaa/500/153.png,https://a.espncdn.com/i/teamlogos/ncaa/500/59.png,99,99,2,2,,,TRUE,1,,STATUS_FINAL,2,FALSE,99,"[{'abbreviation': 'Game', 'name': 'overall', 'summary': '8-12', 'type': 'total'}
 {'abbreviation': None, 'name': 'Home', 'summary': '7-4', 'type': 'home'}
 {'abbreviation': None, 'name': 'Road', 'summary': '1-6', 'type': 'road'}
 {'abbreviation': None, 'name': 'vs. Conf.', 'summary': '3-5', 'type': 'vsconf'}]",2,TRUE,99,"[{'abbreviation': 'Game', 'name': 'overall', 'summary': '16-5', 'type': 'total'}
 {'abbreviation': None, 'name': 'Home', 'summary': '8-2', 'type': 'home'}
 {'abbreviation': None, 'name': 'Road', 'summary': '4-2', 'type': 'road'}
 {'abbreviation': None, 'name': 'vs. Conf.', 'summary': '5-3', 'type': 'vsconf'}]",2,ACC,UNC,GT,7bafd4,b3a369,13294b,ffffff,GT,b3a369,ffffff,UNC,7bafd4,13294b,https://raw.githubusercontent.com/sportsdataverse/wehoop-wbb-raw/main/wbb/json/final/401819678.json,2026-01-23T01:00Z,TRUE,,
401825292,2026-01-23T01:00Z,USC,Michigan State,Away,L,68,74,https://a.espncdn.com/i/teamlogos/ncaa/500/30.png,https://a.espncdn.com/i/teamlogos/ncaa/500/127.png,99,13,7,7,,,TRUE,1,,STATUS_FINAL,7,TRUE,13,"[{'abbreviation': 'Game', 'name': 'overall', 'summary': '18-2', 'type': 'total'}
 {'abbreviation': None, 'name': 'Home', 'summary': '10-0', 'type': 'home'}
 {'abbreviation': None, 'name': 'Road', 'summary': '4-2', 'type': 'road'}
 {'abbreviation': None, 'name': 'vs. Conf.', 'summary': '7-2', 'type': 'vsconf'}]",7,FALSE,99,"[{'abbreviation': 'Game', 'name': 'overall', 'summary': '11-8', 'type': 'total'}
 {'abbreviation': None, 'name': 'Home', 'summary': '8-3', 'type': 'home'}
 {'abbreviation': None, 'name': 'Road', 'summary': '1-4', 'type': 'road'}
 {'abbreviation': None, 'name': 'vs. Conf.', 'summary': '3-5', 'type': 'vsconf'}]",7,Big Ten,USC,MSU,9d2235,173f35,ffc72c,ffffff,MSU,173f35,ffffff,USC,9d2235,ffc72c,https://raw.githubusercontent.com/sportsdataverse/wehoop-wbb-raw/main/wbb/json/final/401825292.json,2026-01-23T01:00Z,TRUE,,
401825292,2026-01-23T01:00Z,Michigan State,USC,Home,W,74,68,https://a.espncdn.com/i/teamlogos/ncaa/500/127.png,https://a.espncdn.com/i/teamlogos/ncaa/500/30.png,13,99,7,7,,,TRUE,1,,STATUS_FINAL,7,TRUE,13,"[{'abbreviation': 'Game', 'name': 'overall', 'summary': '18-2', 'type': 'total'}
 {'abbreviation': None, 'name': 'Home', 'summary': '10-0', 'type': 'home'}
 {'abbreviation': None, 'name': 'Road', 'summary': '4-2', 'type': 'road'}
 {'abbreviation': None, 'name': 'vs. Conf.', 'summary': '7-2', 'type': 'vsconf'}]",7,FALSE,99,"[{'abbreviation': 'Game', 'name': 'overall', 'summary': '11-8', 'type': 'total'}
 {'abbreviation': None, 'name': 'Home', 'summary': '8-3', 'type': 'home'}
 {'abbreviation': None, 'name': 'Road', 'summary': '1-4', 'type': 'road'}
 {'abbreviation': None, 'name': 'vs. Conf.', 'summary': '3-5', 'type': 'vsconf'}]",7,Big Ten,MSU,USC,173f35,9d2235,ffffff,ffc72c,MSU,173f35,ffffff,USC,9d2235,ffc72c,https://raw.githubusercontent.com/sportsdataverse/wehoop-wbb-raw/main/wbb/json/final/401825292.json,2026-01-23T01:00Z,TRUE,,
401825289,2026-01-23T01:00Z,Ohio State,Indiana,Home,W,81,67,https://a.espncdn.com/i/teamlogos/ncaa/500/194.png,https://a.espncdn.com/i/teamlogos/ncaa/500/84.png,12,99,7,7,,,TRUE,1,,STATUS_FINAL,7,TRUE,12,"[{'abbreviation': 'Game', 'name': 'overall', 'summary': '18-2', 'type': 'total'}
 {'abbreviation': None, 'name': 'Home', 'summary': '11-1', 'type': 'home'}
 {'abbreviation': None, 'name': 'Road', 'summary': '4-1', 'type': 'road'}
 {'abbreviation': None, 'name': 'vs. Conf.', 'summary': '7-1', 'type': 'vsconf'}]",7,FALSE,99,"[{'abbreviation': 'Game', 'name': 'overall', 'summary': '11-9', 'type': 'total'}
 {'abbreviation': None, 'name': 'Home', 'summary': '8-4', 'type': 'home'}
 {'abbreviation': None, 'name': 'Road', 'summary': '2-4', 'type': 'road'}
 {'abbreviation': None, 'name': 'vs. Conf.', 'summary': '0-8', 'type': 'vsconf'}]",7,Big Ten,OSU,IU,ba0c2f,970310,a8adb4,ffffff,OSU,ba0c2f,a8adb4,IU,9.70E+05,ffffff,https://raw.githubusercontent.com/sportsdataverse/wehoop-wbb-raw/main/wbb/json/final/401825289.json,2026-01-23T01:00Z,TRUE,,
401825651,2026-01-23T00:30Z,UConn,Georgetown,Away,W,83,42,https://a.espncdn.com/i/teamlogos/ncaa/500/41.png,https://a.espncdn.com/i/teamlogos/ncaa/500/46.png,1,99,4,4,,,TRUE,1,,STATUS_FINAL,4,FALSE,99,"[{'abbreviation': 'Game', 'name': 'overall', 'summary': '11-8', 'type': 'total'}
 {'abbreviation': None, 'name': 'Home', 'summary': '8-3', 'type': 'home'}
 {'abbreviation': None, 'name': 'Road', 'summary': '3-5', 'type': 'road'}
 {'abbreviation': None, 'name': 'vs. Conf.', 'summary': '4-6', 'type': 'vsconf'}]",4,TRUE,1,"[{'abbreviation': 'Game', 'name': 'overall', 'summary': '20-0', 'type': 'total'}
 {'abbreviation': None, 'name': 'Home', 'summary': '9-0', 'type': 'home'}
 {'abbreviation': None, 'name': 'Road', 'summary': '7-0', 'type': 'road'}
 {'abbreviation': None, 'name': 'vs. Conf.', 'summary': '10-0', 'type': 'vsconf'}]",4,Big East,CONN,GTWN,0c2340,1.10E+44,a2aaad,001c58,GTWN,1.10E+44,001c58,CONN,0c2340,a2aaad,https://raw.githubusercontent.com/sportsdataverse/wehoop-wbb-raw/main/wbb/json/final/401825651.json,2026-01-23T00:30Z,TRUE,,
401807577,2026-01-23T00:30Z,Oklahoma,South Carolina,Home,W,94,82,https://a.espncdn.com/i/teamlogos/ncaa/500/201.png,https://a.espncdn.com/i/teamlogos/ncaa/500/2579.png,16,2,23,23,,,TRUE,1,,STATUS_FINAL,23,TRUE,16,"[{'abbreviation': 'Game', 'name': 'overall', 'summary': '15-4', 'type': 'total'}
 {'abbreviation': None, 'name': 'Home', 'summary': '10-2', 'type': 'home'}
 {'abbreviation': None, 'name': 'Road', 'summary': '2-1', 'type': 'road'}
 {'abbreviation': None, 'name': 'vs. Conf.', 'summary': '3-3', 'type': 'vsconf'}]",23,FALSE,2,"[{'abbreviation': 'Game', 'name': 'overall', 'summary': '19-2', 'type': 'total'}
 {'abbreviation': None, 'name': 'Home', 'summary': '11-0', 'type': 'home'}
 {'abbreviation': None, 'name': 'Road', 'summary': '6-1', 'type': 'road'}
 {'abbreviation': None, 'name': 'vs. Conf.', 'summary': '5-1', 'type': 'vsconf'}]",23,SEC,OU,SC,9.90E+05,73000a,ffffff,0,OU,990000,ffffff,SC,73000a,0,https://raw.githubusercontent.com/sportsdataverse/wehoop-wbb-raw/main/wbb/json/final/401807577.json,2026-01-23T00:30Z,TRUE,,
401807575,2026-01-23T00:30Z,Georgia,Arkansas,Away,W,76,66,https://a.espncdn.com/i/teamlogos/ncaa/500/61.png,https://a.espncdn.com/i/teamlogos/ncaa/500/8.png,99,99,23,23,,,TRUE,1,,STATUS_FINAL,23,FALSE,99,"[{'abbreviation': 'Game', 'name': 'overall', 'summary': '11-10', 'type': 'total'}
 {'abbreviation': None, 'name': 'Home', 'summary': '8-5', 'type': 'home'}
 {'abbreviation': None, 'name': 'Road', 'summary': '1-5', 'type': 'road'}
 {'abbreviation': None, 'name': 'vs. Conf.', 'summary': '0-6', 'type': 'vsconf'}]",23,TRUE,99,"[{'abbreviation': 'Game', 'name': 'overall', 'summary': '17-3', 'type': 'total'}
 {'abbreviation': None, 'name': 'Home', 'summary': '10-1', 'type': 'home'}
 {'abbreviation': None, 'name': 'Road', 'summary': '3-2', 'type': 'road'}
 {'abbreviation': None, 'name': 'vs. Conf.', 'summary': '3-3', 'type': 'vsconf'}]",23,SEC,UGA,ARK,ba0c2f,a32136,2c2a29,ffffff,ARK,a32136,ffffff,UGA,ba0c2f,2c2a29,https://raw.githubusercontent.com/sportsdataverse/wehoop-wbb-raw/main/wbb/json/final/401807575.json,2026-01-23T00:30Z,TRUE,,
401807577,2026-01-23T00:30Z,South Carolina,Oklahoma,Away,L,82,94,https://a.espncdn.com/i/teamlogos/ncaa/500/2579.png,https://a.espncdn.com/i/teamlogos/ncaa/500/201.png,2,16,23,23,,,TRUE,1,,STATUS_FINAL,23,TRUE,16,"[{'abbreviation': 'Game', 'name': 'overall', 'summary': '15-4', 'type': 'total'}
 {'abbreviation': None, 'name': 'Home', 'summary': '10-2', 'type': 'home'}
 {'abbreviation': None, 'name': 'Road', 'summary': '2-1', 'type': 'road'}
 {'abbreviation': None, 'name': 'vs. Conf.', 'summary': '3-3', 'type': 'vsconf'}]",23,FALSE,2,"[{'abbreviation': 'Game', 'name': 'overall', 'summary': '19-2', 'type': 'total'}
 {'abbreviation': None, 'name': 'Home', 'summary': '11-0', 'type': 'home'}
 {'abbreviation': None, 'name': 'Road', 'summary': '6-1', 'type': 'road'}
 {'abbreviation': None, 'name': 'vs. Conf.', 'summary': '5-1', 'type': 'vsconf'}]",23,SEC,SC,OU,73000a,990000,0,ffffff,OU,990000,ffffff,SC,73000a,0,https://raw.githubusercontent.com/sportsdataverse/wehoop-wbb-raw/main/wbb/json/final/401807577.json,2026-01-23T00:30Z,TRUE,,
401807572,2026-01-23T00:30Z,Vanderbilt,Auburn,Home,W,81,53,https://a.espncdn.com/i/teamlogos/ncaa/500/238.png,https://a.espncdn.com/i/teamlogos/ncaa/500/2.png,5,99,23,23,,,TRUE,1,,STATUS_FINAL,23,TRUE,5,"[{'abbreviation': 'Game', 'name': 'overall', 'summary': '20-0', 'type': 'total'}
 {'abbreviation': None, 'name': 'Home', 'summary': '11-0', 'type': 'home'}
 {'abbreviation': None, 'name': 'Road', 'summary': '5-0', 'type': 'road'}
 {'abbreviation': None, 'name': 'vs. Conf.', 'summary': '6-0', 'type': 'vsconf'}]",23,FALSE,99,"[{'abbreviation': 'Game', 'name': 'overall', 'summary': '13-7', 'type': 'total'}
 {'abbreviation': None, 'name': 'Home', 'summary': '9-2', 'type': 'home'}
 {'abbreviation': None, 'name': 'Road', 'summary': '2-5', 'type': 'road'}
 {'abbreviation': None, 'name': 'vs. Conf.', 'summary': '2-4', 'type': 'vsconf'}]",23,SEC,VAN,AUB,0.00E+00,002b5c,cfae70,f26522,VAN,0,cfae70,AUB,002b5c,f26522,https://raw.githubusercontent.com/sportsdataverse/wehoop-wbb-raw/main/wbb/json/final/401807572.json,2026-01-23T00:30Z,TRUE,,
401807573,2026-01-23T00:30Z,Ole Miss,Missouri,Away,W,82,61,https://a.espncdn.com/i/teamlogos/ncaa/500/145.png,https://a.espncdn.com/i/teamlogos/ncaa/500/142.png,18,99,23,23,,,TRUE,1,,STATUS_FINAL,23,FALSE,99,"[{'abbreviation': 'Game', 'name': 'overall', 'summary': '13-9', 'type': 'total'}
 {'abbreviation': None, 'name': 'Home', 'summary': '8-5', 'type': 'home'}
 {'abbreviation': None, 'name': 'Road', 'summary': '2-3', 'type': 'road'}
 {'abbreviation': None, 'name': 'vs. Conf.', 'summary': '1-6', 'type': 'vsconf'}]",23,TRUE,18,"[{'abbreviation': 'Game', 'name': 'overall', 'summary': '17-4', 'type': 'total'}
 {'abbreviation': None, 'name': 'Home', 'summary': '10-0', 'type': 'home'}
 {'abbreviation': None, 'name': 'Road', 'summary': '4-2', 'type': 'road'}
 {'abbreviation': None, 'name': 'vs. Conf.', 'summary': '4-2', 'type': 'vsconf'}]",23,SEC,MISS,MIZ,13294b,f1b82d,cf142b,0,MIZ,f1b82d,0,MISS,13294b,cf142b,https://raw.githubusercontent.com/sportsdataverse/wehoop-wbb-raw/main/wbb/json/final/401807573.json,2026-01-23T00:30Z,TRUE,,
401808810,2026-01-23T00:00Z,James Madison,UL Monroe,Away,W,72,68,https://a.espncdn.com/i/teamlogos/ncaa/500/256.png,https://a.espncdn.com/i/teamlogos/ncaa/500/2433.png,99,99,27,27,,,TRUE,1,,STATUS_FINAL,27,FALSE,99,"[{'abbreviation': 'Game', 'name': 'overall', 'summary': '9-10', 'type': 'total'}
 {'abbreviation': None, 'name': 'Home', 'summary': '8-3', 'type': 'home'}
 {'abbreviation': None, 'name': 'Road', 'summary': '1-7', 'type': 'road'}
 {'abbreviation': None, 'name': 'vs. Conf.', 'summary': '3-6', 'type': 'vsconf'}]",27,TRUE,99,"[{'abbreviation': 'Game', 'name': 'overall', 'summary': '14-7', 'type': 'total'}
 {'abbreviation': None, 'name': 'Home', 'summary': '9-3', 'type': 'home'}
 {'abbreviation': None, 'name': 'Road', 'summary': '3-4', 'type': 'road'}
 {'abbreviation': None, 'name': 'vs. Conf.', 'summary': '6-3', 'type': 'vsconf'}]",27,Sun Belt,JMU,ULM,450084,840029,cbb677,fdb913,ULM,840029,fdb913,JMU,450084,cbb677,https://raw.githubusercontent.com/sportsdataverse/wehoop-wbb-raw/main/wbb/json/final/401808810.json,2026-01-23T00:00Z,TRUE,,
401819679,2026-01-23T00:00Z,Virginia,Pittsburgh,Home,W,84,46,https://a.espncdn.com/i/teamlogos/ncaa/500/258.png,https://a.espncdn.com/i/teamlogos/ncaa/500/221.png,99,99,2,2,,,TRUE,1,,STATUS_FINAL,2,TRUE,99,"[{'abbreviation': 'Game', 'name': 'overall', 'summary': '14-5', 'type': 'total'}
 {'abbreviation': None, 'name': 'Home', 'summary': '10-2', 'type': 'home'}
 {'abbreviation': None, 'name': 'Road', 'summary': '3-2', 'type': 'road'}
 {'abbreviation': None, 'name': 'vs. Conf.', 'summary': '6-2', 'type': 'vsconf'}]",2,FALSE,99,"[{'abbreviation': 'Game', 'name': 'overall', 'summary': '8-13', 'type': 'total'}
 {'abbreviation': None, 'name': 'Home', 'summary': '6-6', 'type': 'home'}
 {'abbreviation': None, 'name': 'Road', 'summary': '1-6', 'type': 'road'}
 {'abbreviation': None, 'name': 'vs. Conf.', 'summary': '1-7', 'type': 'vsconf'}]",2,ACC,UVA,PITT,f84c1e,3594,232d4b,ffb81c,UVA,f84c1e,232d4b,PITT,3594,ffb81c,https://raw.githubusercontent.com/sportsdataverse/wehoop-wbb-raw/main/wbb/json/final/401819679.json,2026-01-23T00:00Z,TRUE,,
401807576,2026-01-22T23:30Z,Kentucky,Tennessee,Away,L,58,60,https://a.espncdn.com/i/teamlogos/ncaa/500/96.png,https://a.espncdn.com/i/teamlogos/ncaa/500/2633_ncw.png,11,17,23,23,,,TRUE,1,,STATUS_FINAL,23,TRUE,17,"[{'abbreviation': 'Game', 'name': 'overall', 'summary': '14-3', 'type': 'total'}
 {'abbreviation': None, 'name': 'Home', 'summary': '8-0', 'type': 'home'}
 {'abbreviation': None, 'name': 'Road', 'summary': '6-1', 'type': 'road'}
 {'abbreviation': None, 'name': 'vs. Conf.', 'summary': '6-0', 'type': 'vsconf'}]",23,FALSE,11,"[{'abbreviation': 'Game', 'name': 'overall', 'summary': '17-4', 'type': 'total'}
 {'abbreviation': None, 'name': 'Home', 'summary': '10-0', 'type': 'home'}
 {'abbreviation': None, 'name': 'Road', 'summary': '6-3', 'type': 'road'}
 {'abbreviation': None, 'name': 'vs. Conf.', 'summary': '4-3', 'type': 'vsconf'}]",23,SEC,UK,TENN,0033a0,ff8200,ffffff,ffffff,TENN,ff8200,ffffff,UK,0033a0,ffffff,https://raw.githubusercontent.com/sportsdataverse/wehoop-wbb-raw/main/wbb/json/final/401807576.json,2026-01-22T23:30Z,TRUE,,
401807576,2026-01-22T23:30Z,Tennessee,Kentucky,Home,W,60,58,https://a.espncdn.com/i/teamlogos/ncaa/500/2633_ncw.png,https://a.espncdn.com/i/teamlogos/ncaa/500/96.png,17,11,23,23,,,TRUE,1,,STATUS_FINAL,23,TRUE,17,"[{'abbreviation': 'Game', 'name': 'overall', 'summary': '14-3', 'type': 'total'}
 {'abbreviation': None, 'name': 'Home', 'summary': '8-0', 'type': 'home'}
 {'abbreviation': None, 'name': 'Road', 'summary': '6-1', 'type': 'road'}
 {'abbreviation': None, 'name': 'vs. Conf.', 'summary': '6-0', 'type': 'vsconf'}]",23,FALSE,11,"[{'abbreviation': 'Game', 'name': 'overall', 'summary': '17-4', 'type': 'total'}
 {'abbreviation': None, 'name': 'Home', 'summary': '10-0', 'type': 'home'}
 {'abbreviation': None, 'name': 'Road', 'summary': '6-3', 'type': 'road'}
 {'abbreviation': None, 'name': 'vs. Conf.', 'summary': '4-3', 'type': 'vsconf'}]",23,SEC,TENN,UK,ff8200,0033a0,ffffff,ffffff,TENN,ff8200,ffffff,UK,0033a0,ffffff,https://raw.githubusercontent.com/sportsdataverse/wehoop-wbb-raw/main/wbb/json/final/401807576.json,2026-01-22T23:30Z,TRUE,,
401819592,2026-01-22T23:00Z,Clemson,Virginia Tech,Away,L,68,71,https://a.espncdn.com/i/teamlogos/ncaa/500/228.png,https://a.espncdn.com/i/teamlogos/ncaa/500/259.png,99,99,2,2,,,TRUE,1,,STATUS_FINAL,2,TRUE,99,"[{'abbreviation': 'Game', 'name': 'overall', 'summary': '15-5', 'type': 'total'}
 {'abbreviation': None, 'name': 'Home', 'summary': '11-2', 'type': 'home'}
 {'abbreviation': None, 'name': 'Road', 'summary': '3-2', 'type': 'road'}
 {'abbreviation': None, 'name': 'vs. Conf.', 'summary': '5-3', 'type': 'vsconf'}]",2,FALSE,99,"[{'abbreviation': 'Game', 'name': 'overall', 'summary': '13-7', 'type': 'total'}
 {'abbreviation': None, 'name': 'Home', 'summary': '7-1', 'type': 'home'}
 {'abbreviation': None, 'name': 'Road', 'summary': '5-5', 'type': 'road'}
 {'abbreviation': None, 'name': 'vs. Conf.', 'summary': '4-4', 'type': 'vsconf'}]",2,ACC,CLEM,VT,f56600,6a2c3e,ffffff,cf4520,VT,6a2c3e,cf4520,CLEM,f56600,ffffff,https://raw.githubusercontent.com/sportsdataverse/wehoop-wbb-raw/main/wbb/json/final/401819592.json,2026-01-22T23:00Z,TRUE,,
401819677,2026-01-22T23:00Z,Notre Dame,Miami (FL),Home,W,74,66,https://a.espncdn.com/i/teamlogos/ncaa/500/87.png,https://a.espncdn.com/i/teamlogos/ncaa/500/2390.png,99,99,2,2,,,TRUE,1,,STATUS_FINAL,2,TRUE,99,"[{'abbreviation': 'Game', 'name': 'overall', 'summary': '13-6', 'type': 'total'}
 {'abbreviation': None, 'name': 'Home', 'summary': '11-1', 'type': 'home'}
 {'abbreviation': None, 'name': 'Road', 'summary': '2-4', 'type': 'road'}
 {'abbreviation': None, 'name': 'vs. Conf.', 'summary': '5-3', 'type': 'vsconf'}]",2,FALSE,99,"[{'abbreviation': 'Game', 'name': 'overall', 'summary': '11-8', 'type': 'total'}
 {'abbreviation': None, 'name': 'Home', 'summary': '7-4', 'type': 'home'}
 {'abbreviation': None, 'name': 'Road', 'summary': '2-2', 'type': 'road'}
 {'abbreviation': None, 'name': 'vs. Conf.', 'summary': '3-5', 'type': 'vsconf'}]",2,ACC,ND,MIA,62340,f47423,c99700,35131,ND,62340,c99700,MIA,f47423,35131,https://raw.githubusercontent.com/sportsdataverse/wehoop-wbb-raw/main/wbb/json/final/401819677.json,2026-01-22T23:00Z,TRUE,,
401813861,2026-01-22T23:00Z,Fairfield,Niagara,Away,W,81,51,https://a.espncdn.com/i/teamlogos/ncaa/500/2217.png,https://a.espncdn.com/i/teamlogos/ncaa/500/315.png,99,99,13,13,,,TRUE,1,,STATUS_FINAL,13,FALSE,99,"[{'abbreviation': 'Game', 'name': 'overall', 'summary': '0-18', 'type': 'total'}
 {'abbreviation': None, 'name': 'Home', 'summary': '0-8', 'type': 'home'}
 {'abbreviation': None, 'name': 'Road', 'summary': '0-10', 'type': 'road'}
 {'abbreviation': None, 'name': 'vs. Conf.', 'summary': '0-9', 'type': 'vsconf'}]",13,TRUE,99,"[{'abbreviation': 'Game', 'name': 'overall', 'summary': '16-3', 'type': 'total'}
 {'abbreviation': None, 'name': 'Home', 'summary': '8-0', 'type': 'home'}
 {'abbreviation': None, 'name': 'Road', 'summary': '7-2', 'type': 'road'}
 {'abbreviation': None, 'name': 'vs. Conf.', 'summary': '10-0', 'type': 'vsconf'}]",13,MAAC,FAIR,NIA,0,69207E,ebebeb,f0f0f0,NIA,69207E,f0f0f0,FAIR,0,ebebeb,https://raw.githubusercontent.com/sportsdataverse/wehoop-wbb-raw/main/wbb/json/final/401813861.json,2026-01-22T23:00Z,TRUE,,
401825291,2026-01-22T23:00Z,Michigan,Rutgers,Away,W,94,60,https://a.espncdn.com/i/teamlogos/ncaa/500/130.png,https://a.espncdn.com/i/teamlogos/ncaa/500/164.png,7,99,7,7,,,TRUE,1,,STATUS_FINAL,7,FALSE,99,"[{'abbreviation': 'Game', 'name': 'overall', 'summary': '9-10', 'type': 'total'}
 {'abbreviation': None, 'name': 'Home', 'summary': '8-5', 'type': 'home'}
 {'abbreviation': None, 'name': 'Road', 'summary': '1-5', 'type': 'road'}
 {'abbreviation': None, 'name': 'vs. Conf.', 'summary': '1-7', 'type': 'vsconf'}]",7,TRUE,7,"[{'abbreviation': 'Game', 'name': 'overall', 'summary': '16-3', 'type': 'total'}
 {'abbreviation': None, 'name': 'Home', 'summary': '10-0', 'type': 'home'}
 {'abbreviation': None, 'name': 'Road', 'summary': '4-1', 'type': 'road'}
 {'abbreviation': None, 'name': 'vs. Conf.', 'summary': '7-1', 'type': 'vsconf'}]",7,Big Ten,MICH,RUTG,00274c,ce0e2d,ffcb05,ffffff,RUTG,ce0e2d,ffffff,MICH,00274c,ffcb05,https://raw.githubusercontent.com/sportsdataverse/wehoop-wbb-raw/main/wbb/json/final/401825291.json,2026-01-22T23:00Z,TRUE,,
401819592,2026-01-22T23:00Z,Virginia Tech,Clemson,Home,W,71,68,https://a.espncdn.com/i/teamlogos/ncaa/500/259.png,https://a.espncdn.com/i/teamlogos/ncaa/500/228.png,99,99,2,2,,,TRUE,1,,STATUS_FINAL,2,TRUE,99,"[{'abbreviation': 'Game', 'name': 'overall', 'summary': '15-5', 'type': 'total'}
 {'abbreviation': None, 'name': 'Home', 'summary': '11-2', 'type': 'home'}
 {'abbreviation': None, 'name': 'Road', 'summary': '3-2', 'type': 'road'}
 {'abbreviation': None, 'name': 'vs. Conf.', 'summary': '5-3', 'type': 'vsconf'}]",2,FALSE,99,"[{'abbreviation': 'Game', 'name': 'overall', 'summary': '13-7', 'type': 'total'}
 {'abbreviation': None, 'name': 'Home', 'summary': '7-1', 'type': 'home'}
 {'abbreviation': None, 'name': 'Road', 'summary': '5-5', 'type': 'road'}
 {'abbreviation': None, 'name': 'vs. Conf.', 'summary': '4-4', 'type': 'vsconf'}]",2,ACC,VT,CLEM,6a2c3e,f56600,cf4520,ffffff,VT,6a2c3e,cf4520,CLEM,f56600,ffffff,https://raw.githubusercontent.com/sportsdataverse/wehoop-wbb-raw/main/wbb/json/final/401819592.json,2026-01-22T23:00Z,TRUE,,
401825290,2026-01-22T23:00Z,Iowa,Maryland,Away,W,85,78,https://a.espncdn.com/i/teamlogos/ncaa/500/2294.png,https://a.espncdn.com/i/teamlogos/ncaa/500/120.png,10,15,7,7,,,TRUE,1,,STATUS_FINAL,7,FALSE,15,"[{'abbreviation': 'Game', 'name': 'overall', 'summary': '17-4', 'type': 'total'}
 {'abbreviation': None, 'name': 'Home', 'summary': '12-2', 'type': 'home'}
 {'abbreviation': None, 'name': 'Road', 'summary': '3-2', 'type': 'road'}
 {'abbreviation': None, 'name': 'vs. Conf.', 'summary': '5-4', 'type': 'vsconf'}]",7,TRUE,10,"[{'abbreviation': 'Game', 'name': 'overall', 'summary': '17-2', 'type': 'total'}
 {'abbreviation': None, 'name': 'Home', 'summary': '10-0', 'type': 'home'}
 {'abbreviation': None, 'name': 'Road', 'summary': '5-1', 'type': 'road'}
 {'abbreviation': None, 'name': 'vs. Conf.', 'summary': '8-0', 'type': 'vsconf'}]",7,Big Ten,IOWA,MD,231f20,ce1126,fcd116,ffffff,MD,ce1126,ffffff,IOWA,231f20,fcd116,https://raw.githubusercontent.com/sportsdataverse/wehoop-wbb-raw/main/wbb/json/final/401825290.json,2026-01-22T23:00Z,TRUE,,
401825290,2026-01-22T23:00Z,Maryland,Iowa,Home,L,78,85,https://a.espncdn.com/i/teamlogos/ncaa/500/120.png,https://a.espncdn.com/i/teamlogos/ncaa/500/2294.png,15,10,7,7,,,TRUE,1,,STATUS_FINAL,7,FALSE,15,"[{'abbreviation': 'Game', 'name': 'overall', 'summary': '17-4', 'type': 'total'}
 {'abbreviation': None, 'name': 'Home', 'summary': '12-2', 'type': 'home'}
 {'abbreviation': None, 'name': 'Road', 'summary': '3-2', 'type': 'road'}
 {'abbreviation': None, 'name': 'vs. Conf.', 'summary': '5-4', 'type': 'vsconf'}]",7,TRUE,10,"[{'abbreviation': 'Game', 'name': 'overall', 'summary': '17-2', 'type': 'total'}
 {'abbreviation': None, 'name': 'Home', 'summary': '10-0', 'type': 'home'}
 {'abbreviation': None, 'name': 'Road', 'summary': '5-1', 'type': 'road'}
 {'abbreviation': None, 'name': 'vs. Conf.', 'summary': '8-0', 'type': 'vsconf'}]",7,Big Ten,MD,IOWA,ce1126,231f20,ffffff,fcd116,MD,ce1126,ffffff,IOWA,231f20,fcd116,https://raw.githubusercontent.com/sportsdataverse/wehoop-wbb-raw/main/wbb/json/final/401825290.json,2026-01-22T23:00Z,TRUE,,
401825288,2026-01-22T03:00Z,UCLA,Purdue,Home,W,96,48,https://a.espncdn.com/i/teamlogos/ncaa/500/26.png,https://a.espncdn.com/i/teamlogos/ncaa/500/2509.png,3,99,7,7,,,TRUE,1,,STATUS_FINAL,7,TRUE,3,"[{'abbreviation': 'Game', 'name': 'overall', 'summary': '18-1', 'type': 'total'}
 {'abbreviation': None, 'name': 'Home', 'summary': '9-0', 'type': 'home'}
 {'abbreviation': None, 'name': 'Road', 'summary': '4-0', 'type': 'road'}
 {'abbreviation': None, 'name': 'vs. Conf.', 'summary': '8-0', 'type': 'vsconf'}]",7,FALSE,99,"[{'abbreviation': 'Game', 'name': 'overall', 'summary': '10-9', 'type': 'total'}
 {'abbreviation': None, 'name': 'Home', 'summary': '9-2', 'type': 'home'}
 {'abbreviation': None, 'name': 'Road', 'summary': '1-7', 'type': 'road'}
 {'abbreviation': None, 'name': 'vs. Conf.', 'summary': '2-6', 'type': 'vsconf'}]",7,Big Ten,UCLA,PUR,2774ae,ceb888,f2a900,0,UCLA,2774ae,f2a900,PUR,ceb888,0,https://raw.githubusercontent.com/sportsdataverse/wehoop-wbb-raw/main/wbb/json/final/401825288.json,2026-01-22T03:00Z,TRUE,,
401827345,2026-01-22T02:00Z,Texas Tech,BYU,Away,L,61,73,https://a.espncdn.com/i/teamlogos/ncaa/500/2641.png,https://a.espncdn.com/i/teamlogos/ncaa/500/252.png,19,99,8,8,,,TRUE,1,,STATUS_FINAL,8,TRUE,99,"[{'abbreviation': 'Game', 'name': 'overall', 'summary': '15-4', 'type': 'total'}
 {'abbreviation': None, 'name': 'Home', 'summary': '10-2', 'type': 'home'}
 {'abbreviation': None, 'name': 'Road', 'summary': '4-1', 'type': 'road'}
 {'abbreviation': None, 'name': 'vs. Conf.', 'summary': '4-3', 'type': 'vsconf'}]",8,FALSE,19,"[{'abbreviation': 'Game', 'name': 'overall', 'summary': '19-2', 'type': 'total'}
 {'abbreviation': None, 'name': 'Home', 'summary': '11-1', 'type': 'home'}
 {'abbreviation': None, 'name': 'Road', 'summary': '5-1', 'type': 'road'}
 {'abbreviation': None, 'name': 'vs. Conf.', 'summary': '6-2', 'type': 'vsconf'}]",8,Big 12,TTU,BYU,da291c,0047ba,0,002e5d,BYU,0047ba,002e5d,TTU,da291c,0,https://raw.githubusercontent.com/sportsdataverse/wehoop-wbb-raw/main/wbb/json/final/401827345.json,2026-01-22T02:00Z,TRUE,,
401825287,2026-01-22T02:00Z,Washington,Penn State,Home,W,81,65,https://a.espncdn.com/i/teamlogos/ncaa/500/264.png,https://a.espncdn.com/i/teamlogos/ncaa/500/213.png,25,99,7,7,,,TRUE,1,,STATUS_FINAL,7,TRUE,25,"[{'abbreviation': 'Game', 'name': 'overall', 'summary': '15-4', 'type': 'total'}
 {'abbreviation': None, 'name': 'Home', 'summary': '12-1', 'type': 'home'}
 {'abbreviation': None, 'name': 'Road', 'summary': '3-3', 'type': 'road'}
 {'abbreviation': None, 'name': 'vs. Conf.', 'summary': '5-3', 'type': 'vsconf'}]",7,FALSE,99,"[{'abbreviation': 'Game', 'name': 'overall', 'summary': '7-13', 'type': 'total'}
 {'abbreviation': None, 'name': 'Home', 'summary': '4-6', 'type': 'home'}
 {'abbreviation': None, 'name': 'Road', 'summary': '1-5', 'type': 'road'}
 {'abbreviation': None, 'name': 'vs. Conf.', 'summary': '0-9', 'type': 'vsconf'}]",7,Big Ten,WASH,PSU,33006f,61440,e8d3a2,ffffff,WASH,33006f,e8d3a2,PSU,61440,ffffff,https://raw.githubusercontent.com/sportsdataverse/wehoop-wbb-raw/main/wbb/json/final/401825287.json,2026-01-22T02:00Z,TRUE,,
401825285,2026-01-22T02:00Z,Oregon,Minnesota,Home,L,60,65,https://a.espncdn.com/i/teamlogos/ncaa/500/2483.png,https://a.espncdn.com/i/teamlogos/ncaa/500/135.png,99,99,7,7,,,TRUE,1,,STATUS_FINAL,7,FALSE,99,"[{'abbreviation': 'Game', 'name': 'overall', 'summary': '14-7', 'type': 'total'}
 {'abbreviation': None, 'name': 'Home', 'summary': '9-3', 'type': 'home'}
 {'abbreviation': None, 'name': 'Road', 'summary': '3-3', 'type': 'road'}
 {'abbreviation': None, 'name': 'vs. Conf.', 'summary': '2-6', 'type': 'vsconf'}]",7,TRUE,99,"[{'abbreviation': 'Game', 'name': 'overall', 'summary': '13-6', 'type': 'total'}
 {'abbreviation': None, 'name': 'Home', 'summary': '9-2', 'type': 'home'}
 {'abbreviation': None, 'name': 'Road', 'summary': '3-3', 'type': 'road'}
 {'abbreviation': None, 'name': 'vs. Conf.', 'summary': '4-4', 'type': 'vsconf'}]",7,Big Ten,ORE,MINN,00934b,5e0a2f,fff41b,fab41c,ORE,00934b,fff41b,MINN,5e0a2f,fab41c,https://raw.githubusercontent.com/sportsdataverse/wehoop-wbb-raw/main/wbb/json/final/401825285.json,2026-01-22T02:00Z,TRUE,,
401825285,2026-01-22T02:00Z,Minnesota,Oregon,Away,W,65,60,https://a.espncdn.com/i/teamlogos/ncaa/500/135.png,https://a.espncdn.com/i/teamlogos/ncaa/500/2483.png,99,99,7,7,,,TRUE,1,,STATUS_FINAL,7,FALSE,99,"[{'abbreviation': 'Game', 'name': 'overall', 'summary': '14-7', 'type': 'total'}
 {'abbreviation': None, 'name': 'Home', 'summary': '9-3', 'type': 'home'}
 {'abbreviation': None, 'name': 'Road', 'summary': '3-3', 'type': 'road'}
 {'abbreviation': None, 'name': 'vs. Conf.', 'summary': '2-6', 'type': 'vsconf'}]",7,TRUE,99,"[{'abbreviation': 'Game', 'name': 'overall', 'summary': '13-6', 'type': 'total'}
 {'abbreviation': None, 'name': 'Home', 'summary': '9-2', 'type': 'home'}
 {'abbreviation': None, 'name': 'Road', 'summary': '3-3', 'type': 'road'}
 {'abbreviation': None, 'name': 'vs. Conf.', 'summary': '4-4', 'type': 'vsconf'}]",7,Big Ten,MINN,ORE,5e0a2f,00934b,fab41c,fff41b,ORE,00934b,fff41b,MINN,5e0a2f,fab41c,https://raw.githubusercontent.com/sportsdataverse/wehoop-wbb-raw/main/wbb/json/final/401825285.json,2026-01-22T02:00Z,TRUE,,
401827344,2026-01-22T01:00Z,Baylor,UCF,Home,W,73,48,https://a.espncdn.com/i/teamlogos/ncaa/500/239.png,https://a.espncdn.com/i/teamlogos/ncaa/500/2116.png,14,99,8,8,,,TRUE,1,,STATUS_FINAL,8,TRUE,14,"[{'abbreviation': 'Game', 'name': 'overall', 'summary': '18-3', 'type': 'total'}
 {'abbreviation': None, 'name': 'Home', 'summary': '11-1', 'type': 'home'}
 {'abbreviation': None, 'name': 'Road', 'summary': '5-0', 'type': 'road'}
 {'abbreviation': None, 'name': 'vs. Conf.', 'summary': '7-1', 'type': 'vsconf'}]",8,FALSE,99,"[{'abbreviation': 'Game', 'name': 'overall', 'summary': '10-9', 'type': 'total'}
 {'abbreviation': None, 'name': 'Home', 'summary': '7-5', 'type': 'home'}
 {'abbreviation': None, 'name': 'Road', 'summary': '1-3', 'type': 'road'}
 {'abbreviation': None, 'name': 'vs. Conf.', 'summary': '2-6', 'type': 'vsconf'}]",8,Big 12,BAY,UCF,154734,0,ffb81c,b4a169,BAY,154734,ffb81c,UCF,0,b4a169,https://raw.githubusercontent.com/sportsdataverse/wehoop-wbb-raw/main/wbb/json/final/401827344.json,2026-01-22T01:00Z,TRUE,,
401825286,2026-01-22T00:30Z,Nebraska,Wisconsin,Away,L,60,63,https://a.espncdn.com/i/teamlogos/ncaa/500/158.png,https://a.espncdn.com/i/teamlogos/ncaa/500/275.png,24,99,7,7,,,TRUE,1,,STATUS_FINAL,7,TRUE,99,"[{'abbreviation': 'Game', 'name': 'overall', 'summary': '13-7', 'type': 'total'}
 {'abbreviation': None, 'name': 'Home', 'summary': '11-1', 'type': 'home'}
 {'abbreviation': None, 'name': 'Road', 'summary': '2-4', 'type': 'road'}
 {'abbreviation': None, 'name': 'vs. Conf.', 'summary': '5-4', 'type': 'vsconf'}]",7,FALSE,24,"[{'abbreviation': 'Game', 'name': 'overall', 'summary': '14-5', 'type': 'total'}
 {'abbreviation': None, 'name': 'Home', 'summary': '10-2', 'type': 'home'}
 {'abbreviation': None, 'name': 'Road', 'summary': '1-3', 'type': 'road'}
 {'abbreviation': None, 'name': 'vs. Conf.', 'summary': '3-5', 'type': 'vsconf'}]",7,Big Ten,NEB,WIS,e31937,a00000,ffffff,ffffff,WIS,a00000,ffffff,NEB,e31937,ffffff,https://raw.githubusercontent.com/sportsdataverse/wehoop-wbb-raw/main/wbb/json/final/401825286.json,2026-01-22T00:30Z,TRUE,,
401827346,2026-01-22T00:30Z,Iowa State,Cincinnati,Home,W,93,68,https://a.espncdn.com/i/teamlogos/ncaa/500/66.png,https://a.espncdn.com/i/teamlogos/ncaa/500/2132.png,99,99,8,8,,,TRUE,1,,STATUS_FINAL,8,TRUE,99,"[{'abbreviation': 'Game', 'name': 'overall', 'summary': '15-5', 'type': 'total'}
 {'abbreviation': None, 'name': 'Home', 'summary': '11-2', 'type': 'home'}
 {'abbreviation': None, 'name': 'Road', 'summary': '2-3', 'type': 'road'}
 {'abbreviation': None, 'name': 'vs. Conf.', 'summary': '3-5', 'type': 'vsconf'}]",8,FALSE,99,"[{'abbreviation': 'Game', 'name': 'overall', 'summary': '7-13', 'type': 'total'}
 {'abbreviation': None, 'name': 'Home', 'summary': '4-7', 'type': 'home'}
 {'abbreviation': None, 'name': 'Road', 'summary': '1-6', 'type': 'road'}
 {'abbreviation': None, 'name': 'vs. Conf.', 'summary': '2-6', 'type': 'vsconf'}]",8,Big 12,ISU,CIN,ae192d,0,ffc72a,e00122,ISU,ae192d,ffc72a,CIN,0.00E+00,e00122,https://raw.githubusercontent.com/sportsdataverse/wehoop-wbb-raw/main/wbb/json/final/401827346.json,2026-01-22T00:30Z,TRUE,,
401827348,2026-01-22T00:00Z,West Virginia,Arizona State,Home,W,53,43,https://a.espncdn.com/i/teamlogos/ncaa/500/277.png,https://a.espncdn.com/i/teamlogos/ncaa/500/9.png,22,99,8,8,,,TRUE,1,,STATUS_FINAL,8,TRUE,22,"[{'abbreviation': 'Game', 'name': 'overall', 'summary': '16-4', 'type': 'total'}
 {'abbreviation': None, 'name': 'Home', 'summary': '9-3', 'type': 'home'}
 {'abbreviation': None, 'name': 'Road', 'summary': '5-0', 'type': 'road'}
 {'abbreviation': None, 'name': 'vs. Conf.', 'summary': '6-2', 'type': 'vsconf'}]",8,FALSE,99,"[{'abbreviation': 'Game', 'name': 'overall', 'summary': '17-3', 'type': 'total'}
 {'abbreviation': None, 'name': 'Home', 'summary': '11-0', 'type': 'home'}
 {'abbreviation': None, 'name': 'Road', 'summary': '6-3', 'type': 'road'}
 {'abbreviation': None, 'name': 'vs. Conf.', 'summary': '4-3', 'type': 'vsconf'}]",8,Big 12,WVU,ASU,eaaa00,ffc627,2855,8c1d40,WVU,eaaa00,2855,ASU,ffc627,8c1d40,https://raw.githubusercontent.com/sportsdataverse/wehoop-wbb-raw/main/wbb/json/final/401827348.json,2026-01-22T00:00Z,TRUE,,
401829086,2026-01-21T23:00Z,Rhode Island,Davidson,Home,W,60,53,https://a.espncdn.com/i/teamlogos/ncaa/500/227.png,https://a.espncdn.com/i/teamlogos/ncaa/500/2166.png,99,99,3,3,,,TRUE,1,,STATUS_FINAL,3,TRUE,99,"[{'abbreviation': 'Game', 'name': 'overall', 'summary': '17-2', 'type': 'total'}
 {'abbreviation': None, 'name': 'Home', 'summary': '9-1', 'type': 'home'}
 {'abbreviation': None, 'name': 'Road', 'summary': '8-1', 'type': 'road'}
 {'abbreviation': None, 'name': 'vs. Conf.', 'summary': '8-0', 'type': 'vsconf'}]",3,FALSE,99,"[{'abbreviation': 'Game', 'name': 'overall', 'summary': '14-7', 'type': 'total'}
 {'abbreviation': None, 'name': 'Home', 'summary': '9-1', 'type': 'home'}
 {'abbreviation': None, 'name': 'Road', 'summary': '5-4', 'type': 'road'}
 {'abbreviation': None, 'name': 'vs. Conf.', 'summary': '6-2', 'type': 'vsconf'}]",3,A-10,URI,DAV,091f3f,0,5ab3e8,e51837,URI,091f3f,5ab3e8,DAV,0,e51837,https://raw.githubusercontent.com/sportsdataverse/wehoop-wbb-raw/main/wbb/json/final/401829086.json,2026-01-21T23:00Z,TRUE,,
401817390,2026-01-19T22:00Z,UConn,Notre Dame,Home,W,85,47,https://a.espncdn.com/i/teamlogos/ncaa/500/41.png,https://a.espncdn.com/i/teamlogos/ncaa/500/87.png,1,99,4,2,,,FALSE,1,,STATUS_FINAL,4,TRUE,1,"[{'abbreviation': 'Game', 'name': 'overall', 'summary': '19-0', 'type': 'total'}
 {'abbreviation': None, 'name': 'Home', 'summary': '9-0', 'type': 'home'}
 {'abbreviation': None, 'name': 'Road', 'summary': '6-0', 'type': 'road'}
 {'abbreviation': None, 'name': 'vs. Conf.', 'summary': '9-0', 'type': 'vsconf'}]",2,FALSE,99,"[{'abbreviation': 'Game', 'name': 'overall', 'summary': '12-6', 'type': 'total'}
 {'abbreviation': None, 'name': 'Home', 'summary': '10-1', 'type': 'home'}
 {'abbreviation': None, 'name': 'Road', 'summary': '2-4', 'type': 'road'}
 {'abbreviation': None, 'name': 'vs. Conf.', 'summary': '4-3', 'type': 'vsconf'}]",,,CONN,ND,0c2340,62340,a2aaad,c99700,CONN,0c2340,a2aaad,ND,62340,c99700,https://raw.githubusercontent.com/sportsdataverse/wehoop-wbb-raw/main/wbb/json/final/401817390.json,2026-01-19T22:00Z,TRUE,,
401817390,2026-01-19T22:00Z,Notre Dame,UConn,Away,L,47,85,https://a.espncdn.com/i/teamlogos/ncaa/500/87.png,https://a.espncdn.com/i/teamlogos/ncaa/500/41.png,99,1,2,4,,,FALSE,1,,STATUS_FINAL,4,TRUE,1,"[{'abbreviation': 'Game', 'name': 'overall', 'summary': '19-0', 'type': 'total'}
 {'abbreviation': None, 'name': 'Home', 'summary': '9-0', 'type': 'home'}
 {'abbreviation': None, 'name': 'Road', 'summary': '6-0', 'type': 'road'}
 {'abbreviation': None, 'name': 'vs. Conf.', 'summary': '9-0', 'type': 'vsconf'}]",2,FALSE,99,"[{'abbreviation': 'Game', 'name': 'overall', 'summary': '12-6', 'type': 'total'}
 {'abbreviation': None, 'name': 'Home', 'summary': '10-1', 'type': 'home'}
 {'abbreviation': None, 'name': 'Road', 'summary': '2-4', 'type': 'road'}
 {'abbreviation': None, 'name': 'vs. Conf.', 'summary': '4-3', 'type': 'vsconf'}]",,,ND,CONN,62340,0c2340,c99700,a2aaad,CONN,0c2340,a2aaad,ND,62340,c99700,https://raw.githubusercontent.com/sportsdataverse/wehoop-wbb-raw/main/wbb/json/final/401817390.json,2026-01-19T22:00Z,TRUE,,
401818615,2026-01-19T19:30Z,Michigan,Vanderbilt,Neutral,L,69,72,https://a.espncdn.com/i/teamlogos/ncaa/500/130.png,https://a.espncdn.com/i/teamlogos/ncaa/500/238.png,7,5,7,23,,,FALSE,6,Coretta Scott King Classic,STATUS_FINAL,23,TRUE,5,"[{'abbreviation': 'Game', 'name': 'overall', 'summary': '19-0', 'type': 'total'}
 {'abbreviation': None, 'name': 'Home', 'summary': '10-0', 'type': 'home'}
 {'abbreviation': None, 'name': 'Road', 'summary': '5-0', 'type': 'road'}
 {'abbreviation': None, 'name': 'vs. Conf.', 'summary': '5-0', 'type': 'vsconf'}]",7,FALSE,7,"[{'abbreviation': 'Game', 'name': 'overall', 'summary': '15-3', 'type': 'total'}
 {'abbreviation': None, 'name': 'Home', 'summary': '10-0', 'type': 'home'}
 {'abbreviation': None, 'name': 'Road', 'summary': '3-1', 'type': 'road'}
 {'abbreviation': None, 'name': 'vs. Conf.', 'summary': '6-1', 'type': 'vsconf'}]",,,MICH,VAN,00274c,0,ffcb05,cfae70,VAN,0,cfae70,MICH,00274c,ffcb05,https://raw.githubusercontent.com/sportsdataverse/wehoop-wbb-raw/main/wbb/json/final/401818615.json,2026-01-19T19:30Z,TRUE,,
401818615,2026-01-19T19:30Z,Vanderbilt,Michigan,Neutral,W,72,69,https://a.espncdn.com/i/teamlogos/ncaa/500/238.png,https://a.espncdn.com/i/teamlogos/ncaa/500/130.png,5,7,23,7,,,FALSE,6,Coretta Scott King Classic,STATUS_FINAL,23,TRUE,5,"[{'abbreviation': 'Game', 'name': 'overall', 'summary': '19-0', 'type': 'total'}
 {'abbreviation': None, 'name': 'Home', 'summary': '10-0', 'type': 'home'}
 {'abbreviation': None, 'name': 'Road', 'summary': '5-0', 'type': 'road'}
 {'abbreviation': None, 'name': 'vs. Conf.', 'summary': '5-0', 'type': 'vsconf'}]",7,FALSE,7,"[{'abbreviation': 'Game', 'name': 'overall', 'summary': '15-3', 'type': 'total'}
 {'abbreviation': None, 'name': 'Home', 'summary': '10-0', 'type': 'home'}
 {'abbreviation': None, 'name': 'Road', 'summary': '3-1', 'type': 'road'}
 {'abbreviation': None, 'name': 'vs. Conf.', 'summary': '6-1', 'type': 'vsconf'}]",,,VAN,MICH,0,00274c,cfae70,ffcb05,VAN,0,cfae70,MICH,00274c,ffcb05,https://raw.githubusercontent.com/sportsdataverse/wehoop-wbb-raw/main/wbb/json/final/401818615.json,2026-01-19T19:30Z,TRUE,,
401819765,2026-01-19T19:00Z,Fairfield,Siena,Home,W,86,50,https://a.espncdn.com/i/teamlogos/ncaa/500/2217.png,https://a.espncdn.com/i/teamlogos/ncaa/500/2561.png,99,99,13,13,,,TRUE,1,,STATUS_FINAL,13,TRUE,99,"[{'abbreviation': 'Game', 'name': 'overall', 'summary': '15-3', 'type': 'total'}
 {'abbreviation': None, 'name': 'Home', 'summary': '8-0', 'type': 'home'}
 {'abbreviation': None, 'name': 'Road', 'summary': '6-2', 'type': 'road'}
 {'abbreviation': None, 'name': 'vs. Conf.', 'summary': '9-0', 'type': 'vsconf'}]",13,FALSE,99,"[{'abbreviation': 'Game', 'name': 'overall', 'summary': '7-11', 'type': 'total'}
 {'abbreviation': None, 'name': 'Home', 'summary': '4-4', 'type': 'home'}
 {'abbreviation': None, 'name': 'Road', 'summary': '3-7', 'type': 'road'}
 {'abbreviation': None, 'name': 'vs. Conf.', 'summary': '5-4', 'type': 'vsconf'}]",13,MAAC,FAIR,SIE,0,37961,ebebeb,eea60f,FAIR,0,ebebeb,SIE,37961,eea60f,https://raw.githubusercontent.com/sportsdataverse/wehoop-wbb-raw/main/wbb/json/final/401819765.json,2026-01-19T19:00Z,TRUE,,
401824081,2026-01-19T19:00Z,Princeton,Harvard,Home,W,82,79,https://a.espncdn.com/i/teamlogos/ncaa/500/163.png,https://a.espncdn.com/i/teamlogos/ncaa/500/108.png,20,99,12,12,,,TRUE,1,,STATUS_FINAL,12,TRUE,20,"[{'abbreviation': 'Game', 'name': 'overall', 'summary': '16-1', 'type': 'total'}
 {'abbreviation': None, 'name': 'Home', 'summary': '7-0', 'type': 'home'}
 {'abbreviation': None, 'name': 'Road', 'summary': '7-1', 'type': 'road'}
 {'abbreviation': None, 'name': 'vs. Conf.', 'summary': '4-0', 'type': 'vsconf'}]",12,FALSE,99,"[{'abbreviation': 'Game', 'name': 'overall', 'summary': '9-8', 'type': 'total'}
 {'abbreviation': None, 'name': 'Home', 'summary': '4-2', 'type': 'home'}
 {'abbreviation': None, 'name': 'Road', 'summary': '4-4', 'type': 'road'}
 {'abbreviation': None, 'name': 'vs. Conf.', 'summary': '2-2', 'type': 'vsconf'}]",12,Ivy,PRIN,HARV,0,990000,ff6000,dbdbdb,PRIN,0,ff6000,HARV,990000,dbdbdb,https://raw.githubusercontent.com/sportsdataverse/wehoop-wbb-raw/main/wbb/json/final/401824081.json,2026-01-19T19:00Z,TRUE,,
401818673,2026-01-19T17:00Z,Ohio State,TCU,Neutral,W,71,69,https://a.espncdn.com/i/teamlogos/ncaa/500/194.png,https://a.espncdn.com/i/teamlogos/ncaa/500/2628.png,12,9,7,8,,,FALSE,6,Coretta Scott King Classic,STATUS_FINAL,7,TRUE,12,"[{'abbreviation': 'Game', 'name': 'overall', 'summary': '17-2', 'type': 'total'}
 {'abbreviation': None, 'name': 'Home', 'summary': '10-1', 'type': 'home'}
 {'abbreviation': None, 'name': 'Road', 'summary': '4-1', 'type': 'road'}
 {'abbreviation': None, 'name': 'vs. Conf.', 'summary': '6-1', 'type': 'vsconf'}]",8,FALSE,9,"[{'abbreviation': 'Game', 'name': 'overall', 'summary': '18-2', 'type': 'total'}
 {'abbreviation': None, 'name': 'Home', 'summary': '13-0', 'type': 'home'}
 {'abbreviation': None, 'name': 'Road', 'summary': '3-1', 'type': 'road'}
 {'abbreviation': None, 'name': 'vs. Conf.', 'summary': '6-1', 'type': 'vsconf'}]",,,OSU,TCU,ba0c2f,4d1979,a8adb4,ffffff,OSU,ba0c2f,a8adb4,TCU,4d1979,ffffff,https://raw.githubusercontent.com/sportsdataverse/wehoop-wbb-raw/main/wbb/json/final/401818673.json,2026-01-19T17:00Z,TRUE,,
401818673,2026-01-19T17:00Z,TCU,Ohio State,Neutral,L,69,71,https://a.espncdn.com/i/teamlogos/ncaa/500/2628.png,https://a.espncdn.com/i/teamlogos/ncaa/500/194.png,9,12,8,7,,,FALSE,6,Coretta Scott King Classic,STATUS_FINAL,7,TRUE,12,"[{'abbreviation': 'Game', 'name': 'overall', 'summary': '17-2', 'type': 'total'}
 {'abbreviation': None, 'name': 'Home', 'summary': '10-1', 'type': 'home'}
 {'abbreviation': None, 'name': 'Road', 'summary': '4-1', 'type': 'road'}
 {'abbreviation': None, 'name': 'vs. Conf.', 'summary': '6-1', 'type': 'vsconf'}]",8,FALSE,9,"[{'abbreviation': 'Game', 'name': 'overall', 'summary': '18-2', 'type': 'total'}
 {'abbreviation': None, 'name': 'Home', 'summary': '13-0', 'type': 'home'}
 {'abbreviation': None, 'name': 'Road', 'summary': '3-1', 'type': 'road'}
 {'abbreviation': None, 'name': 'vs. Conf.', 'summary': '6-1', 'type': 'vsconf'}]",,,TCU,OSU,4d1979,ba0c2f,ffffff,a8adb4,OSU,ba0c2f,a8adb4,TCU,4d1979,ffffff,https://raw.githubusercontent.com/sportsdataverse/wehoop-wbb-raw/main/wbb/json/final/401818673.json,2026-01-19T17:00Z,TRUE,,
401825279,2026-01-19T01:00Z,Iowa,Michigan State,Home,W,75,68,https://a.espncdn.com/i/teamlogos/ncaa/500/2294.png,https://a.espncdn.com/i/teamlogos/ncaa/500/127.png,11,15,7,7,,,TRUE,1,,STATUS_FINAL,7,TRUE,11,"[{'abbreviation': 'Game', 'name': 'overall', 'summary': '16-2', 'type': 'total'}
 {'abbreviation': None, 'name': 'Home', 'summary': '10-0', 'type': 'home'}
 {'abbreviation': None, 'name': 'Road', 'summary': '4-1', 'type': 'road'}
 {'abbreviation': None, 'name': 'vs. Conf.', 'summary': '7-0', 'type': 'vsconf'}]",7,FALSE,15,"[{'abbreviation': 'Game', 'name': 'overall', 'summary': '17-2', 'type': 'total'}
 {'abbreviation': None, 'name': 'Home', 'summary': '9-0', 'type': 'home'}
 {'abbreviation': None, 'name': 'Road', 'summary': '4-2', 'type': 'road'}
 {'abbreviation': None, 'name': 'vs. Conf.', 'summary': '6-2', 'type': 'vsconf'}]",7,Big Ten,IOWA,MSU,231f20,173f35,fcd116,ffffff,IOWA,231f20,fcd116,MSU,173f35,ffffff,https://raw.githubusercontent.com/sportsdataverse/wehoop-wbb-raw/main/wbb/json/final/401825279.json,2026-01-19T01:00Z,TRUE,,
401825279,2026-01-19T01:00Z,Michigan State,Iowa,Away,L,68,75,https://a.espncdn.com/i/teamlogos/ncaa/500/127.png,https://a.espncdn.com/i/teamlogos/ncaa/500/2294.png,15,11,7,7,,,TRUE,1,,STATUS_FINAL,7,TRUE,11,"[{'abbreviation': 'Game', 'name': 'overall', 'summary': '16-2', 'type': 'total'}
 {'abbreviation': None, 'name': 'Home', 'summary': '10-0', 'type': 'home'}
 {'abbreviation': None, 'name': 'Road', 'summary': '4-1', 'type': 'road'}
 {'abbreviation': None, 'name': 'vs. Conf.', 'summary': '7-0', 'type': 'vsconf'}]",7,FALSE,15,"[{'abbreviation': 'Game', 'name': 'overall', 'summary': '17-2', 'type': 'total'}
 {'abbreviation': None, 'name': 'Home', 'summary': '9-0', 'type': 'home'}
 {'abbreviation': None, 'name': 'Road', 'summary': '4-2', 'type': 'road'}
 {'abbreviation': None, 'name': 'vs. Conf.', 'summary': '6-2', 'type': 'vsconf'}]",7,Big Ten,MSU,IOWA,173f35,231f20,ffffff,fcd116,IOWA,231f20,fcd116,MSU,173f35,ffffff,https://raw.githubusercontent.com/sportsdataverse/wehoop-wbb-raw/main/wbb/json/final/401825279.json,2026-01-19T01:00Z,TRUE,,
401825280,2026-01-18T23:00Z,Minnesota,Washington,Away,L,54,67,https://a.espncdn.com/i/teamlogos/ncaa/500/135.png,https://a.espncdn.com/i/teamlogos/ncaa/500/264.png,99,99,7,7,,,TRUE,1,,STATUS_FINAL,7,TRUE,99,"[{'abbreviation': 'Game', 'name': 'overall', 'summary': '14-4', 'type': 'total'}
 {'abbreviation': None, 'name': 'Home', 'summary': '11-1', 'type': 'home'}
 {'abbreviation': None, 'name': 'Road', 'summary': '3-3', 'type': 'road'}
 {'abbreviation': None, 'name': 'vs. Conf.', 'summary': '4-3', 'type': 'vsconf'}]",7,FALSE,99,"[{'abbreviation': 'Game', 'name': 'overall', 'summary': '12-6', 'type': 'total'}
 {'abbreviation': None, 'name': 'Home', 'summary': '9-2', 'type': 'home'}
 {'abbreviation': None, 'name': 'Road', 'summary': '2-3', 'type': 'road'}
 {'abbreviation': None, 'name': 'vs. Conf.', 'summary': '3-4', 'type': 'vsconf'}]",7,Big Ten,MINN,WASH,5e0a2f,33006f,fab41c,e8d3a2,WASH,33006f,e8d3a2,MINN,5e0a2f,fab41c,https://raw.githubusercontent.com/sportsdataverse/wehoop-wbb-raw/main/wbb/json/final/401825280.json,2026-01-18T23:00Z,TRUE,,
401819673,2026-01-18T23:00Z,Duke,Georgia Tech,Home,W,93,46,https://a.espncdn.com/i/teamlogos/ncaa/500/150.png,https://a.espncdn.com/i/teamlogos/ncaa/500/59.png,99,99,2,2,,,TRUE,1,,STATUS_FINAL,2,TRUE,99,"[{'abbreviation': 'Game', 'name': 'overall', 'summary': '13-6', 'type': 'total'}
 {'abbreviation': None, 'name': 'Home', 'summary': '7-1', 'type': 'home'}
 {'abbreviation': None, 'name': 'Road', 'summary': '6-1', 'type': 'road'}
 {'abbreviation': None, 'name': 'vs. Conf.', 'summary': '8-0', 'type': 'vsconf'}]",2,FALSE,99,"[{'abbreviation': 'Game', 'name': 'overall', 'summary': '8-11', 'type': 'total'}
 {'abbreviation': None, 'name': 'Home', 'summary': '7-3', 'type': 'home'}
 {'abbreviation': None, 'name': 'Road', 'summary': '1-6', 'type': 'road'}
 {'abbreviation': None, 'name': 'vs. Conf.', 'summary': '3-4', 'type': 'vsconf'}]",2,ACC,DUKE,GT,00539b,b3a369,ffffff,ffffff,DUKE,00539b,ffffff,GT,b3a369,ffffff,https://raw.githubusercontent.com/sportsdataverse/wehoop-wbb-raw/main/wbb/json/final/401819673.json,2026-01-18T23:00Z,TRUE,,
401825280,2026-01-18T23:00Z,Washington,Minnesota,Home,W,67,54,https://a.espncdn.com/i/teamlogos/ncaa/500/264.png,https://a.espncdn.com/i/teamlogos/ncaa/500/135.png,99,99,7,7,,,TRUE,1,,STATUS_FINAL,7,TRUE,99,"[{'abbreviation': 'Game', 'name': 'overall', 'summary': '14-4', 'type': 'total'}
 {'abbreviation': None, 'name': 'Home', 'summary': '11-1', 'type': 'home'}
 {'abbreviation': None, 'name': 'Road', 'summary': '3-3', 'type': 'road'}
 {'abbreviation': None, 'name': 'vs. Conf.', 'summary': '4-3', 'type': 'vsconf'}]",7,FALSE,99,"[{'abbreviation': 'Game', 'name': 'overall', 'summary': '12-6', 'type': 'total'}
 {'abbreviation': None, 'name': 'Home', 'summary': '9-2', 'type': 'home'}
 {'abbreviation': None, 'name': 'Road', 'summary': '2-3', 'type': 'road'}
 {'abbreviation': None, 'name': 'vs. Conf.', 'summary': '3-4', 'type': 'vsconf'}]",7,Big Ten,WASH,MINN,33006f,5e0a2f,e8d3a2,fab41c,WASH,33006f,e8d3a2,MINN,5e0a2f,fab41c,https://raw.githubusercontent.com/sportsdataverse/wehoop-wbb-raw/main/wbb/json/final/401825280.json,2026-01-18T23:00Z,TRUE,,
401825282,2026-01-18T22:00Z,USC,Purdue,Home,W,83,57,https://a.espncdn.com/i/teamlogos/ncaa/500/30.png,https://a.espncdn.com/i/teamlogos/ncaa/500/2509.png,99,99,7,7,,,TRUE,1,,STATUS_FINAL,7,TRUE,99,"[{'abbreviation': 'Game', 'name': 'overall', 'summary': '11-7', 'type': 'total'}
 {'abbreviation': None, 'name': 'Home', 'summary': '8-3', 'type': 'home'}
 {'abbreviation': None, 'name': 'Road', 'summary': '1-3', 'type': 'road'}
 {'abbreviation': None, 'name': 'vs. Conf.', 'summary': '3-4', 'type': 'vsconf'}]",7,FALSE,99,"[{'abbreviation': 'Game', 'name': 'overall', 'summary': '10-8', 'type': 'total'}
 {'abbreviation': None, 'name': 'Home', 'summary': '9-2', 'type': 'home'}
 {'abbreviation': None, 'name': 'Road', 'summary': '1-6', 'type': 'road'}
 {'abbreviation': None, 'name': 'vs. Conf.', 'summary': '2-5', 'type': 'vsconf'}]",7,Big Ten,USC,PUR,9d2235,ceb888,ffc72c,0,USC,9d2235,ffc72c,PUR,ceb888,0,https://raw.githubusercontent.com/sportsdataverse/wehoop-wbb-raw/main/wbb/json/final/401825282.json,2026-01-18T22:00Z,TRUE,,
401825278,2026-01-18T21:00Z,UCLA,Maryland,Home,W,97,67,https://a.espncdn.com/i/teamlogos/ncaa/500/26.png,https://a.espncdn.com/i/teamlogos/ncaa/500/120.png,3,12,7,7,,,TRUE,1,,STATUS_FINAL,7,TRUE,3,"[{'abbreviation': 'Game', 'name': 'overall', 'summary': '17-1', 'type': 'total'}
 {'abbreviation': None, 'name': 'Home', 'summary': '8-0', 'type': 'home'}
 {'abbreviation': None, 'name': 'Road', 'summary': '4-0', 'type': 'road'}
 {'abbreviation': None, 'name': 'vs. Conf.', 'summary': '7-0', 'type': 'vsconf'}]",7,FALSE,12,"[{'abbreviation': 'Game', 'name': 'overall', 'summary': '17-3', 'type': 'total'}
 {'abbreviation': None, 'name': 'Home', 'summary': '12-1', 'type': 'home'}
 {'abbreviation': None, 'name': 'Road', 'summary': '3-2', 'type': 'road'}
 {'abbreviation': None, 'name': 'vs. Conf.', 'summary': '5-3', 'type': 'vsconf'}]",7,Big Ten,UCLA,MD,2774ae,ce1126,f2a900,ffffff,UCLA,2774ae,f2a900,MD,ce1126,ffffff,https://raw.githubusercontent.com/sportsdataverse/wehoop-wbb-raw/main/wbb/json/final/401825278.json,2026-01-18T21:00Z,TRUE,,
401807571,2026-01-18T21:00Z,Texas,Texas A&M,Home,W,80,35,https://a.espncdn.com/i/teamlogos/ncaa/500/251.png,https://a.espncdn.com/i/teamlogos/ncaa/500/245.png,4,99,23,23,,,TRUE,1,We Back Pat,STATUS_FINAL,23,TRUE,4,"[{'abbreviation': 'Game', 'name': 'overall', 'summary': '19-2', 'type': 'total'}
 {'abbreviation': None, 'name': 'Home', 'summary': '13-0', 'type': 'home'}
 {'abbreviation': None, 'name': 'Road', 'summary': '3-2', 'type': 'road'}
 {'abbreviation': None, 'name': 'vs. Conf.', 'summary': '4-2', 'type': 'vsconf'}]",23,FALSE,99,"[{'abbreviation': 'Game', 'name': 'overall', 'summary': '8-6', 'type': 'total'}
 {'abbreviation': None, 'name': 'Home', 'summary': '4-3', 'type': 'home'}
 {'abbreviation': None, 'name': 'Road', 'summary': '2-2', 'type': 'road'}
 {'abbreviation': None, 'name': 'vs. Conf.', 'summary': '1-4', 'type': 'vsconf'}]",23,SEC,TEX,TA&M,af5c37,500000,ffffff,ffffff,TEX,af5c37,ffffff,TA&M,500000,ffffff,https://raw.githubusercontent.com/sportsdataverse/wehoop-wbb-raw/main/wbb/json/final/401807571.json,2026-01-18T21:00Z,TRUE,,
401825284,2026-01-18T21:00Z,Oregon,Wisconsin,Away,L,92,94,https://a.espncdn.com/i/teamlogos/ncaa/500/2483.png,https://a.espncdn.com/i/teamlogos/ncaa/500/275.png,99,99,7,7,,,TRUE,1,,STATUS_FINAL,7,TRUE,99,"[{'abbreviation': 'Game', 'name': 'overall', 'summary': '12-7', 'type': 'total'}
 {'abbreviation': None, 'name': 'Home', 'summary': '10-1', 'type': 'home'}
 {'abbreviation': None, 'name': 'Road', 'summary': '2-4', 'type': 'road'}
 {'abbreviation': None, 'name': 'vs. Conf.', 'summary': '4-4', 'type': 'vsconf'}]",7,FALSE,99,"[{'abbreviation': 'Game', 'name': 'overall', 'summary': '14-6', 'type': 'total'}
 {'abbreviation': None, 'name': 'Home', 'summary': '9-2', 'type': 'home'}
 {'abbreviation': None, 'name': 'Road', 'summary': '3-3', 'type': 'road'}
 {'abbreviation': None, 'name': 'vs. Conf.', 'summary': '2-5', 'type': 'vsconf'}]",7,Big Ten,ORE,WIS,00934b,a00000,fff41b,ffffff,WIS,a00000,ffffff,ORE,00934b,fff41b,https://raw.githubusercontent.com/sportsdataverse/wehoop-wbb-raw/main/wbb/json/final/401825284.json,2026-01-18T21:00Z,TRUE,,
401825278,2026-01-18T21:00Z,Maryland,UCLA,Away,L,67,97,https://a.espncdn.com/i/teamlogos/ncaa/500/120.png,https://a.espncdn.com/i/teamlogos/ncaa/500/26.png,12,3,7,7,,,TRUE,1,,STATUS_FINAL,7,TRUE,3,"[{'abbreviation': 'Game', 'name': 'overall', 'summary': '17-1', 'type': 'total'}
 {'abbreviation': None, 'name': 'Home', 'summary': '8-0', 'type': 'home'}
 {'abbreviation': None, 'name': 'Road', 'summary': '4-0', 'type': 'road'}
 {'abbreviation': None, 'name': 'vs. Conf.', 'summary': '7-0', 'type': 'vsconf'}]",7,FALSE,12,"[{'abbreviation': 'Game', 'name': 'overall', 'summary': '17-3', 'type': 'total'}
 {'abbreviation': None, 'name': 'Home', 'summary': '12-1', 'type': 'home'}
 {'abbreviation': None, 'name': 'Road', 'summary': '3-2', 'type': 'road'}
 {'abbreviation': None, 'name': 'vs. Conf.', 'summary': '5-3', 'type': 'vsconf'}]",7,Big Ten,MD,UCLA,ce1126,2774ae,ffffff,f2a900,UCLA,2774ae,f2a900,MD,ce1126,ffffff,https://raw.githubusercontent.com/sportsdataverse/wehoop-wbb-raw/main/wbb/json/final/401825278.json,2026-01-18T21:00Z,TRUE,,
401807569,2026-01-18T20:00Z,LSU,Oklahoma,Away,W,91,72,https://a.espncdn.com/i/teamlogos/ncaa/500/99.png,https://a.espncdn.com/i/teamlogos/ncaa/500/201.png,6,13,23,23,,,TRUE,1,We Back Pat,STATUS_FINAL,23,FALSE,13,"[{'abbreviation': 'Game', 'name': 'overall', 'summary': '14-4', 'type': 'total'}
 {'abbreviation': None, 'name': 'Home', 'summary': '9-2', 'type': 'home'}
 {'abbreviation': None, 'name': 'Road', 'summary': '2-1', 'type': 'road'}
 {'abbreviation': None, 'name': 'vs. Conf.', 'summary': '2-3', 'type': 'vsconf'}]",23,TRUE,6,"[{'abbreviation': 'Game', 'name': 'overall', 'summary': '17-2', 'type': 'total'}
 {'abbreviation': None, 'name': 'Home', 'summary': '8-1', 'type': 'home'}
 {'abbreviation': None, 'name': 'Road', 'summary': '6-1', 'type': 'road'}
 {'abbreviation': None, 'name': 'vs. Conf.', 'summary': '3-2', 'type': 'vsconf'}]",23,SEC,LSU,OU,461d76,990000,fdd023,ffffff,OU,990000,ffffff,LSU,461d76,fdd023,https://raw.githubusercontent.com/sportsdataverse/wehoop-wbb-raw/main/wbb/json/final/401807569.json,2026-01-18T20:00Z,TRUE,,
401807570,2026-01-18T20:00Z,Kentucky,Mississippi State,Away,L,59,71,https://a.espncdn.com/i/teamlogos/ncaa/500/96.png,https://a.espncdn.com/i/teamlogos/ncaa/500/344.png,7,99,23,23,,,TRUE,1,,STATUS_FINAL,23,TRUE,99,"[{'abbreviation': 'Game', 'name': 'overall', 'summary': '15-5', 'type': 'total'}
 {'abbreviation': None, 'name': 'Home', 'summary': '13-2', 'type': 'home'}
 {'abbreviation': None, 'name': 'Road', 'summary': '1-3', 'type': 'road'}
 {'abbreviation': None, 'name': 'vs. Conf.', 'summary': '2-4', 'type': 'vsconf'}]",23,FALSE,7,"[{'abbreviation': 'Game', 'name': 'overall', 'summary': '17-3', 'type': 'total'}
 {'abbreviation': None, 'name': 'Home', 'summary': '10-0', 'type': 'home'}
 {'abbreviation': None, 'name': 'Road', 'summary': '6-2', 'type': 'road'}
 {'abbreviation': None, 'name': 'vs. Conf.', 'summary': '4-2', 'type': 'vsconf'}]",23,SEC,UK,MSST,0033a0,5d1725,ffffff,c1c6c8,MSST,5d1725,c1c6c8,UK,0033a0,ffffff,https://raw.githubusercontent.com/sportsdataverse/wehoop-wbb-raw/main/wbb/json/final/401807570.json,2026-01-18T20:00Z,TRUE,,
401825281,2026-01-18T20:00Z,Illinois,Northwestern,Home,W,74,71,https://a.espncdn.com/i/teamlogos/ncaa/500/356.png,https://a.espncdn.com/i/teamlogos/ncaa/500/77.png,25,99,7,7,,,TRUE,1,,STATUS_FINAL,7,TRUE,25,"[{'abbreviation': 'Game', 'name': 'overall', 'summary': '15-4', 'type': 'total'}
 {'abbreviation': None, 'name': 'Home', 'summary': '11-1', 'type': 'home'}
 {'abbreviation': None, 'name': 'Road', 'summary': '4-3', 'type': 'road'}
 {'abbreviation': None, 'name': 'vs. Conf.', 'summary': '5-3', 'type': 'vsconf'}]",7,FALSE,99,"[{'abbreviation': 'Game', 'name': 'overall', 'summary': '8-11', 'type': 'total'}
 {'abbreviation': None, 'name': 'Home', 'summary': '6-4', 'type': 'home'}
 {'abbreviation': None, 'name': 'Road', 'summary': '1-6', 'type': 'road'}
 {'abbreviation': None, 'name': 'vs. Conf.', 'summary': '2-6', 'type': 'vsconf'}]",7,Big Ten,ILL,NU,ff5f05,492f92,13294b,ffffff,ILL,ff5f05,13294b,NU,492f92,ffffff,https://raw.githubusercontent.com/sportsdataverse/wehoop-wbb-raw/main/wbb/json/final/401825281.json,2026-01-18T20:00Z,TRUE,,
401807569,2026-01-18T20:00Z,Oklahoma,LSU,Home,L,72,91,https://a.espncdn.com/i/teamlogos/ncaa/500/201.png,https://a.espncdn.com/i/teamlogos/ncaa/500/99.png,13,6,23,23,,,TRUE,1,We Back Pat,STATUS_FINAL,23,FALSE,13,"[{'abbreviation': 'Game', 'name': 'overall', 'summary': '14-4', 'type': 'total'}
 {'abbreviation': None, 'name': 'Home', 'summary': '9-2', 'type': 'home'}
 {'abbreviation': None, 'name': 'Road', 'summary': '2-1', 'type': 'road'}
 {'abbreviation': None, 'name': 'vs. Conf.', 'summary': '2-3', 'type': 'vsconf'}]",23,TRUE,6,"[{'abbreviation': 'Game', 'name': 'overall', 'summary': '17-2', 'type': 'total'}
 {'abbreviation': None, 'name': 'Home', 'summary': '8-1', 'type': 'home'}
 {'abbreviation': None, 'name': 'Road', 'summary': '6-1', 'type': 'road'}
 {'abbreviation': None, 'name': 'vs. Conf.', 'summary': '3-2', 'type': 'vsconf'}]",23,SEC,OU,LSU,990000,461d76,ffffff,fdd023,OU,990000,ffffff,LSU,461d76,fdd023,https://raw.githubusercontent.com/sportsdataverse/wehoop-wbb-raw/main/wbb/json/final/401807569.json,2026-01-18T20:00Z,TRUE,,
401807570,2026-01-18T20:00Z,Mississippi State,Kentucky,Home,W,71,59,https://a.espncdn.com/i/teamlogos/ncaa/500/344.png,https://a.espncdn.com/i/teamlogos/ncaa/500/96.png,99,7,23,23,,,TRUE,1,,STATUS_FINAL,23,TRUE,99,"[{'abbreviation': 'Game', 'name': 'overall', 'summary': '15-5', 'type': 'total'}
 {'abbreviation': None, 'name': 'Home', 'summary': '13-2', 'type': 'home'}
 {'abbreviation': None, 'name': 'Road', 'summary': '1-3', 'type': 'road'}
 {'abbreviation': None, 'name': 'vs. Conf.', 'summary': '2-4', 'type': 'vsconf'}]",23,FALSE,7,"[{'abbreviation': 'Game', 'name': 'overall', 'summary': '17-3', 'type': 'total'}
 {'abbreviation': None, 'name': 'Home', 'summary': '10-0', 'type': 'home'}
 {'abbreviation': None, 'name': 'Road', 'summary': '6-2', 'type': 'road'}
 {'abbreviation': None, 'name': 'vs. Conf.', 'summary': '4-2', 'type': 'vsconf'}]",23,SEC,MSST,UK,5d1725,0033a0,c1c6c8,ffffff,MSST,5d1725,c1c6c8,UK,0033a0,ffffff,https://raw.githubusercontent.com/sportsdataverse/wehoop-wbb-raw/main/wbb/json/final/401807570.json,2026-01-18T20:00Z,TRUE,,
401819674,2026-01-18T19:00Z,UNC,Florida State,Away,W,82,55,https://a.espncdn.com/i/teamlogos/ncaa/500/153.png,https://a.espncdn.com/i/teamlogos/ncaa/500/52.png,99,99,2,2,,,TRUE,1,,STATUS_FINAL,2,FALSE,99,"[{'abbreviation': 'Game', 'name': 'overall', 'summary': '6-13', 'type': 'total'}
 {'abbreviation': None, 'name': 'Home', 'summary': '4-8', 'type': 'home'}
 {'abbreviation': None, 'name': 'Road', 'summary': '1-4', 'type': 'road'}
 {'abbreviation': None, 'name': 'vs. Conf.', 'summary': '1-6', 'type': 'vsconf'}]",2,TRUE,99,"[{'abbreviation': 'Game', 'name': 'overall', 'summary': '15-5', 'type': 'total'}
 {'abbreviation': None, 'name': 'Home', 'summary': '8-2', 'type': 'home'}
 {'abbreviation': None, 'name': 'Road', 'summary': '3-2', 'type': 'road'}
 {'abbreviation': None, 'name': 'vs. Conf.', 'summary': '4-3', 'type': 'vsconf'}]",2,ACC,UNC,FSU,7bafd4,782f40,13294b,ceb888,FSU,782f40,ceb888,UNC,7bafd4,13294b,https://raw.githubusercontent.com/sportsdataverse/wehoop-wbb-raw/main/wbb/json/final/401819674.json,2026-01-18T19:00Z,TRUE,,
401819619,2026-01-18T19:00Z,Stanford,Syracuse,Away,L,58,69,https://a.espncdn.com/i/teamlogos/ncaa/500/24.png,https://a.espncdn.com/i/teamlogos/ncaa/500/183.png,99,99,2,2,,,TRUE,1,,STATUS_FINAL,2,TRUE,99,"[{'abbreviation': 'Game', 'name': 'overall', 'summary': '16-3', 'type': 'total'}
 {'abbreviation': None, 'name': 'Home', 'summary': '12-2', 'type': 'home'}
 {'abbreviation': None, 'name': 'Road', 'summary': '3-0', 'type': 'road'}
 {'abbreviation': None, 'name': 'vs. Conf.', 'summary': '6-2', 'type': 'vsconf'}]",2,FALSE,99,"[{'abbreviation': 'Game', 'name': 'overall', 'summary': '15-5', 'type': 'total'}
 {'abbreviation': None, 'name': 'Home', 'summary': '9-2', 'type': 'home'}
 {'abbreviation': None, 'name': 'Road', 'summary': '4-2', 'type': 'road'}
 {'abbreviation': None, 'name': 'vs. Conf.', 'summary': '4-3', 'type': 'vsconf'}]",2,ACC,STAN,SYR,8c1515,0.00E+00,ffffff,ff431b,SYR,0.00E+00,ff431b,STAN,8c1515,ffffff,https://raw.githubusercontent.com/sportsdataverse/wehoop-wbb-raw/main/wbb/json/final/401819619.json,2026-01-18T19:00Z,TRUE,,
401827340,2026-01-18T19:00Z,Colorado,UCF,Away,L,68,74,https://a.espncdn.com/i/teamlogos/ncaa/500/38.png,https://a.espncdn.com/i/teamlogos/ncaa/500/2116.png,99,99,8,8,,,TRUE,1,,STATUS_FINAL,8,TRUE,99,"[{'abbreviation': 'Game', 'name': 'overall', 'summary': '10-8', 'type': 'total'}
 {'abbreviation': None, 'name': 'Home', 'summary': '7-5', 'type': 'home'}
 {'abbreviation': None, 'name': 'Road', 'summary': '1-2', 'type': 'road'}
 {'abbreviation': None, 'name': 'vs. Conf.', 'summary': '2-5', 'type': 'vsconf'}]",8,FALSE,99,"[{'abbreviation': 'Game', 'name': 'overall', 'summary': '12-7', 'type': 'total'}
 {'abbreviation': None, 'name': 'Home', 'summary': '10-1', 'type': 'home'}
 {'abbreviation': None, 'name': 'Road', 'summary': '0-5', 'type': 'road'}
 {'abbreviation': None, 'name': 'vs. Conf.', 'summary': '3-4', 'type': 'vsconf'}]",8,Big 12,COLO,UCF,cfb87c,0,0,b4a169,UCF,0,b4a169,COLO,cfb87c,0,https://raw.githubusercontent.com/sportsdataverse/wehoop-wbb-raw/main/wbb/json/final/401827340.json,2026-01-18T19:00Z,TRUE,,
401807566,2026-01-18T19:00Z,Tennessee,Alabama,Away,W,70,59,https://a.espncdn.com/i/teamlogos/ncaa/500/2633_ncw.png,https://a.espncdn.com/i/teamlogos/ncaa/500/333.png,20,21,23,23,,,TRUE,1,We Back Pat,STATUS_FINAL,23,FALSE,21,"[{'abbreviation': 'Game', 'name': 'overall', 'summary': '17-3', 'type': 'total'}
 {'abbreviation': None, 'name': 'Home', 'summary': '14-1', 'type': 'home'}
 {'abbreviation': None, 'name': 'Road', 'summary': '1-2', 'type': 'road'}
 {'abbreviation': None, 'name': 'vs. Conf.', 'summary': '3-3', 'type': 'vsconf'}]",23,TRUE,20,"[{'abbreviation': 'Game', 'name': 'overall', 'summary': '13-3', 'type': 'total'}
 {'abbreviation': None, 'name': 'Home', 'summary': '7-0', 'type': 'home'}
 {'abbreviation': None, 'name': 'Road', 'summary': '6-1', 'type': 'road'}
 {'abbreviation': None, 'name': 'vs. Conf.', 'summary': '5-0', 'type': 'vsconf'}]",23,SEC,TENN,ALA,ff8200,9e1b32,ffffff,ffffff,ALA,9e1b32,ffffff,TENN,ff8200,ffffff,https://raw.githubusercontent.com/sportsdataverse/wehoop-wbb-raw/main/wbb/json/final/401807566.json,2026-01-18T19:00Z,TRUE,,
401827341,2026-01-18T19:00Z,West Virginia,Cincinnati,Away,W,84,76,https://a.espncdn.com/i/teamlogos/ncaa/500/277.png,https://a.espncdn.com/i/teamlogos/ncaa/500/2132.png,99,99,8,8,,,TRUE,1,,STATUS_FINAL,8,FALSE,99,"[{'abbreviation': 'Game', 'name': 'overall', 'summary': '7-12', 'type': 'total'}
 {'abbreviation': None, 'name': 'Home', 'summary': '4-7', 'type': 'home'}
 {'abbreviation': None, 'name': 'Road', 'summary': '1-5', 'type': 'road'}
 {'abbreviation': None, 'name': 'vs. Conf.', 'summary': '2-5', 'type': 'vsconf'}]",8,TRUE,99,"[{'abbreviation': 'Game', 'name': 'overall', 'summary': '15-4', 'type': 'total'}
 {'abbreviation': None, 'name': 'Home', 'summary': '8-3', 'type': 'home'}
 {'abbreviation': None, 'name': 'Road', 'summary': '5-0', 'type': 'road'}
 {'abbreviation': None, 'name': 'vs. Conf.', 'summary': '5-2', 'type': 'vsconf'}]",8,Big 12,WVU,CIN,eaaa00,0,2855,e00122,CIN,0,e00122,WVU,eaaa00,2855,https://raw.githubusercontent.com/sportsdataverse/wehoop-wbb-raw/main/wbb/json/final/401827341.json,2026-01-18T19:00Z,TRUE,,
401825646,2026-01-18T19:00Z,Villanova,Butler,Home,W,73,65,https://a.espncdn.com/i/teamlogos/ncaa/500/222.png,https://a.espncdn.com/i/teamlogos/ncaa/500/2086.png,99,99,4,4,,,TRUE,1,,STATUS_FINAL,4,TRUE,99,"[{'abbreviation': 'Game', 'name': 'overall', 'summary': '15-4', 'type': 'total'}
 {'abbreviation': None, 'name': 'Home', 'summary': '8-2', 'type': 'home'}
 {'abbreviation': None, 'name': 'Road', 'summary': '6-2', 'type': 'road'}
 {'abbreviation': None, 'name': 'vs. Conf.', 'summary': '8-2', 'type': 'vsconf'}]",4,FALSE,99,"[{'abbreviation': 'Game', 'name': 'overall', 'summary': '8-11', 'type': 'total'}
 {'abbreviation': None, 'name': 'Home', 'summary': '7-4', 'type': 'home'}
 {'abbreviation': None, 'name': 'Road', 'summary': '0-6', 'type': 'road'}
 {'abbreviation': None, 'name': 'vs. Conf.', 'summary': '2-7', 'type': 'vsconf'}]",4,Big East,VILL,BUT,00205b,0d1361,13b5ea,00a3e0,VILL,00205b,13b5ea,BUT,0d1361,00a3e0,https://raw.githubusercontent.com/sportsdataverse/wehoop-wbb-raw/main/wbb/json/final/401825646.json,2026-01-18T19:00Z,TRUE,,
401819619,2026-01-18T19:00Z,Syracuse,Stanford,Home,W,69,58,https://a.espncdn.com/i/teamlogos/ncaa/500/183.png,https://a.espncdn.com/i/teamlogos/ncaa/500/24.png,99,99,2,2,,,TRUE,1,,STATUS_FINAL,2,TRUE,99,"[{'abbreviation': 'Game', 'name': 'overall', 'summary': '16-3', 'type': 'total'}
 {'abbreviation': None, 'name': 'Home', 'summary': '12-2', 'type': 'home'}
 {'abbreviation': None, 'name': 'Road', 'summary': '3-0', 'type': 'road'}
 {'abbreviation': None, 'name': 'vs. Conf.', 'summary': '6-2', 'type': 'vsconf'}]",2,FALSE,99,"[{'abbreviation': 'Game', 'name': 'overall', 'summary': '15-5', 'type': 'total'}
 {'abbreviation': None, 'name': 'Home', 'summary': '9-2', 'type': 'home'}
 {'abbreviation': None, 'name': 'Road', 'summary': '4-2', 'type': 'road'}
 {'abbreviation': None, 'name': 'vs. Conf.', 'summary': '4-3', 'type': 'vsconf'}]",2,ACC,SYR,STAN,0.00E+00,8c1515,ff431b,ffffff,SYR,0.00E+00,ff431b,STAN,8c1515,ffffff,https://raw.githubusercontent.com/sportsdataverse/wehoop-wbb-raw/main/wbb/json/final/401819619.json,2026-01-18T19:00Z,TRUE,,
401807568,2026-01-18T19:00Z,Florida,Missouri,Home,W,89,71,https://a.espncdn.com/i/teamlogos/ncaa/500/57.png,https://a.espncdn.com/i/teamlogos/ncaa/500/142.png,99,99,23,23,,,TRUE,1,,STATUS_FINAL,23,TRUE,99,"[{'abbreviation': 'Game', 'name': 'overall', 'summary': '13-8', 'type': 'total'}
 {'abbreviation': None, 'name': 'Home', 'summary': '10-3', 'type': 'home'}
 {'abbreviation': None, 'name': 'Road', 'summary': '1-5', 'type': 'road'}
 {'abbreviation': None, 'name': 'vs. Conf.', 'summary': '1-5', 'type': 'vsconf'}]",23,FALSE,99,"[{'abbreviation': 'Game', 'name': 'overall', 'summary': '13-8', 'type': 'total'}
 {'abbreviation': None, 'name': 'Home', 'summary': '8-4', 'type': 'home'}
 {'abbreviation': None, 'name': 'Road', 'summary': '2-3', 'type': 'road'}
 {'abbreviation': None, 'name': 'vs. Conf.', 'summary': '1-5', 'type': 'vsconf'}]",23,SEC,FLA,MIZ,0021a5,f1b82d,fa4616,0,FLA,0021a5,fa4616,MIZ,f1b82d,0,https://raw.githubusercontent.com/sportsdataverse/wehoop-wbb-raw/main/wbb/json/final/401807568.json,2026-01-18T19:00Z,TRUE,,
401807566,2026-01-18T19:00Z,Alabama,Tennessee,Home,L,59,70,https://a.espncdn.com/i/teamlogos/ncaa/500/333.png,https://a.espncdn.com/i/teamlogos/ncaa/500/2633_ncw.png,21,20,23,23,,,TRUE,1,We Back Pat,STATUS_FINAL,23,FALSE,21,"[{'abbreviation': 'Game', 'name': 'overall', 'summary': '17-3', 'type': 'total'}
 {'abbreviation': None, 'name': 'Home', 'summary': '14-1', 'type': 'home'}
 {'abbreviation': None, 'name': 'Road', 'summary': '1-2', 'type': 'road'}
 {'abbreviation': None, 'name': 'vs. Conf.', 'summary': '3-3', 'type': 'vsconf'}]",23,TRUE,20,"[{'abbreviation': 'Game', 'name': 'overall', 'summary': '13-3', 'type': 'total'}
 {'abbreviation': None, 'name': 'Home', 'summary': '7-0', 'type': 'home'}
 {'abbreviation': None, 'name': 'Road', 'summary': '6-1', 'type': 'road'}
 {'abbreviation': None, 'name': 'vs. Conf.', 'summary': '5-0', 'type': 'vsconf'}]",23,SEC,ALA,TENN,9e1b32,ff8200,ffffff,ffffff,ALA,9e1b32,ffffff,TENN,ff8200,ffffff,https://raw.githubusercontent.com/sportsdataverse/wehoop-wbb-raw/main/wbb/json/final/401807566.json,2026-01-18T19:00Z,TRUE,,
401829082,2026-01-18T18:30Z,Rhode Island,Duquesne,Home,W,70,50,https://a.espncdn.com/i/teamlogos/ncaa/500/227.png,https://a.espncdn.com/i/teamlogos/ncaa/500/2184.png,99,99,3,3,,,TRUE,1,,STATUS_FINAL,3,TRUE,99,"[{'abbreviation': 'Game', 'name': 'overall', 'summary': '16-2', 'type': 'total'}
 {'abbreviation': None, 'name': 'Home', 'summary': '8-1', 'type': 'home'}
 {'abbreviation': None, 'name': 'Road', 'summary': '8-1', 'type': 'road'}
 {'abbreviation': None, 'name': 'vs. Conf.', 'summary': '7-0', 'type': 'vsconf'}]",3,FALSE,99,"[{'abbreviation': 'Game', 'name': 'overall', 'summary': '7-11', 'type': 'total'}
 {'abbreviation': None, 'name': 'Home', 'summary': '5-3', 'type': 'home'}
 {'abbreviation': None, 'name': 'Road', 'summary': '2-7', 'type': 'road'}
 {'abbreviation': None, 'name': 'vs. Conf.', 'summary': '0-7', 'type': 'vsconf'}]",3,A-10,URI,DUQ,091f3f,002D62,5ab3e8,b90b2e,URI,091f3f,5ab3e8,DUQ,002D62,b90b2e,https://raw.githubusercontent.com/sportsdataverse/wehoop-wbb-raw/main/wbb/json/final/401829082.json,2026-01-18T18:30Z,TRUE,,
401827342,2026-01-18T18:00Z,Iowa State,Oklahoma State,Away,L,58,86,https://a.espncdn.com/i/teamlogos/ncaa/500/66.png,https://a.espncdn.com/i/teamlogos/ncaa/500/197.png,19,99,8,8,,,TRUE,1,,STATUS_FINAL,8,TRUE,99,"[{'abbreviation': 'Game', 'name': 'overall', 'summary': '16-4', 'type': 'total'}
 {'abbreviation': None, 'name': 'Home', 'summary': '11-1', 'type': 'home'}
 {'abbreviation': None, 'name': 'Road', 'summary': '3-2', 'type': 'road'}
 {'abbreviation': None, 'name': 'vs. Conf.', 'summary': '5-2', 'type': 'vsconf'}]",8,FALSE,19,"[{'abbreviation': 'Game', 'name': 'overall', 'summary': '14-5', 'type': 'total'}
 {'abbreviation': None, 'name': 'Home', 'summary': '10-2', 'type': 'home'}
 {'abbreviation': None, 'name': 'Road', 'summary': '2-3', 'type': 'road'}
 {'abbreviation': None, 'name': 'vs. Conf.', 'summary': '2-5', 'type': 'vsconf'}]",8,Big 12,ISU,OKST,ae192d,fe5c00,ffc72a,0,OKST,fe5c00,0,ISU,ae192d,ffc72a,https://raw.githubusercontent.com/sportsdataverse/wehoop-wbb-raw/main/wbb/json/final/401827342.json,2026-01-18T18:00Z,TRUE,,
401819567,2026-01-18T18:00Z,Louisville,NC State,Away,W,88,80,https://a.espncdn.com/i/teamlogos/ncaa/500/97.png,https://a.espncdn.com/i/teamlogos/ncaa/500/152.png,9,99,2,2,,,TRUE,1,,STATUS_FINAL,2,FALSE,99,"[{'abbreviation': 'Game', 'name': 'overall', 'summary': '13-6', 'type': 'total'}
 {'abbreviation': None, 'name': 'Home', 'summary': '7-3', 'type': 'home'}
 {'abbreviation': None, 'name': 'Road', 'summary': '3-2', 'type': 'road'}
 {'abbreviation': None, 'name': 'vs. Conf.', 'summary': '6-2', 'type': 'vsconf'}]",2,TRUE,9,"[{'abbreviation': 'Game', 'name': 'overall', 'summary': '18-3', 'type': 'total'}
 {'abbreviation': None, 'name': 'Home', 'summary': '11-2', 'type': 'home'}
 {'abbreviation': None, 'name': 'Road', 'summary': '5-0', 'type': 'road'}
 {'abbreviation': None, 'name': 'vs. Conf.', 'summary': '8-0', 'type': 'vsconf'}]",2,ACC,LOU,NCSU,c9001f,cc0000,ffffff,ffffff,NCSU,cc0000,ffffff,LOU,c9001f,ffffff,https://raw.githubusercontent.com/sportsdataverse/wehoop-wbb-raw/main/wbb/json/final/401819567.json,2026-01-18T18:00Z,TRUE,,
401819567,2026-01-18T18:00Z,NC State,Louisville,Home,L,80,88,https://a.espncdn.com/i/teamlogos/ncaa/500/152.png,https://a.espncdn.com/i/teamlogos/ncaa/500/97.png,99,9,2,2,,,TRUE,1,,STATUS_FINAL,2,FALSE,99,"[{'abbreviation': 'Game', 'name': 'overall', 'summary': '13-6', 'type': 'total'}
 {'abbreviation': None, 'name': 'Home', 'summary': '7-3', 'type': 'home'}
 {'abbreviation': None, 'name': 'Road', 'summary': '3-2', 'type': 'road'}
 {'abbreviation': None, 'name': 'vs. Conf.', 'summary': '6-2', 'type': 'vsconf'}]",2,TRUE,9,"[{'abbreviation': 'Game', 'name': 'overall', 'summary': '18-3', 'type': 'total'}
 {'abbreviation': None, 'name': 'Home', 'summary': '11-2', 'type': 'home'}
 {'abbreviation': None, 'name': 'Road', 'summary': '5-0', 'type': 'road'}
 {'abbreviation': None, 'name': 'vs. Conf.', 'summary': '8-0', 'type': 'vsconf'}]",2,ACC,NCSU,LOU,cc0000,c9001f,ffffff,ffffff,NCSU,cc0000,ffffff,LOU,c9001f,ffffff,https://raw.githubusercontent.com/sportsdataverse/wehoop-wbb-raw/main/wbb/json/final/401819567.json,2026-01-18T18:00Z,TRUE,,
401827342,2026-01-18T18:00Z,Oklahoma State,Iowa State,Home,W,86,58,https://a.espncdn.com/i/teamlogos/ncaa/500/197.png,https://a.espncdn.com/i/teamlogos/ncaa/500/66.png,99,19,8,8,,,TRUE,1,,STATUS_FINAL,8,TRUE,99,"[{'abbreviation': 'Game', 'name': 'overall', 'summary': '16-4', 'type': 'total'}
 {'abbreviation': None, 'name': 'Home', 'summary': '11-1', 'type': 'home'}
 {'abbreviation': None, 'name': 'Road', 'summary': '3-2', 'type': 'road'}
 {'abbreviation': None, 'name': 'vs. Conf.', 'summary': '5-2', 'type': 'vsconf'}]",8,FALSE,19,"[{'abbreviation': 'Game', 'name': 'overall', 'summary': '14-5', 'type': 'total'}
 {'abbreviation': None, 'name': 'Home', 'summary': '10-2', 'type': 'home'}
 {'abbreviation': None, 'name': 'Road', 'summary': '2-3', 'type': 'road'}
 {'abbreviation': None, 'name': 'vs. Conf.', 'summary': '2-5', 'type': 'vsconf'}]",8,Big 12,OKST,ISU,fe5c00,ae192d,0,ffc72a,OKST,fe5c00,0,ISU,ae192d,ffc72a,https://raw.githubusercontent.com/sportsdataverse/wehoop-wbb-raw/main/wbb/json/final/401827342.json,2026-01-18T18:00Z,TRUE,,
401819591,2026-01-18T17:00Z,Clemson,Wake Forest,Home,W,78,71,https://a.espncdn.com/i/teamlogos/ncaa/500/228.png,https://a.espncdn.com/i/teamlogos/ncaa/500/154.png,99,99,2,2,,,TRUE,1,,STATUS_FINAL,2,TRUE,99,"[{'abbreviation': 'Game', 'name': 'overall', 'summary': '13-6', 'type': 'total'}
 {'abbreviation': None, 'name': 'Home', 'summary': '7-1', 'type': 'home'}
 {'abbreviation': None, 'name': 'Road', 'summary': '5-4', 'type': 'road'}
 {'abbreviation': None, 'name': 'vs. Conf.', 'summary': '4-3', 'type': 'vsconf'}]",2,FALSE,99,"[{'abbreviation': 'Game', 'name': 'overall', 'summary': '12-8', 'type': 'total'}
 {'abbreviation': None, 'name': 'Home', 'summary': '8-5', 'type': 'home'}
 {'abbreviation': None, 'name': 'Road', 'summary': '1-3', 'type': 'road'}
 {'abbreviation': None, 'name': 'vs. Conf.', 'summary': '2-6', 'type': 'vsconf'}]",2,ACC,CLEM,WAKE,f56600,ceb888,ffffff,2c2a29,CLEM,f56600,ffffff,WAKE,ceb888,2c2a29,https://raw.githubusercontent.com/sportsdataverse/wehoop-wbb-raw/main/wbb/json/final/401819591.json,2026-01-18T17:00Z,TRUE,,
401811135,2026-01-18T17:00Z,South Carolina,Coppin State,Away,W,90,48,https://a.espncdn.com/i/teamlogos/ncaa/500/2579.png,https://a.espncdn.com/i/teamlogos/ncaa/500/2154.png,2,99,23,16,,,FALSE,1,,STATUS_FINAL,16,FALSE,99,"[{'abbreviation': 'Game', 'name': 'overall', 'summary': '4-16', 'type': 'total'}
 {'abbreviation': None, 'name': 'Home', 'summary': '3-3', 'type': 'home'}
 {'abbreviation': None, 'name': 'Road', 'summary': '1-10', 'type': 'road'}
 {'abbreviation': None, 'name': 'vs. Conf.', 'summary': '2-2', 'type': 'vsconf'}]",23,TRUE,2,"[{'abbreviation': 'Game', 'name': 'overall', 'summary': '19-1', 'type': 'total'}
 {'abbreviation': None, 'name': 'Home', 'summary': '11-0', 'type': 'home'}
 {'abbreviation': None, 'name': 'Road', 'summary': '6-0', 'type': 'road'}
 {'abbreviation': None, 'name': 'vs. Conf.', 'summary': '5-0', 'type': 'vsconf'}]",,,SC,COPP,73000a,2e3192,0.00E+00,ffd204,COPP,2e3192,ffd204,SC,73000a,0,https://raw.githubusercontent.com/sportsdataverse/wehoop-wbb-raw/main/wbb/json/final/401811135.json,2026-01-18T17:00Z,TRUE,,
401807567,2026-01-18T17:00Z,Ole Miss,Georgia,Away,L,59,82,https://a.espncdn.com/i/teamlogos/ncaa/500/145.png,https://a.espncdn.com/i/teamlogos/ncaa/500/61.png,16,99,23,23,,,TRUE,1,We Back Pat,STATUS_FINAL,23,TRUE,99,"[{'abbreviation': 'Game', 'name': 'overall', 'summary': '16-3', 'type': 'total'}
 {'abbreviation': None, 'name': 'Home', 'summary': '10-1', 'type': 'home'}
 {'abbreviation': None, 'name': 'Road', 'summary': '2-2', 'type': 'road'}
 {'abbreviation': None, 'name': 'vs. Conf.', 'summary': '2-3', 'type': 'vsconf'}]",23,FALSE,16,"[{'abbreviation': 'Game', 'name': 'overall', 'summary': '16-4', 'type': 'total'}
 {'abbreviation': None, 'name': 'Home', 'summary': '10-0', 'type': 'home'}
 {'abbreviation': None, 'name': 'Road', 'summary': '3-2', 'type': 'road'}
 {'abbreviation': None, 'name': 'vs. Conf.', 'summary': '3-2', 'type': 'vsconf'}]",23,SEC,MISS,UGA,13294b,ba0c2f,cf142b,2c2a29,UGA,ba0c2f,2c2a29,MISS,13294b,cf142b,https://raw.githubusercontent.com/sportsdataverse/wehoop-wbb-raw/main/wbb/json/final/401807567.json,2026-01-18T17:00Z,TRUE,,
401807567,2026-01-18T17:00Z,Georgia,Ole Miss,Home,W,82,59,https://a.espncdn.com/i/teamlogos/ncaa/500/61.png,https://a.espncdn.com/i/teamlogos/ncaa/500/145.png,99,16,23,23,,,TRUE,1,We Back Pat,STATUS_FINAL,23,TRUE,99,"[{'abbreviation': 'Game', 'name': 'overall', 'summary': '16-3', 'type': 'total'}
 {'abbreviation': None, 'name': 'Home', 'summary': '10-1', 'type': 'home'}
 {'abbreviation': None, 'name': 'Road', 'summary': '2-2', 'type': 'road'}
 {'abbreviation': None, 'name': 'vs. Conf.', 'summary': '2-3', 'type': 'vsconf'}]",23,FALSE,16,"[{'abbreviation': 'Game', 'name': 'overall', 'summary': '16-4', 'type': 'total'}
 {'abbreviation': None, 'name': 'Home', 'summary': '10-0', 'type': 'home'}
 {'abbreviation': None, 'name': 'Road', 'summary': '3-2', 'type': 'road'}
 {'abbreviation': None, 'name': 'vs. Conf.', 'summary': '3-2', 'type': 'vsconf'}]",23,SEC,UGA,MISS,ba0c2f,13294b,2c2a29,cf142b,UGA,ba0c2f,2c2a29,MISS,13294b,cf142b,https://raw.githubusercontent.com/sportsdataverse/wehoop-wbb-raw/main/wbb/json/final/401807567.json,2026-01-18T17:00Z,TRUE,,
401829085,2026-01-18T17:00Z,Richmond,VCU,Home,W,77,47,https://a.espncdn.com/i/teamlogos/ncaa/500/257.png,https://a.espncdn.com/i/teamlogos/ncaa/500/2670.png,99,99,3,3,,,TRUE,1,,STATUS_FINAL,3,TRUE,99,"[{'abbreviation': 'Game', 'name': 'overall', 'summary': '16-4', 'type': 'total'}
 {'abbreviation': None, 'name': 'Home', 'summary': '8-1', 'type': 'home'}
 {'abbreviation': None, 'name': 'Road', 'summary': '5-2', 'type': 'road'}
 {'abbreviation': None, 'name': 'vs. Conf.', 'summary': '6-1', 'type': 'vsconf'}]",3,FALSE,99,"[{'abbreviation': 'Game', 'name': 'overall', 'summary': '6-13', 'type': 'total'}
 {'abbreviation': None, 'name': 'Home', 'summary': '5-2', 'type': 'home'}
 {'abbreviation': None, 'name': 'Road', 'summary': '1-5', 'type': 'road'}
 {'abbreviation': None, 'name': 'vs. Conf.', 'summary': '2-5', 'type': 'vsconf'}]",3,A-10,RICH,VCU,9e0712,ffaf00,b90b2e,0,RICH,9e0712,b90b2e,VCU,ffaf00,0,https://raw.githubusercontent.com/sportsdataverse/wehoop-wbb-raw/main/wbb/json/final/401829085.json,2026-01-18T17:00Z,TRUE,,
401827338,2026-01-17T22:00Z,TCU,Arizona,Home,W,78,62,https://a.espncdn.com/i/teamlogos/ncaa/500/2628.png,https://a.espncdn.com/i/teamlogos/ncaa/500/12.png,10,99,8,8,,,TRUE,1,,STATUS_FINAL,8,TRUE,10,"[{'abbreviation': 'Game', 'name': 'overall', 'summary': '18-1', 'type': 'total'}
 {'abbreviation': None, 'name': 'Home', 'summary': '13-0', 'type': 'home'}
 {'abbreviation': None, 'name': 'Road', 'summary': '3-1', 'type': 'road'}
 {'abbreviation': None, 'name': 'vs. Conf.', 'summary': '6-1', 'type': 'vsconf'}]",8,FALSE,99,"[{'abbreviation': 'Game', 'name': 'overall', 'summary': '10-7', 'type': 'total'}
 {'abbreviation': None, 'name': 'Home', 'summary': '10-4', 'type': 'home'}
 {'abbreviation': None, 'name': 'Road', 'summary': '0-3', 'type': 'road'}
 {'abbreviation': None, 'name': 'vs. Conf.', 'summary': '1-5', 'type': 'vsconf'}]",8,Big 12,TCU,ARIZ,4d1979,cc0033,ffffff,3366,TCU,4d1979,ffffff,ARIZ,cc0033,3366,https://raw.githubusercontent.com/sportsdataverse/wehoop-wbb-raw/main/wbb/json/final/401827338.json,2026-01-17T22:00Z,TRUE,,
401827336,2026-01-17T21:00Z,Baylor,BYU,Away,W,69,58,https://a.espncdn.com/i/teamlogos/ncaa/500/239.png,https://a.espncdn.com/i/teamlogos/ncaa/500/252.png,18,99,8,8,,,TRUE,1,,STATUS_FINAL,8,FALSE,99,"[{'abbreviation': 'Game', 'name': 'overall', 'summary': '14-4', 'type': 'total'}
 {'abbreviation': None, 'name': 'Home', 'summary': '9-2', 'type': 'home'}
 {'abbreviation': None, 'name': 'Road', 'summary': '4-1', 'type': 'road'}
 {'abbreviation': None, 'name': 'vs. Conf.', 'summary': '3-3', 'type': 'vsconf'}]",8,TRUE,18,"[{'abbreviation': 'Game', 'name': 'overall', 'summary': '17-3', 'type': 'total'}
 {'abbreviation': None, 'name': 'Home', 'summary': '10-1', 'type': 'home'}
 {'abbreviation': None, 'name': 'Road', 'summary': '5-0', 'type': 'road'}
 {'abbreviation': None, 'name': 'vs. Conf.', 'summary': '6-1', 'type': 'vsconf'}]",8,Big 12,BAY,BYU,154734,0047ba,ffb81c,002e5d,BYU,0047ba,002e5d,BAY,154734,ffb81c,https://raw.githubusercontent.com/sportsdataverse/wehoop-wbb-raw/main/wbb/json/final/401827336.json,2026-01-17T21:00Z,TRUE,,
401813837,2026-01-17T19:00Z,Fairfield,Manhattan,Home,W,76,54,https://a.espncdn.com/i/teamlogos/ncaa/500/2217.png,https://a.espncdn.com/i/teamlogos/ncaa/500/2363.png,99,99,13,13,,,TRUE,1,,STATUS_FINAL,13,TRUE,99,"[{'abbreviation': 'Game', 'name': 'overall', 'summary': '14-3', 'type': 'total'}
 {'abbreviation': None, 'name': 'Home', 'summary': '7-0', 'type': 'home'}
 {'abbreviation': None, 'name': 'Road', 'summary': '6-2', 'type': 'road'}
 {'abbreviation': None, 'name': 'vs. Conf.', 'summary': '8-0', 'type': 'vsconf'}]",13,FALSE,99,"[{'abbreviation': 'Game', 'name': 'overall', 'summary': '4-13', 'type': 'total'}
 {'abbreviation': None, 'name': 'Home', 'summary': '1-5', 'type': 'home'}
 {'abbreviation': None, 'name': 'Road', 'summary': '3-7', 'type': 'road'}
 {'abbreviation': None, 'name': 'vs. Conf.', 'summary': '4-4', 'type': 'vsconf'}]",13,MAAC,FAIR,MAN,0,4f8537,ebebeb,b5b7ba,FAIR,0,ebebeb,MAN,4f8537,b5b7ba,https://raw.githubusercontent.com/sportsdataverse/wehoop-wbb-raw/main/wbb/json/final/401813837.json,2026-01-17T19:00Z,TRUE,,
401827934,2026-01-17T19:00Z,Princeton,Dartmouth,Home,W,69,41,https://a.espncdn.com/i/teamlogos/ncaa/500/163.png,https://a.espncdn.com/i/teamlogos/ncaa/500/159.png,22,99,12,12,,,TRUE,1,,STATUS_FINAL,12,TRUE,22,"[{'abbreviation': 'Game', 'name': 'overall', 'summary': '15-1', 'type': 'total'}
 {'abbreviation': None, 'name': 'Home', 'summary': '6-0', 'type': 'home'}
 {'abbreviation': None, 'name': 'Road', 'summary': '7-1', 'type': 'road'}
 {'abbreviation': None, 'name': 'vs. Conf.', 'summary': '3-0', 'type': 'vsconf'}]",12,FALSE,99,"[{'abbreviation': 'Game', 'name': 'overall', 'summary': '9-7', 'type': 'total'}
 {'abbreviation': None, 'name': 'Home', 'summary': '5-3', 'type': 'home'}
 {'abbreviation': None, 'name': 'Road', 'summary': '4-4', 'type': 'road'}
 {'abbreviation': None, 'name': 'vs. Conf.', 'summary': '0-3', 'type': 'vsconf'}]",12,Ivy,PRIN,DART,0,5730,ff6000,0,PRIN,0,ff6000,DART,5730,0,https://raw.githubusercontent.com/sportsdataverse/wehoop-wbb-raw/main/wbb/json/final/401827934.json,2026-01-17T19:00Z,TRUE,,
401827339,2026-01-17T19:00Z,Texas Tech,Kansas State,Home,L,59,65,https://a.espncdn.com/i/teamlogos/ncaa/500/2641.png,https://a.espncdn.com/i/teamlogos/ncaa/500/2306.png,17,99,8,8,,,TRUE,1,,STATUS_FINAL,8,FALSE,17,"[{'abbreviation': 'Game', 'name': 'overall', 'summary': '19-1', 'type': 'total'}
 {'abbreviation': None, 'name': 'Home', 'summary': '11-1', 'type': 'home'}
 {'abbreviation': None, 'name': 'Road', 'summary': '5-0', 'type': 'road'}
 {'abbreviation': None, 'name': 'vs. Conf.', 'summary': '6-1', 'type': 'vsconf'}]",8,TRUE,99,"[{'abbreviation': 'Game', 'name': 'overall', 'summary': '10-9', 'type': 'total'}
 {'abbreviation': None, 'name': 'Home', 'summary': '4-5', 'type': 'home'}
 {'abbreviation': None, 'name': 'Road', 'summary': '4-2', 'type': 'road'}
 {'abbreviation': None, 'name': 'vs. Conf.', 'summary': '3-3', 'type': 'vsconf'}]",8,Big 12,TTU,KSU,da291c,330a57,0,e2e3e4,TTU,da291c,0,KSU,330a57,e2e3e4,https://raw.githubusercontent.com/sportsdataverse/wehoop-wbb-raw/main/wbb/json/final/401827339.json,2026-01-17T19:00Z,TRUE,,
401808786,2026-01-17T18:00Z,James Madison,Georgia Southern,Home,W,67,60,https://a.espncdn.com/i/teamlogos/ncaa/500/256.png,https://a.espncdn.com/i/teamlogos/ncaa/500/290.png,99,99,27,27,,,TRUE,1,,STATUS_FINAL,27,TRUE,99,"[{'abbreviation': 'Game', 'name': 'overall', 'summary': '13-7', 'type': 'total'}
 {'abbreviation': None, 'name': 'Home', 'summary': '9-3', 'type': 'home'}
 {'abbreviation': None, 'name': 'Road', 'summary': '2-4', 'type': 'road'}
 {'abbreviation': None, 'name': 'vs. Conf.', 'summary': '5-3', 'type': 'vsconf'}]",27,FALSE,99,"[{'abbreviation': 'Game', 'name': 'overall', 'summary': '13-5', 'type': 'total'}
 {'abbreviation': None, 'name': 'Home', 'summary': '9-1', 'type': 'home'}
 {'abbreviation': None, 'name': 'Road', 'summary': '4-4', 'type': 'road'}
 {'abbreviation': None, 'name': 'vs. Conf.', 'summary': '6-2', 'type': 'vsconf'}]",27,Sun Belt,JMU,GASO,450084,4.10E+43,cbb677,a3aaae,JMU,450084,cbb677,GASO,4.10E+43,a3aaae,https://raw.githubusercontent.com/sportsdataverse/wehoop-wbb-raw/main/wbb/json/final/401808786.json,2026-01-17T18:00Z,TRUE,,
401825274,2026-01-16T02:00Z,USC,Maryland,Home,L,55,62,https://a.espncdn.com/i/teamlogos/ncaa/500/30.png,https://a.espncdn.com/i/teamlogos/ncaa/500/120.png,99,12,7,7,,,TRUE,1,,STATUS_FINAL,7,FALSE,99,"[{'abbreviation': 'Game', 'name': 'overall', 'summary': '10-7', 'type': 'total'}
 {'abbreviation': None, 'name': 'Home', 'summary': '7-3', 'type': 'home'}
 {'abbreviation': None, 'name': 'Road', 'summary': '1-3', 'type': 'road'}
 {'abbreviation': None, 'name': 'vs. Conf.', 'summary': '2-4', 'type': 'vsconf'}]",7,TRUE,12,"[{'abbreviation': 'Game', 'name': 'overall', 'summary': '17-2', 'type': 'total'}
 {'abbreviation': None, 'name': 'Home', 'summary': '12-1', 'type': 'home'}
 {'abbreviation': None, 'name': 'Road', 'summary': '3-1', 'type': 'road'}
 {'abbreviation': None, 'name': 'vs. Conf.', 'summary': '5-2', 'type': 'vsconf'}]",7,Big Ten,USC,MD,9d2235,ce1126,ffc72c,ffffff,USC,9d2235,ffc72c,MD,ce1126,ffffff,https://raw.githubusercontent.com/sportsdataverse/wehoop-wbb-raw/main/wbb/json/final/401825274.json,2026-01-16T02:00Z,TRUE,,
401807561,2026-01-16T02:00Z,Alabama,Auburn,Away,L,54,58,https://a.espncdn.com/i/teamlogos/ncaa/500/333.png,https://a.espncdn.com/i/teamlogos/ncaa/500/2.png,21,99,23,23,,,TRUE,1,We Back Pat,STATUS_FINAL,23,TRUE,99,"[{'abbreviation': 'Game', 'name': 'overall', 'summary': '13-6', 'type': 'total'}
 {'abbreviation': None, 'name': 'Home', 'summary': '9-2', 'type': 'home'}
 {'abbreviation': None, 'name': 'Road', 'summary': '2-4', 'type': 'road'}
 {'abbreviation': None, 'name': 'vs. Conf.', 'summary': '2-3', 'type': 'vsconf'}]",23,FALSE,21,"[{'abbreviation': 'Game', 'name': 'overall', 'summary': '17-2', 'type': 'total'}
 {'abbreviation': None, 'name': 'Home', 'summary': '14-0', 'type': 'home'}
 {'abbreviation': None, 'name': 'Road', 'summary': '1-2', 'type': 'road'}
 {'abbreviation': None, 'name': 'vs. Conf.', 'summary': '3-2', 'type': 'vsconf'}]",23,SEC,ALA,AUB,9e1b32,002b5c,ffffff,f26522,AUB,002b5c,f26522,ALA,9e1b32,ffffff,https://raw.githubusercontent.com/sportsdataverse/wehoop-wbb-raw/main/wbb/json/final/401807561.json,2026-01-16T02:00Z,TRUE,,
401825277,2026-01-16T02:00Z,Oregon,Iowa,Away,L,66,74,https://a.espncdn.com/i/teamlogos/ncaa/500/2483.png,https://a.espncdn.com/i/teamlogos/ncaa/500/2294.png,99,11,7,7,,,TRUE,1,,STATUS_FINAL,7,TRUE,11,"[{'abbreviation': 'Game', 'name': 'overall', 'summary': '15-2', 'type': 'total'}
 {'abbreviation': None, 'name': 'Home', 'summary': '9-0', 'type': 'home'}
 {'abbreviation': None, 'name': 'Road', 'summary': '4-1', 'type': 'road'}
 {'abbreviation': None, 'name': 'vs. Conf.', 'summary': '6-0', 'type': 'vsconf'}]",7,FALSE,99,"[{'abbreviation': 'Game', 'name': 'overall', 'summary': '14-5', 'type': 'total'}
 {'abbreviation': None, 'name': 'Home', 'summary': '9-2', 'type': 'home'}
 {'abbreviation': None, 'name': 'Road', 'summary': '3-2', 'type': 'road'}
 {'abbreviation': None, 'name': 'vs. Conf.', 'summary': '2-4', 'type': 'vsconf'}]",7,Big Ten,ORE,IOWA,00934b,231f20,fff41b,fcd116,IOWA,231f20,fcd116,ORE,00934b,fff41b,https://raw.githubusercontent.com/sportsdataverse/wehoop-wbb-raw/main/wbb/json/final/401825277.json,2026-01-16T02:00Z,TRUE,,
401825277,2026-01-16T02:00Z,Iowa,Oregon,Home,W,74,66,https://a.espncdn.com/i/teamlogos/ncaa/500/2294.png,https://a.espncdn.com/i/teamlogos/ncaa/500/2483.png,11,99,7,7,,,TRUE,1,,STATUS_FINAL,7,TRUE,11,"[{'abbreviation': 'Game', 'name': 'overall', 'summary': '15-2', 'type': 'total'}
 {'abbreviation': None, 'name': 'Home', 'summary': '9-0', 'type': 'home'}
 {'abbreviation': None, 'name': 'Road', 'summary': '4-1', 'type': 'road'}
 {'abbreviation': None, 'name': 'vs. Conf.', 'summary': '6-0', 'type': 'vsconf'}]",7,FALSE,99,"[{'abbreviation': 'Game', 'name': 'overall', 'summary': '14-5', 'type': 'total'}
 {'abbreviation': None, 'name': 'Home', 'summary': '9-2', 'type': 'home'}
 {'abbreviation': None, 'name': 'Road', 'summary': '3-2', 'type': 'road'}
 {'abbreviation': None, 'name': 'vs. Conf.', 'summary': '2-4', 'type': 'vsconf'}]",7,Big Ten,IOWA,ORE,231f20,00934b,fcd116,fff41b,IOWA,231f20,fcd116,ORE,00934b,fff41b,https://raw.githubusercontent.com/sportsdataverse/wehoop-wbb-raw/main/wbb/json/final/401825277.json,2026-01-16T02:00Z,TRUE,,
401825274,2026-01-16T02:00Z,Maryland,USC,Away,W,62,55,https://a.espncdn.com/i/teamlogos/ncaa/500/120.png,https://a.espncdn.com/i/teamlogos/ncaa/500/30.png,12,99,7,7,,,TRUE,1,,STATUS_FINAL,7,FALSE,99,"[{'abbreviation': 'Game', 'name': 'overall', 'summary': '10-7', 'type': 'total'}
 {'abbreviation': None, 'name': 'Home', 'summary': '7-3', 'type': 'home'}
 {'abbreviation': None, 'name': 'Road', 'summary': '1-3', 'type': 'road'}
 {'abbreviation': None, 'name': 'vs. Conf.', 'summary': '2-4', 'type': 'vsconf'}]",7,TRUE,12,"[{'abbreviation': 'Game', 'name': 'overall', 'summary': '17-2', 'type': 'total'}
 {'abbreviation': None, 'name': 'Home', 'summary': '12-1', 'type': 'home'}
 {'abbreviation': None, 'name': 'Road', 'summary': '3-1', 'type': 'road'}
 {'abbreviation': None, 'name': 'vs. Conf.', 'summary': '5-2', 'type': 'vsconf'}]",7,Big Ten,MD,USC,ce1126,9d2235,ffffff,ffc72c,USC,9d2235,ffc72c,MD,ce1126,ffffff,https://raw.githubusercontent.com/sportsdataverse/wehoop-wbb-raw/main/wbb/json/final/401825274.json,2026-01-16T02:00Z,TRUE,,
401819670,2026-01-16T01:00Z,Virginia,Duke,Away,L,58,65,https://a.espncdn.com/i/teamlogos/ncaa/500/258.png,https://a.espncdn.com/i/teamlogos/ncaa/500/150.png,99,99,2.00E+00,2,,,TRUE,1,,STATUS_FINAL,2,TRUE,99,"[{'abbreviation': 'Game', 'name': 'overall', 'summary': '12-6', 'type': 'total'}
 {'abbreviation': None, 'name': 'Home', 'summary': '6-1', 'type': 'home'}
 {'abbreviation': None, 'name': 'Road', 'summary': '6-1', 'type': 'road'}
 {'abbreviation': None, 'name': 'vs. Conf.', 'summary': '7-0', 'type': 'vsconf'}]",2,FALSE,99,"[{'abbreviation': 'Game', 'name': 'overall', 'summary': '13-5', 'type': 'total'}
 {'abbreviation': None, 'name': 'Home', 'summary': '9-2', 'type': 'home'}
 {'abbreviation': None, 'name': 'Road', 'summary': '3-2', 'type': 'road'}
 {'abbreviation': None, 'name': 'vs. Conf.', 'summary': '5-2', 'type': 'vsconf'}]",2,ACC,UVA,DUKE,f84c1e,00539b,232d4b,ffffff,DUKE,00539b,ffffff,UVA,f84c1e,232d4b,https://raw.githubusercontent.com/sportsdataverse/wehoop-wbb-raw/main/wbb/json/final/401819670.json,2026-01-16T01:00Z,TRUE,,
401819670,2026-01-16T01:00Z,Duke,Virginia,Home,W,65,58,https://a.espncdn.com/i/teamlogos/ncaa/500/150.png,https://a.espncdn.com/i/teamlogos/ncaa/500/258.png,99,99,2,2,,,TRUE,1,,STATUS_FINAL,2,TRUE,99,"[{'abbreviation': 'Game', 'name': 'overall', 'summary': '12-6', 'type': 'total'}
 {'abbreviation': None, 'name': 'Home', 'summary': '6-1', 'type': 'home'}
 {'abbreviation': None, 'name': 'Road', 'summary': '6-1', 'type': 'road'}
 {'abbreviation': None, 'name': 'vs. Conf.', 'summary': '7-0', 'type': 'vsconf'}]",2,FALSE,99,"[{'abbreviation': 'Game', 'name': 'overall', 'summary': '13-5', 'type': 'total'}
 {'abbreviation': None, 'name': 'Home', 'summary': '9-2', 'type': 'home'}
 {'abbreviation': None, 'name': 'Road', 'summary': '3-2', 'type': 'road'}
 {'abbreviation': None, 'name': 'vs. Conf.', 'summary': '5-2', 'type': 'vsconf'}]",2,ACC,DUKE,UVA,00539b,f84c1e,ffffff,232d4b,DUKE,00539b,ffffff,UVA,f84c1e,232d4b,https://raw.githubusercontent.com/sportsdataverse/wehoop-wbb-raw/main/wbb/json/final/401819670.json,2026-01-16T01:00Z,TRUE,,
401819671,2026-01-16T00:30Z,Virginia Tech,SMU,Away,W,79,42,https://a.espncdn.com/i/teamlogos/ncaa/500/259.png,https://a.espncdn.com/i/teamlogos/ncaa/500/2567.png,99,99,2.00E+00,2,,,TRUE,1,,STATUS_FINAL,2,FALSE,99,"[{'abbreviation': 'Game', 'name': 'overall', 'summary': '7-11', 'type': 'total'}
 {'abbreviation': None, 'name': 'Home', 'summary': '5-5', 'type': 'home'}
 {'abbreviation': None, 'name': 'Road', 'summary': '1-5', 'type': 'road'}
 {'abbreviation': None, 'name': 'vs. Conf.', 'summary': '0-6', 'type': 'vsconf'}]",2,TRUE,99,"[{'abbreviation': 'Game', 'name': 'overall', 'summary': '14-5', 'type': 'total'}
 {'abbreviation': None, 'name': 'Home', 'summary': '10-2', 'type': 'home'}
 {'abbreviation': None, 'name': 'Road', 'summary': '3-2', 'type': 'road'}
 {'abbreviation': None, 'name': 'vs. Conf.', 'summary': '4-3', 'type': 'vsconf'}]",2,ACC,VT,SMU,6a2c3e,a80000,cf4520,0033a1,SMU,a80000,0033a1,VT,6a2c3e,cf4520,https://raw.githubusercontent.com/sportsdataverse/wehoop-wbb-raw/main/wbb/json/final/401819671.json,2026-01-16T00:30Z,TRUE,,
401825641,2026-01-16T00:00Z,Villanova,UConn,Away,L,50,99,https://a.espncdn.com/i/teamlogos/ncaa/500/222.png,https://a.espncdn.com/i/teamlogos/ncaa/500/41.png,99,1,4,4,,,TRUE,1,,STATUS_FINAL,4,TRUE,1,"[{'abbreviation': 'Game', 'name': 'overall', 'summary': '18-0', 'type': 'total'}
 {'abbreviation': None, 'name': 'Home', 'summary': '8-0', 'type': 'home'}
 {'abbreviation': None, 'name': 'Road', 'summary': '6-0', 'type': 'road'}
 {'abbreviation': None, 'name': 'vs. Conf.', 'summary': '9-0', 'type': 'vsconf'}]",4,FALSE,99,"[{'abbreviation': 'Game', 'name': 'overall', 'summary': '14-4', 'type': 'total'}
 {'abbreviation': None, 'name': 'Home', 'summary': '7-2', 'type': 'home'}
 {'abbreviation': None, 'name': 'Road', 'summary': '6-2', 'type': 'road'}
 {'abbreviation': None, 'name': 'vs. Conf.', 'summary': '7-2', 'type': 'vsconf'}]",4,Big East,VILL,CONN,00205b,0c2340,13b5ea,a2aaad,CONN,0c2340,a2aaad,VILL,00205b,13b5ea,https://raw.githubusercontent.com/sportsdataverse/wehoop-wbb-raw/main/wbb/json/final/401825641.json,2026-01-16T00:00Z,TRUE,,
401807565,2026-01-16T00:00Z,Texas,South Carolina,Away,L,65,68,https://a.espncdn.com/i/teamlogos/ncaa/500/251.png,https://a.espncdn.com/i/teamlogos/ncaa/500/2579.png,4,2,23,23,,,TRUE,1,,STATUS_FINAL,23,TRUE,2,"[{'abbreviation': 'Game', 'name': 'overall', 'summary': '18-1', 'type': 'total'}
 {'abbreviation': None, 'name': 'Home', 'summary': '11-0', 'type': 'home'}
 {'abbreviation': None, 'name': 'Road', 'summary': '5-0', 'type': 'road'}
 {'abbreviation': None, 'name': 'vs. Conf.', 'summary': '5-0', 'type': 'vsconf'}]",23,FALSE,4,"[{'abbreviation': 'Game', 'name': 'overall', 'summary': '18-2', 'type': 'total'}
 {'abbreviation': None, 'name': 'Home', 'summary': '12-0', 'type': 'home'}
 {'abbreviation': None, 'name': 'Road', 'summary': '3-2', 'type': 'road'}
 {'abbreviation': None, 'name': 'vs. Conf.', 'summary': '3-2', 'type': 'vsconf'}]",23,SEC,TEX,SC,af5c37,73000a,ffffff,0,SC,73000a,0,TEX,af5c37,ffffff,https://raw.githubusercontent.com/sportsdataverse/wehoop-wbb-raw/main/wbb/json/final/401807565.json,2026-01-16T00:00Z,TRUE,,
401825273,2026-01-16T00:00Z,Illinois,Michigan,Away,L,69,85,https://a.espncdn.com/i/teamlogos/ncaa/500/356.png,https://a.espncdn.com/i/teamlogos/ncaa/500/130.png,25,8,7,7,,,TRUE,1,,STATUS_FINAL,7,TRUE,8,"[{'abbreviation': 'Game', 'name': 'overall', 'summary': '15-2', 'type': 'total'}
 {'abbreviation': None, 'name': 'Home', 'summary': '10-0', 'type': 'home'}
 {'abbreviation': None, 'name': 'Road', 'summary': '3-1', 'type': 'road'}
 {'abbreviation': None, 'name': 'vs. Conf.', 'summary': '6-1', 'type': 'vsconf'}]",7,FALSE,25,"[{'abbreviation': 'Game', 'name': 'overall', 'summary': '14-4', 'type': 'total'}
 {'abbreviation': None, 'name': 'Home', 'summary': '10-1', 'type': 'home'}
 {'abbreviation': None, 'name': 'Road', 'summary': '4-3', 'type': 'road'}
 {'abbreviation': None, 'name': 'vs. Conf.', 'summary': '4-3', 'type': 'vsconf'}]",7,Big Ten,ILL,MICH,ff5f05,00274c,13294b,ffcb05,MICH,00274c,ffcb05,ILL,ff5f05,13294b,https://raw.githubusercontent.com/sportsdataverse/wehoop-wbb-raw/main/wbb/json/final/401825273.json,2026-01-16T00:00Z,TRUE,,
401825275,2026-01-16T00:00Z,Nebraska,Michigan State,Away,L,71,73,https://a.espncdn.com/i/teamlogos/ncaa/500/158.png,https://a.espncdn.com/i/teamlogos/ncaa/500/127.png,24,15,7,7,,,TRUE,1,,STATUS_FINAL,7,TRUE,15,"[{'abbreviation': 'Game', 'name': 'overall', 'summary': '17-1', 'type': 'total'}
 {'abbreviation': None, 'name': 'Home', 'summary': '9-0', 'type': 'home'}
 {'abbreviation': None, 'name': 'Road', 'summary': '4-1', 'type': 'road'}
 {'abbreviation': None, 'name': 'vs. Conf.', 'summary': '6-1', 'type': 'vsconf'}]",7,FALSE,24,"[{'abbreviation': 'Game', 'name': 'overall', 'summary': '14-4', 'type': 'total'}
 {'abbreviation': None, 'name': 'Home', 'summary': '10-2', 'type': 'home'}
 {'abbreviation': None, 'name': 'Road', 'summary': '1-2', 'type': 'road'}
 {'abbreviation': None, 'name': 'vs. Conf.', 'summary': '3-4', 'type': 'vsconf'}]",7,Big Ten,NEB,MSU,e31937,173f35,ffffff,ffffff,MSU,173f35,ffffff,NEB,e31937,ffffff,https://raw.githubusercontent.com/sportsdataverse/wehoop-wbb-raw/main/wbb/json/final/401825275.json,2026-01-16T00:00Z,TRUE,,
401807564,2026-01-16T00:00Z,Florida,Kentucky,Away,L,89,94,https://a.espncdn.com/i/teamlogos/ncaa/500/57.png,https://a.espncdn.com/i/teamlogos/ncaa/500/96.png,99,7,23,23,,,TRUE,1,,STATUS_FINAL,23,TRUE,7,"[{'abbreviation': 'Game', 'name': 'overall', 'summary': '17-2', 'type': 'total'}
 {'abbreviation': None, 'name': 'Home', 'summary': '10-0', 'type': 'home'}
 {'abbreviation': None, 'name': 'Road', 'summary': '6-1', 'type': 'road'}
 {'abbreviation': None, 'name': 'vs. Conf.', 'summary': '4-1', 'type': 'vsconf'}]",23,FALSE,99,"[{'abbreviation': 'Game', 'name': 'overall', 'summary': '12-8', 'type': 'total'}
 {'abbreviation': None, 'name': 'Home', 'summary': '9-3', 'type': 'home'}
 {'abbreviation': None, 'name': 'Road', 'summary': '1-5', 'type': 'road'}
 {'abbreviation': None, 'name': 'vs. Conf.', 'summary': '0-5', 'type': 'vsconf'}]",23,SEC,FLA,UK,0021a5,0033a0,fa4616,ffffff,UK,0033a0,ffffff,FLA,0021a5,fa4616,https://raw.githubusercontent.com/sportsdataverse/wehoop-wbb-raw/main/wbb/json/final/401807564.json,2026-01-16T00:00Z,TRUE,,
401819669,2026-01-16T00:00Z,UNC,Miami (FL),Home,W,73,62,https://a.espncdn.com/i/teamlogos/ncaa/500/153.png,https://a.espncdn.com/i/teamlogos/ncaa/500/2390.png,99,99,2,2,,,TRUE,1,,STATUS_FINAL,2,TRUE,99,"[{'abbreviation': 'Game', 'name': 'overall', 'summary': '14-5', 'type': 'total'}
 {'abbreviation': None, 'name': 'Home', 'summary': '8-2', 'type': 'home'}
 {'abbreviation': None, 'name': 'Road', 'summary': '2-2', 'type': 'road'}
 {'abbreviation': None, 'name': 'vs. Conf.', 'summary': '3-3', 'type': 'vsconf'}]",2,FALSE,99,"[{'abbreviation': 'Game', 'name': 'overall', 'summary': '11-7', 'type': 'total'}
 {'abbreviation': None, 'name': 'Home', 'summary': '7-4', 'type': 'home'}
 {'abbreviation': None, 'name': 'Road', 'summary': '2-1', 'type': 'road'}
 {'abbreviation': None, 'name': 'vs. Conf.', 'summary': '3-4', 'type': 'vsconf'}]",2,ACC,UNC,MIA,7bafd4,f47423,13294b,35131,UNC,7bafd4,13294b,MIA,f47423,35131,https://raw.githubusercontent.com/sportsdataverse/wehoop-wbb-raw/main/wbb/json/final/401819669.json,2026-01-16T00:00Z,TRUE,,
401825275,2026-01-16T00:00Z,Michigan State,Nebraska,Home,W,73,71,https://a.espncdn.com/i/teamlogos/ncaa/500/127.png,https://a.espncdn.com/i/teamlogos/ncaa/500/158.png,15,24,7,7,,,TRUE,1,,STATUS_FINAL,7,TRUE,15,"[{'abbreviation': 'Game', 'name': 'overall', 'summary': '17-1', 'type': 'total'}
 {'abbreviation': None, 'name': 'Home', 'summary': '9-0', 'type': 'home'}
 {'abbreviation': None, 'name': 'Road', 'summary': '4-1', 'type': 'road'}
 {'abbreviation': None, 'name': 'vs. Conf.', 'summary': '6-1', 'type': 'vsconf'}]",7,FALSE,24,"[{'abbreviation': 'Game', 'name': 'overall', 'summary': '14-4', 'type': 'total'}
 {'abbreviation': None, 'name': 'Home', 'summary': '10-2', 'type': 'home'}
 {'abbreviation': None, 'name': 'Road', 'summary': '1-2', 'type': 'road'}
 {'abbreviation': None, 'name': 'vs. Conf.', 'summary': '3-4', 'type': 'vsconf'}]",7,Big Ten,MSU,NEB,173f35,e31937,ffffff,ffffff,MSU,173f35,ffffff,NEB,e31937,ffffff,https://raw.githubusercontent.com/sportsdataverse/wehoop-wbb-raw/main/wbb/json/final/401825275.json,2026-01-16T00:00Z,TRUE,,
401825273,2026-01-16T00:00Z,Michigan,Illinois,Home,W,85,69,https://a.espncdn.com/i/teamlogos/ncaa/500/130.png,https://a.espncdn.com/i/teamlogos/ncaa/500/356.png,8,25,7,7,,,TRUE,1,,STATUS_FINAL,7,TRUE,8,"[{'abbreviation': 'Game', 'name': 'overall', 'summary': '15-2', 'type': 'total'}
 {'abbreviation': None, 'name': 'Home', 'summary': '10-0', 'type': 'home'}
 {'abbreviation': None, 'name': 'Road', 'summary': '3-1', 'type': 'road'}
 {'abbreviation': None, 'name': 'vs. Conf.', 'summary': '6-1', 'type': 'vsconf'}]",7,FALSE,25,"[{'abbreviation': 'Game', 'name': 'overall', 'summary': '14-4', 'type': 'total'}
 {'abbreviation': None, 'name': 'Home', 'summary': '10-1', 'type': 'home'}
 {'abbreviation': None, 'name': 'Road', 'summary': '4-3', 'type': 'road'}
 {'abbreviation': None, 'name': 'vs. Conf.', 'summary': '4-3', 'type': 'vsconf'}]",7,Big Ten,MICH,ILL,00274c,ff5f05,ffcb05,13294b,MICH,00274c,ffcb05,ILL,ff5f05,13294b,https://raw.githubusercontent.com/sportsdataverse/wehoop-wbb-raw/main/wbb/json/final/401825273.json,2026-01-16T00:00Z,TRUE,,
401807564,2026-01-16T00:00Z,Kentucky,Florida,Home,W,94,89,https://a.espncdn.com/i/teamlogos/ncaa/500/96.png,https://a.espncdn.com/i/teamlogos/ncaa/500/57.png,7,99,23,23,,,TRUE,1,,STATUS_FINAL,23,TRUE,7,"[{'abbreviation': 'Game', 'name': 'overall', 'summary': '17-2', 'type': 'total'}
 {'abbreviation': None, 'name': 'Home', 'summary': '10-0', 'type': 'home'}
 {'abbreviation': None, 'name': 'Road', 'summary': '6-1', 'type': 'road'}
 {'abbreviation': None, 'name': 'vs. Conf.', 'summary': '4-1', 'type': 'vsconf'}]",23,FALSE,99,"[{'abbreviation': 'Game', 'name': 'overall', 'summary': '12-8', 'type': 'total'}
 {'abbreviation': None, 'name': 'Home', 'summary': '9-3', 'type': 'home'}
 {'abbreviation': None, 'name': 'Road', 'summary': '1-5', 'type': 'road'}
 {'abbreviation': None, 'name': 'vs. Conf.', 'summary': '0-5', 'type': 'vsconf'}]",23,SEC,UK,FLA,0033a0,0021a5,ffffff,fa4616,UK,0033a0,ffffff,FLA,0021a5,fa4616,https://raw.githubusercontent.com/sportsdataverse/wehoop-wbb-raw/main/wbb/json/final/401807564.json,2026-01-16T00:00Z,TRUE,,
401807565,2026-01-16T00:00Z,South Carolina,Texas,Home,W,68,65,https://a.espncdn.com/i/teamlogos/ncaa/500/2579.png,https://a.espncdn.com/i/teamlogos/ncaa/500/251.png,2,4,23,23,,,TRUE,1,,STATUS_FINAL,23,TRUE,2,"[{'abbreviation': 'Game', 'name': 'overall', 'summary': '18-1', 'type': 'total'}
 {'abbreviation': None, 'name': 'Home', 'summary': '11-0', 'type': 'home'}
 {'abbreviation': None, 'name': 'Road', 'summary': '5-0', 'type': 'road'}
 {'abbreviation': None, 'name': 'vs. Conf.', 'summary': '5-0', 'type': 'vsconf'}]",23,FALSE,4,"[{'abbreviation': 'Game', 'name': 'overall', 'summary': '18-2', 'type': 'total'}
 {'abbreviation': None, 'name': 'Home', 'summary': '12-0', 'type': 'home'}
 {'abbreviation': None, 'name': 'Road', 'summary': '3-2', 'type': 'road'}
 {'abbreviation': None, 'name': 'vs. Conf.', 'summary': '3-2', 'type': 'vsconf'}]",23,SEC,SC,TEX,73000a,af5c37,0,ffffff,SC,73000a,0,TEX,af5c37,ffffff,https://raw.githubusercontent.com/sportsdataverse/wehoop-wbb-raw/main/wbb/json/final/401807565.json,2026-01-16T00:00Z,TRUE,,
401825641,2026-01-16T00:00Z,UConn,Villanova,Home,W,99,50,https://a.espncdn.com/i/teamlogos/ncaa/500/41.png,https://a.espncdn.com/i/teamlogos/ncaa/500/222.png,1,99,4,4,,,TRUE,1,,STATUS_FINAL,4,TRUE,1,"[{'abbreviation': 'Game', 'name': 'overall', 'summary': '18-0', 'type': 'total'}
 {'abbreviation': None, 'name': 'Home', 'summary': '8-0', 'type': 'home'}
 {'abbreviation': None, 'name': 'Road', 'summary': '6-0', 'type': 'road'}
 {'abbreviation': None, 'name': 'vs. Conf.', 'summary': '9-0', 'type': 'vsconf'}]",4,FALSE,99,"[{'abbreviation': 'Game', 'name': 'overall', 'summary': '14-4', 'type': 'total'}
 {'abbreviation': None, 'name': 'Home', 'summary': '7-2', 'type': 'home'}
 {'abbreviation': None, 'name': 'Road', 'summary': '6-2', 'type': 'road'}
 {'abbreviation': None, 'name': 'vs. Conf.', 'summary': '7-2', 'type': 'vsconf'}]",4,Big East,CONN,VILL,0c2340,00205b,a2aaad,13b5ea,CONN,0c2340,a2aaad,VILL,00205b,13b5ea,https://raw.githubusercontent.com/sportsdataverse/wehoop-wbb-raw/main/wbb/json/final/401825641.json,2026-01-16T00:00Z,TRUE,,
401807562,2026-01-15T23:30Z,Vanderbilt,Mississippi State,Away,W,89,84,https://a.espncdn.com/i/teamlogos/ncaa/500/238.png,https://a.espncdn.com/i/teamlogos/ncaa/500/344.png,5,99,23,23,,,TRUE,1,,STATUS_FINAL,23,FALSE,99,"[{'abbreviation': 'Game', 'name': 'overall', 'summary': '14-5', 'type': 'total'}
 {'abbreviation': None, 'name': 'Home', 'summary': '12-2', 'type': 'home'}
 {'abbreviation': None, 'name': 'Road', 'summary': '1-3', 'type': 'road'}
 {'abbreviation': None, 'name': 'vs. Conf.', 'summary': '1-4', 'type': 'vsconf'}]",23,TRUE,5,"[{'abbreviation': 'Game', 'name': 'overall', 'summary': '18-0', 'type': 'total'}
 {'abbreviation': None, 'name': 'Home', 'summary': '10-0', 'type': 'home'}
 {'abbreviation': None, 'name': 'Road', 'summary': '5-0', 'type': 'road'}
 {'abbreviation': None, 'name': 'vs. Conf.', 'summary': '5-0', 'type': 'vsconf'}]",23,SEC,VAN,MSST,0,5d1725,cfae70,c1c6c8,MSST,5d1725,c1c6c8,VAN,0,cfae70,https://raw.githubusercontent.com/sportsdataverse/wehoop-wbb-raw/main/wbb/json/final/401807562.json,2026-01-15T23:30Z,TRUE,,
401807562,2026-01-15T23:30Z,Mississippi State,Vanderbilt,Home,L,84,89,https://a.espncdn.com/i/teamlogos/ncaa/500/344.png,https://a.espncdn.com/i/teamlogos/ncaa/500/238.png,99,5,23,23,,,TRUE,1,,STATUS_FINAL,23,FALSE,99,"[{'abbreviation': 'Game', 'name': 'overall', 'summary': '14-5', 'type': 'total'}
 {'abbreviation': None, 'name': 'Home', 'summary': '12-2', 'type': 'home'}
 {'abbreviation': None, 'name': 'Road', 'summary': '1-3', 'type': 'road'}
 {'abbreviation': None, 'name': 'vs. Conf.', 'summary': '1-4', 'type': 'vsconf'}]",23,TRUE,5,"[{'abbreviation': 'Game', 'name': 'overall', 'summary': '18-0', 'type': 'total'}
 {'abbreviation': None, 'name': 'Home', 'summary': '10-0', 'type': 'home'}
 {'abbreviation': None, 'name': 'Road', 'summary': '5-0', 'type': 'road'}
 {'abbreviation': None, 'name': 'vs. Conf.', 'summary': '5-0', 'type': 'vsconf'}]",23,SEC,MSST,VAN,5d1725,0,c1c6c8,cfae70,MSST,5d1725,c1c6c8,VAN,0,cfae70,https://raw.githubusercontent.com/sportsdataverse/wehoop-wbb-raw/main/wbb/json/final/401807562.json,2026-01-15T23:30Z,TRUE,,
401819668,2026-01-15T23:00Z,Louisville,Notre Dame,Away,W,79,66,https://a.espncdn.com/i/teamlogos/ncaa/500/97.png,https://a.espncdn.com/i/teamlogos/ncaa/500/87.png,9,23,2,2,,,TRUE,1,,STATUS_FINAL,2,FALSE,23,"[{'abbreviation': 'Game', 'name': 'overall', 'summary': '12-5', 'type': 'total'}
 {'abbreviation': None, 'name': 'Home', 'summary': '10-1', 'type': 'home'}
 {'abbreviation': None, 'name': 'Road', 'summary': '2-3', 'type': 'road'}
 {'abbreviation': None, 'name': 'vs. Conf.', 'summary': '4-3', 'type': 'vsconf'}]",2,TRUE,9,"[{'abbreviation': 'Game', 'name': 'overall', 'summary': '17-3', 'type': 'total'}
 {'abbreviation': None, 'name': 'Home', 'summary': '11-2', 'type': 'home'}
 {'abbreviation': None, 'name': 'Road', 'summary': '4-0', 'type': 'road'}
 {'abbreviation': None, 'name': 'vs. Conf.', 'summary': '7-0', 'type': 'vsconf'}]",2,ACC,LOU,ND,c9001f,62340,ffffff,c99700,ND,62340,c99700,LOU,c9001f,ffffff,https://raw.githubusercontent.com/sportsdataverse/wehoop-wbb-raw/main/wbb/json/final/401819668.json,2026-01-15T23:00Z,TRUE,,
401819566,2026-01-15T23:00Z,NC State,Wake Forest,Away,W,95,77,https://a.espncdn.com/i/teamlogos/ncaa/500/152.png,https://a.espncdn.com/i/teamlogos/ncaa/500/154.png,99,99,2,2,,,TRUE,1,,STATUS_FINAL,2,FALSE,99,"[{'abbreviation': 'Game', 'name': 'overall', 'summary': '12-7', 'type': 'total'}
 {'abbreviation': None, 'name': 'Home', 'summary': '8-5', 'type': 'home'}
 {'abbreviation': None, 'name': 'Road', 'summary': '1-2', 'type': 'road'}
 {'abbreviation': None, 'name': 'vs. Conf.', 'summary': '2-5', 'type': 'vsconf'}]",2,TRUE,99,"[{'abbreviation': 'Game', 'name': 'overall', 'summary': '13-5', 'type': 'total'}
 {'abbreviation': None, 'name': 'Home', 'summary': '7-2', 'type': 'home'}
 {'abbreviation': None, 'name': 'Road', 'summary': '3-2', 'type': 'road'}
 {'abbreviation': None, 'name': 'vs. Conf.', 'summary': '6-1', 'type': 'vsconf'}]",2,ACC,NCSU,WAKE,cc0000,ceb888,ffffff,2c2a29,WAKE,ceb888,2c2a29,NCSU,cc0000,ffffff,https://raw.githubusercontent.com/sportsdataverse/wehoop-wbb-raw/main/wbb/json/final/401819566.json,2026-01-15T23:00Z,TRUE,,
401808809,2026-01-15T23:00Z,James Madison,Marshall,Home,W,80,43,https://a.espncdn.com/i/teamlogos/ncaa/500/256.png,https://a.espncdn.com/i/teamlogos/ncaa/500/276.png,99,99,27,27,,,TRUE,1,,STATUS_FINAL,27,TRUE,99,"[{'abbreviation': 'Game', 'name': 'overall', 'summary': '12-7', 'type': 'total'}
 {'abbreviation': None, 'name': 'Home', 'summary': '8-3', 'type': 'home'}
 {'abbreviation': None, 'name': 'Road', 'summary': '2-4', 'type': 'road'}
 {'abbreviation': None, 'name': 'vs. Conf.', 'summary': '4-3', 'type': 'vsconf'}]",27,FALSE,99,"[{'abbreviation': 'Game', 'name': 'overall', 'summary': '15-4', 'type': 'total'}
 {'abbreviation': None, 'name': 'Home', 'summary': '10-1', 'type': 'home'}
 {'abbreviation': None, 'name': 'Road', 'summary': '4-3', 'type': 'road'}
 {'abbreviation': None, 'name': 'vs. Conf.', 'summary': '6-1', 'type': 'vsconf'}]",27,Sun Belt,JMU,MRSH,450084,00b140,cbb677,0,JMU,450084,cbb677,MRSH,00b140,0,https://raw.githubusercontent.com/sportsdataverse/wehoop-wbb-raw/main/wbb/json/final/401808809.json,2026-01-15T23:00Z,TRUE,,
401819618,2026-01-15T23:00Z,Stanford,Boston College,Away,W,77,52,https://a.espncdn.com/i/teamlogos/ncaa/500/24.png,https://a.espncdn.com/i/teamlogos/ncaa/500/103.png,99,99,2,2,,,TRUE,1,,STATUS_FINAL,2,FALSE,99,"[{'abbreviation': 'Game', 'name': 'overall', 'summary': '4-16', 'type': 'total'}
 {'abbreviation': None, 'name': 'Home', 'summary': '4-9', 'type': 'home'}
 {'abbreviation': None, 'name': 'Road', 'summary': '0-5', 'type': 'road'}
 {'abbreviation': None, 'name': 'vs. Conf.', 'summary': '0-7', 'type': 'vsconf'}]",2,TRUE,99,"[{'abbreviation': 'Game', 'name': 'overall', 'summary': '15-4', 'type': 'total'}
 {'abbreviation': None, 'name': 'Home', 'summary': '9-2', 'type': 'home'}
 {'abbreviation': None, 'name': 'Road', 'summary': '4-1', 'type': 'road'}
 {'abbreviation': None, 'name': 'vs. Conf.', 'summary': '4-2', 'type': 'vsconf'}]",2,ACC,STAN,BC,8c1515,8c2232,ffffff,dbcca6,BC,8c2232,dbcca6,STAN,8c1515,ffffff,https://raw.githubusercontent.com/sportsdataverse/wehoop-wbb-raw/main/wbb/json/final/401819618.json,2026-01-15T23:00Z,TRUE,,
401819666,2026-01-15T23:00Z,Syracuse,California,Home,W,90,87,https://a.espncdn.com/i/teamlogos/ncaa/500/183.png,https://a.espncdn.com/i/teamlogos/ncaa/500/25.png,99,99,2,2,,,TRUE,1,,STATUS_FINAL,2,TRUE,99,"[{'abbreviation': 'Game', 'name': 'overall', 'summary': '15-3', 'type': 'total'}
 {'abbreviation': None, 'name': 'Home', 'summary': '11-2', 'type': 'home'}
 {'abbreviation': None, 'name': 'Road', 'summary': '3-0', 'type': 'road'}
 {'abbreviation': None, 'name': 'vs. Conf.', 'summary': '5-2', 'type': 'vsconf'}]",2,FALSE,99,"[{'abbreviation': 'Game', 'name': 'overall', 'summary': '10-9', 'type': 'total'}
 {'abbreviation': None, 'name': 'Home', 'summary': '9-1', 'type': 'home'}
 {'abbreviation': None, 'name': 'Road', 'summary': '0-5', 'type': 'road'}
 {'abbreviation': None, 'name': 'vs. Conf.', 'summary': '1-5', 'type': 'vsconf'}]",2,ACC,SYR,CAL,0.00E+00,4.10E+43,ff431b,ffc72c,SYR,0.00E+00,ff431b,CAL,4.10E+43,ffc72c,https://raw.githubusercontent.com/sportsdataverse/wehoop-wbb-raw/main/wbb/json/final/401819666.json,2026-01-15T23:00Z,TRUE,,
401819668,2026-01-15T23:00Z,Notre Dame,Louisville,Home,L,66,79,https://a.espncdn.com/i/teamlogos/ncaa/500/87.png,https://a.espncdn.com/i/teamlogos/ncaa/500/97.png,23,9,2,2,,,TRUE,1,,STATUS_FINAL,2,FALSE,23,"[{'abbreviation': 'Game', 'name': 'overall', 'summary': '12-5', 'type': 'total'}
 {'abbreviation': None, 'name': 'Home', 'summary': '10-1', 'type': 'home'}
 {'abbreviation': None, 'name': 'Road', 'summary': '2-3', 'type': 'road'}
 {'abbreviation': None, 'name': 'vs. Conf.', 'summary': '4-3', 'type': 'vsconf'}]",2,TRUE,9,"[{'abbreviation': 'Game', 'name': 'overall', 'summary': '17-3', 'type': 'total'}
 {'abbreviation': None, 'name': 'Home', 'summary': '11-2', 'type': 'home'}
 {'abbreviation': None, 'name': 'Road', 'summary': '4-0', 'type': 'road'}
 {'abbreviation': None, 'name': 'vs. Conf.', 'summary': '7-0', 'type': 'vsconf'}]",2,ACC,ND,LOU,62340,c9001f,c99700,ffffff,ND,62340,c99700,LOU,c9001f,ffffff,https://raw.githubusercontent.com/sportsdataverse/wehoop-wbb-raw/main/wbb/json/final/401819668.json,2026-01-15T23:00Z,TRUE,,
401827331,2026-01-15T02:00Z,Iowa State,Colorado,Away,L,62,68,https://a.espncdn.com/i/teamlogos/ncaa/500/66.png,https://a.espncdn.com/i/teamlogos/ncaa/500/38.png,19,99,8,8,,,TRUE,1,,STATUS_FINAL,8,TRUE,99,"[{'abbreviation': 'Game', 'name': 'overall', 'summary': '12-6', 'type': 'total'}
 {'abbreviation': None, 'name': 'Home', 'summary': '10-1', 'type': 'home'}
 {'abbreviation': None, 'name': 'Road', 'summary': '0-4', 'type': 'road'}
 {'abbreviation': None, 'name': 'vs. Conf.', 'summary': '3-3', 'type': 'vsconf'}]",8,FALSE,19,"[{'abbreviation': 'Game', 'name': 'overall', 'summary': '14-4', 'type': 'total'}
 {'abbreviation': None, 'name': 'Home', 'summary': '10-2', 'type': 'home'}
 {'abbreviation': None, 'name': 'Road', 'summary': '2-2', 'type': 'road'}
 {'abbreviation': None, 'name': 'vs. Conf.', 'summary': '2-4', 'type': 'vsconf'}]",8,Big 12,ISU,COLO,ae192d,cfb87c,ffc72a,0,COLO,cfb87c,0,ISU,ae192d,ffc72a,https://raw.githubusercontent.com/sportsdataverse/wehoop-wbb-raw/main/wbb/json/final/401827331.json,2026-01-15T02:00Z,TRUE,,
401827333,2026-01-15T02:00Z,Baylor,Utah,Away,W,61,45,https://a.espncdn.com/i/teamlogos/ncaa/500/239.png,https://a.espncdn.com/i/teamlogos/ncaa/500/254.png,18,99,8,8,,,TRUE,1,,STATUS_FINAL,8,FALSE,99,"[{'abbreviation': 'Game', 'name': 'overall', 'summary': '13-5', 'type': 'total'}
 {'abbreviation': None, 'name': 'Home', 'summary': '7-3', 'type': 'home'}
 {'abbreviation': None, 'name': 'Road', 'summary': '6-0', 'type': 'road'}
 {'abbreviation': None, 'name': 'vs. Conf.', 'summary': '4-2', 'type': 'vsconf'}]",8,TRUE,18,"[{'abbreviation': 'Game', 'name': 'overall', 'summary': '16-3', 'type': 'total'}
 {'abbreviation': None, 'name': 'Home', 'summary': '10-1', 'type': 'home'}
 {'abbreviation': None, 'name': 'Road', 'summary': '4-0', 'type': 'road'}
 {'abbreviation': None, 'name': 'vs. Conf.', 'summary': '5-1', 'type': 'vsconf'}]",8,Big 12,BAY,UTAH,154734,be0000,ffb81c,ffffff,UTAH,be0000,ffffff,BAY,154734,ffb81c,https://raw.githubusercontent.com/sportsdataverse/wehoop-wbb-raw/main/wbb/json/final/401827333.json,2026-01-15T02:00Z,TRUE,,
401827331,2026-01-15T02:00Z,Colorado,Iowa State,Home,W,68,62,https://a.espncdn.com/i/teamlogos/ncaa/500/38.png,https://a.espncdn.com/i/teamlogos/ncaa/500/66.png,99,19,8,8,,,TRUE,1,,STATUS_FINAL,8,TRUE,99,"[{'abbreviation': 'Game', 'name': 'overall', 'summary': '12-6', 'type': 'total'}
 {'abbreviation': None, 'name': 'Home', 'summary': '10-1', 'type': 'home'}
 {'abbreviation': None, 'name': 'Road', 'summary': '0-4', 'type': 'road'}
 {'abbreviation': None, 'name': 'vs. Conf.', 'summary': '3-3', 'type': 'vsconf'}]",8,FALSE,19,"[{'abbreviation': 'Game', 'name': 'overall', 'summary': '14-4', 'type': 'total'}
 {'abbreviation': None, 'name': 'Home', 'summary': '10-2', 'type': 'home'}
 {'abbreviation': None, 'name': 'Road', 'summary': '2-2', 'type': 'road'}
 {'abbreviation': None, 'name': 'vs. Conf.', 'summary': '2-4', 'type': 'vsconf'}]",8,Big 12,COLO,ISU,cfb87c,ae192d,0,ffc72a,COLO,cfb87c,0,ISU,ae192d,ffc72a,https://raw.githubusercontent.com/sportsdataverse/wehoop-wbb-raw/main/wbb/json/final/401827331.json,2026-01-15T02:00Z,TRUE,,
401825271,2026-01-15T01:00Z,Minnesota,UCLA,Home,L,58,76,https://a.espncdn.com/i/teamlogos/ncaa/500/135.png,https://a.espncdn.com/i/teamlogos/ncaa/500/26.png,99,3,7,7,,,TRUE,1,,STATUS_FINAL,7,FALSE,99,"[{'abbreviation': 'Game', 'name': 'overall', 'summary': '12-5', 'type': 'total'}
 {'abbreviation': None, 'name': 'Home', 'summary': '9-2', 'type': 'home'}
 {'abbreviation': None, 'name': 'Road', 'summary': '2-2', 'type': 'road'}
 {'abbreviation': None, 'name': 'vs. Conf.', 'summary': '3-3', 'type': 'vsconf'}]",7,TRUE,3,"[{'abbreviation': 'Game', 'name': 'overall', 'summary': '16-1', 'type': 'total'}
 {'abbreviation': None, 'name': 'Home', 'summary': '7-0', 'type': 'home'}
 {'abbreviation': None, 'name': 'Road', 'summary': '4-0', 'type': 'road'}
 {'abbreviation': None, 'name': 'vs. Conf.', 'summary': '6-0', 'type': 'vsconf'}]",7,Big Ten,MINN,UCLA,5e0a2f,2774ae,fab41c,f2a900,MINN,5e0a2f,fab41c,UCLA,2774ae,f2a900,https://raw.githubusercontent.com/sportsdataverse/wehoop-wbb-raw/main/wbb/json/final/401825271.json,2026-01-15T01:00Z,TRUE,,
401825271,2026-01-15T01:00Z,UCLA,Minnesota,Away,W,76,58,https://a.espncdn.com/i/teamlogos/ncaa/500/26.png,https://a.espncdn.com/i/teamlogos/ncaa/500/135.png,3,99,7,7,,,TRUE,1,,STATUS_FINAL,7,FALSE,99,"[{'abbreviation': 'Game', 'name': 'overall', 'summary': '12-5', 'type': 'total'}
 {'abbreviation': None, 'name': 'Home', 'summary': '9-2', 'type': 'home'}
 {'abbreviation': None, 'name': 'Road', 'summary': '2-2', 'type': 'road'}
 {'abbreviation': None, 'name': 'vs. Conf.', 'summary': '3-3', 'type': 'vsconf'}]",7,TRUE,3,"[{'abbreviation': 'Game', 'name': 'overall', 'summary': '16-1', 'type': 'total'}
 {'abbreviation': None, 'name': 'Home', 'summary': '7-0', 'type': 'home'}
 {'abbreviation': None, 'name': 'Road', 'summary': '4-0', 'type': 'road'}
 {'abbreviation': None, 'name': 'vs. Conf.', 'summary': '6-0', 'type': 'vsconf'}]",7,Big Ten,UCLA,MINN,2774ae,5e0a2f,f2a900,fab41c,MINN,5e0a2f,fab41c,UCLA,2774ae,f2a900,https://raw.githubusercontent.com/sportsdataverse/wehoop-wbb-raw/main/wbb/json/final/401825271.json,2026-01-15T01:00Z,TRUE,,
401827332,2026-01-15T00:30Z,Oklahoma State,Kansas,Away,W,85,76,https://a.espncdn.com/i/teamlogos/ncaa/500/197.png,https://a.espncdn.com/i/teamlogos/ncaa/500/2305.png,99,99,8,8,,,TRUE,1,,STATUS_FINAL,8,FALSE,99,"[{'abbreviation': 'Game', 'name': 'overall', 'summary': '11-7', 'type': 'total'}
 {'abbreviation': None, 'name': 'Home', 'summary': '7-3', 'type': 'home'}
 {'abbreviation': None, 'name': 'Road', 'summary': '3-2', 'type': 'road'}
 {'abbreviation': None, 'name': 'vs. Conf.', 'summary': '1-5', 'type': 'vsconf'}]",8,TRUE,99,"[{'abbreviation': 'Game', 'name': 'overall', 'summary': '15-4', 'type': 'total'}
 {'abbreviation': None, 'name': 'Home', 'summary': '10-1', 'type': 'home'}
 {'abbreviation': None, 'name': 'Road', 'summary': '3-2', 'type': 'road'}
 {'abbreviation': None, 'name': 'vs. Conf.', 'summary': '4-2', 'type': 'vsconf'}]",8,Big 12,OKST,KU,fe5c00,0051ba,0,e8000d,KU,0051ba,e8000d,OKST,fe5c00,0,https://raw.githubusercontent.com/sportsdataverse/wehoop-wbb-raw/main/wbb/json/final/401827332.json,2026-01-15T00:30Z,TRUE,,
401825272,2026-01-15T00:00Z,Washington,Indiana,Away,W,82,63,https://a.espncdn.com/i/teamlogos/ncaa/500/264.png,https://a.espncdn.com/i/teamlogos/ncaa/500/84.png,99,99,7,7,,,TRUE,1,,STATUS_FINAL,7,FALSE,99,"[{'abbreviation': 'Game', 'name': 'overall', 'summary': '11-8', 'type': 'total'}
 {'abbreviation': None, 'name': 'Home', 'summary': '8-4', 'type': 'home'}
 {'abbreviation': None, 'name': 'Road', 'summary': '2-3', 'type': 'road'}
 {'abbreviation': None, 'name': 'vs. Conf.', 'summary': '0-7', 'type': 'vsconf'}]",7,TRUE,99,"[{'abbreviation': 'Game', 'name': 'overall', 'summary': '13-4', 'type': 'total'}
 {'abbreviation': None, 'name': 'Home', 'summary': '10-1', 'type': 'home'}
 {'abbreviation': None, 'name': 'Road', 'summary': '3-3', 'type': 'road'}
 {'abbreviation': None, 'name': 'vs. Conf.', 'summary': '3-3', 'type': 'vsconf'}]",7,Big Ten,WASH,IU,33006f,970310,e8d3a2,ffffff,IU,970310,ffffff,WASH,33006f,e8d3a2,https://raw.githubusercontent.com/sportsdataverse/wehoop-wbb-raw/main/wbb/json/final/401825272.json,2026-01-15T00:00Z,TRUE,,
401829072,2026-01-15T00:00Z,Richmond,Dayton,Away,W,85,67,https://a.espncdn.com/i/teamlogos/ncaa/500/257.png,https://a.espncdn.com/i/teamlogos/ncaa/500/2168.png,99,99,3,3,,,TRUE,1,,STATUS_FINAL,3,FALSE,99,"[{'abbreviation': 'Game', 'name': 'overall', 'summary': '9-8', 'type': 'total'}
 {'abbreviation': None, 'name': 'Home', 'summary': '5-3', 'type': 'home'}
 {'abbreviation': None, 'name': 'Road', 'summary': '3-4', 'type': 'road'}
 {'abbreviation': None, 'name': 'vs. Conf.', 'summary': '2-4', 'type': 'vsconf'}]",3,TRUE,99,"[{'abbreviation': 'Game', 'name': 'overall', 'summary': '15-4', 'type': 'total'}
 {'abbreviation': None, 'name': 'Home', 'summary': '7-1', 'type': 'home'}
 {'abbreviation': None, 'name': 'Road', 'summary': '5-2', 'type': 'road'}
 {'abbreviation': None, 'name': 'vs. Conf.', 'summary': '5-1', 'type': 'vsconf'}]",3,A-10,RICH,DAY,9e0712,004B8D,b90b2e,ffffff,DAY,004B8D,ffffff,RICH,9e0712,b90b2e,https://raw.githubusercontent.com/sportsdataverse/wehoop-wbb-raw/main/wbb/json/final/401829072.json,2026-01-15T00:00Z,TRUE,,
401827334,2026-01-15T00:00Z,TCU,West Virginia,Away,W,51,50,https://a.espncdn.com/i/teamlogos/ncaa/500/2628.png,https://a.espncdn.com/i/teamlogos/ncaa/500/277.png,10,99,8,8,,,TRUE,1,,STATUS_FINAL,8,FALSE,99,"[{'abbreviation': 'Game', 'name': 'overall', 'summary': '14-4', 'type': 'total'}
 {'abbreviation': None, 'name': 'Home', 'summary': '8-3', 'type': 'home'}
 {'abbreviation': None, 'name': 'Road', 'summary': '4-0', 'type': 'road'}
 {'abbreviation': None, 'name': 'vs. Conf.', 'summary': '4-2', 'type': 'vsconf'}]",8,TRUE,10,"[{'abbreviation': 'Game', 'name': 'overall', 'summary': '17-1', 'type': 'total'}
 {'abbreviation': None, 'name': 'Home', 'summary': '12-0', 'type': 'home'}
 {'abbreviation': None, 'name': 'Road', 'summary': '3-1', 'type': 'road'}
 {'abbreviation': None, 'name': 'vs. Conf.', 'summary': '5-1', 'type': 'vsconf'}]",8,Big 12,TCU,WVU,4d1979,eaaa00,ffffff,2855,WVU,eaaa00,2855,TCU,4d1979,ffffff,https://raw.githubusercontent.com/sportsdataverse/wehoop-wbb-raw/main/wbb/json/final/401827334.json,2026-01-15T00:00Z,TRUE,,
401827334,2026-01-15T00:00Z,West Virginia,TCU,Home,L,50,51,https://a.espncdn.com/i/teamlogos/ncaa/500/277.png,https://a.espncdn.com/i/teamlogos/ncaa/500/2628.png,99,10,8,8,,,TRUE,1,,STATUS_FINAL,8,FALSE,99,"[{'abbreviation': 'Game', 'name': 'overall', 'summary': '14-4', 'type': 'total'}
 {'abbreviation': None, 'name': 'Home', 'summary': '8-3', 'type': 'home'}
 {'abbreviation': None, 'name': 'Road', 'summary': '4-0', 'type': 'road'}
 {'abbreviation': None, 'name': 'vs. Conf.', 'summary': '4-2', 'type': 'vsconf'}]",8,TRUE,10,"[{'abbreviation': 'Game', 'name': 'overall', 'summary': '17-1', 'type': 'total'}
 {'abbreviation': None, 'name': 'Home', 'summary': '12-0', 'type': 'home'}
 {'abbreviation': None, 'name': 'Road', 'summary': '3-1', 'type': 'road'}
 {'abbreviation': None, 'name': 'vs. Conf.', 'summary': '5-1', 'type': 'vsconf'}]",8,Big 12,WVU,TCU,eaaa00,4d1979,2855,ffffff,WVU,eaaa00,2855,TCU,4d1979,ffffff,https://raw.githubusercontent.com/sportsdataverse/wehoop-wbb-raw/main/wbb/json/final/401827334.json,2026-01-15T00:00Z,TRUE,,
401825270,2026-01-14T23:30Z,Ohio State,Penn State,Home,W,108,84,https://a.espncdn.com/i/teamlogos/ncaa/500/194.png,https://a.espncdn.com/i/teamlogos/ncaa/500/213.png,14,99,7,7,,,TRUE,1,,STATUS_FINAL,7,TRUE,14,"[{'abbreviation': 'Game', 'name': 'overall', 'summary': '16-2', 'type': 'total'}
 {'abbreviation': None, 'name': 'Home', 'summary': '10-1', 'type': 'home'}
 {'abbreviation': None, 'name': 'Road', 'summary': '4-1', 'type': 'road'}
 {'abbreviation': None, 'name': 'vs. Conf.', 'summary': '6-1', 'type': 'vsconf'}]",7,FALSE,99,"[{'abbreviation': 'Game', 'name': 'overall', 'summary': '7-11', 'type': 'total'}
 {'abbreviation': None, 'name': 'Home', 'summary': '4-5', 'type': 'home'}
 {'abbreviation': None, 'name': 'Road', 'summary': '1-4', 'type': 'road'}
 {'abbreviation': None, 'name': 'vs. Conf.', 'summary': '0-7', 'type': 'vsconf'}]",7,Big Ten,OSU,PSU,ba0c2f,61440,a8adb4,ffffff,OSU,ba0c2f,a8adb4,PSU,61440,ffffff,https://raw.githubusercontent.com/sportsdataverse/wehoop-wbb-raw/main/wbb/json/final/401825270.json,2026-01-14T23:30Z,TRUE,,
401829076,2026-01-14T23:00Z,Rhode Island,VCU,Away,W,46,41,https://a.espncdn.com/i/teamlogos/ncaa/500/227.png,https://a.espncdn.com/i/teamlogos/ncaa/500/2670.png,99,99,3,3,,,TRUE,1,,STATUS_FINAL,3,FALSE,99,"[{'abbreviation': 'Game', 'name': 'overall', 'summary': '6-12', 'type': 'total'}
 {'abbreviation': None, 'name': 'Home', 'summary': '5-2', 'type': 'home'}
 {'abbreviation': None, 'name': 'Road', 'summary': '1-4', 'type': 'road'}
 {'abbreviation': None, 'name': 'vs. Conf.', 'summary': '2-4', 'type': 'vsconf'}]",3,TRUE,99,"[{'abbreviation': 'Game', 'name': 'overall', 'summary': '15-2', 'type': 'total'}
 {'abbreviation': None, 'name': 'Home', 'summary': '7-1', 'type': 'home'}
 {'abbreviation': None, 'name': 'Road', 'summary': '8-1', 'type': 'road'}
 {'abbreviation': None, 'name': 'vs. Conf.', 'summary': '6-0', 'type': 'vsconf'}]",3,A-10,URI,VCU,091f3f,ffaf00,5ab3e8,0,VCU,ffaf00,0,URI,091f3f,5ab3e8,https://raw.githubusercontent.com/sportsdataverse/wehoop-wbb-raw/main/wbb/json/final/401829076.json,2026-01-14T23:00Z,TRUE,,
401813935,2026-01-14T16:00Z,Fairfield,Marist,Away,W,63,49,https://a.espncdn.com/i/teamlogos/ncaa/500/2217.png,https://a.espncdn.com/i/teamlogos/ncaa/500/2368.png,99,99,13,13,,,TRUE,1,,STATUS_FINAL,13,FALSE,99,"[{'abbreviation': 'Game', 'name': 'overall', 'summary': '6-11', 'type': 'total'}
 {'abbreviation': None, 'name': 'Home', 'summary': '4-5', 'type': 'home'}
 {'abbreviation': None, 'name': 'Road', 'summary': '2-4', 'type': 'road'}
 {'abbreviation': None, 'name': 'vs. Conf.', 'summary': '3-4', 'type': 'vsconf'}]",13,TRUE,99,"[{'abbreviation': 'Game', 'name': 'overall', 'summary': '13-3', 'type': 'total'}
 {'abbreviation': None, 'name': 'Home', 'summary': '6-0', 'type': 'home'}
 {'abbreviation': None, 'name': 'Road', 'summary': '6-2', 'type': 'road'}
 {'abbreviation': None, 'name': 'vs. Conf.', 'summary': '7-0', 'type': 'vsconf'}]",13,MAAC,FAIR,MRST,0,e53730,ebebeb,f0f0f0,MRST,e53730,f0f0f0,FAIR,0,ebebeb,https://raw.githubusercontent.com/sportsdataverse/wehoop-wbb-raw/main/wbb/json/final/401813935.json,2026-01-14T16:00Z,TRUE,,
401827329,2026-01-14T00:00Z,Texas Tech,Houston,Home,W,71,59,https://a.espncdn.com/i/teamlogos/ncaa/500/2641.png,https://a.espncdn.com/i/teamlogos/ncaa/500/248.png,17,99,8,8,,,TRUE,1,,STATUS_FINAL,8,TRUE,17,"[{'abbreviation': 'Game', 'name': 'overall', 'summary': '19-0', 'type': 'total'}
 {'abbreviation': None, 'name': 'Home', 'summary': '11-0', 'type': 'home'}
 {'abbreviation': None, 'name': 'Road', 'summary': '5-0', 'type': 'road'}
 {'abbreviation': None, 'name': 'vs. Conf.', 'summary': '6-0', 'type': 'vsconf'}]",8,FALSE,99,"[{'abbreviation': 'Game', 'name': 'overall', 'summary': '6-11', 'type': 'total'}
 {'abbreviation': None, 'name': 'Home', 'summary': '4-5', 'type': 'home'}
 {'abbreviation': None, 'name': 'Road', 'summary': '1-5', 'type': 'road'}
 {'abbreviation': None, 'name': 'vs. Conf.', 'summary': '0-6', 'type': 'vsconf'}]",8,Big 12,TTU,HOU,da291c,c8102e,0,ffffff,TTU,da291c,0,HOU,c8102e,ffffff,https://raw.githubusercontent.com/sportsdataverse/wehoop-wbb-raw/main/wbb/json/final/401827329.json,2026-01-14T00:00Z,TRUE,,
401807560,2026-01-13T00:00Z,Alabama,Missouri,Away,W,74,63,https://a.espncdn.com/i/teamlogos/ncaa/500/333.png,https://a.espncdn.com/i/teamlogos/ncaa/500/142.png,21,99,23,23,,,TRUE,1,We Back Pat,STATUS_FINAL,23,FALSE,99,"[{'abbreviation': 'Game', 'name': 'overall', 'summary': '12-7', 'type': 'total'}
 {'abbreviation': None, 'name': 'Home', 'summary': '7-4', 'type': 'home'}
 {'abbreviation': None, 'name': 'Road', 'summary': '2-2', 'type': 'road'}
 {'abbreviation': None, 'name': 'vs. Conf.', 'summary': '0-4', 'type': 'vsconf'}]",23,TRUE,21,"[{'abbreviation': 'Game', 'name': 'overall', 'summary': '17-1', 'type': 'total'}
 {'abbreviation': None, 'name': 'Home', 'summary': '14-0', 'type': 'home'}
 {'abbreviation': None, 'name': 'Road', 'summary': '1-1', 'type': 'road'}
 {'abbreviation': None, 'name': 'vs. Conf.', 'summary': '3-1', 'type': 'vsconf'}]",23,SEC,ALA,MIZ,9e1b32,f1b82d,ffffff,0,MIZ,f1b82d,0,ALA,9e1b32,ffffff,https://raw.githubusercontent.com/sportsdataverse/wehoop-wbb-raw/main/wbb/json/final/401807560.json,2026-01-13T00:00Z,TRUE,,
401825267,2026-01-12T00:00Z,Nebraska,UCLA,Home,L,61,83,https://a.espncdn.com/i/teamlogos/ncaa/500/158.png,https://a.espncdn.com/i/teamlogos/ncaa/500/26.png,25,4,7,7,,,TRUE,1,,STATUS_FINAL,7,FALSE,25,"[{'abbreviation': 'Game', 'name': 'overall', 'summary': '14-3', 'type': 'total'}
 {'abbreviation': None, 'name': 'Home', 'summary': '10-2', 'type': 'home'}
 {'abbreviation': None, 'name': 'Road', 'summary': '1-1', 'type': 'road'}
 {'abbreviation': None, 'name': 'vs. Conf.', 'summary': '3-3', 'type': 'vsconf'}]",7,TRUE,4,"[{'abbreviation': 'Game', 'name': 'overall', 'summary': '15-1', 'type': 'total'}
 {'abbreviation': None, 'name': 'Home', 'summary': '7-0', 'type': 'home'}
 {'abbreviation': None, 'name': 'Road', 'summary': '3-0', 'type': 'road'}
 {'abbreviation': None, 'name': 'vs. Conf.', 'summary': '5-0', 'type': 'vsconf'}]",7,Big Ten,NEB,UCLA,e31937,2774ae,ffffff,f2a900,NEB,e31937,ffffff,UCLA,2774ae,f2a900,https://raw.githubusercontent.com/sportsdataverse/wehoop-wbb-raw/main/wbb/json/final/401825267.json,2026-01-12T00:00Z,TRUE,,
401825267,2026-01-12T00:00Z,UCLA,Nebraska,Away,W,83,61,https://a.espncdn.com/i/teamlogos/ncaa/500/26.png,https://a.espncdn.com/i/teamlogos/ncaa/500/158.png,4,25,7,7,,,TRUE,1,,STATUS_FINAL,7,FALSE,25,"[{'abbreviation': 'Game', 'name': 'overall', 'summary': '14-3', 'type': 'total'}
 {'abbreviation': None, 'name': 'Home', 'summary': '10-2', 'type': 'home'}
 {'abbreviation': None, 'name': 'Road', 'summary': '1-1', 'type': 'road'}
 {'abbreviation': None, 'name': 'vs. Conf.', 'summary': '3-3', 'type': 'vsconf'}]",7,TRUE,4,"[{'abbreviation': 'Game', 'name': 'overall', 'summary': '15-1', 'type': 'total'}
 {'abbreviation': None, 'name': 'Home', 'summary': '7-0', 'type': 'home'}
 {'abbreviation': None, 'name': 'Road', 'summary': '3-0', 'type': 'road'}
 {'abbreviation': None, 'name': 'vs. Conf.', 'summary': '5-0', 'type': 'vsconf'}]",7,Big Ten,UCLA,NEB,2774ae,e31937,f2a900,ffffff,NEB,e31937,ffffff,UCLA,2774ae,f2a900,https://raw.githubusercontent.com/sportsdataverse/wehoop-wbb-raw/main/wbb/json/final/401825267.json,2026-01-12T00:00Z,TRUE,,
401819565,2026-01-11T23:00Z,NC State,SMU,Home,W,91,54,https://a.espncdn.com/i/teamlogos/ncaa/500/152.png,https://a.espncdn.com/i/teamlogos/ncaa/500/2567.png,99,99,2,2,,,TRUE,1,,STATUS_FINAL,2,TRUE,99,"[{'abbreviation': 'Game', 'name': 'overall', 'summary': '12-5', 'type': 'total'}
 {'abbreviation': None, 'name': 'Home', 'summary': '7-2', 'type': 'home'}
 {'abbreviation': None, 'name': 'Road', 'summary': '2-2', 'type': 'road'}
 {'abbreviation': None, 'name': 'vs. Conf.', 'summary': '5-1', 'type': 'vsconf'}]",2,FALSE,99,"[{'abbreviation': 'Game', 'name': 'overall', 'summary': '7-10', 'type': 'total'}
 {'abbreviation': None, 'name': 'Home', 'summary': '5-4', 'type': 'home'}
 {'abbreviation': None, 'name': 'Road', 'summary': '1-5', 'type': 'road'}
 {'abbreviation': None, 'name': 'vs. Conf.', 'summary': '0-5', 'type': 'vsconf'}]",2,ACC,NCSU,SMU,cc0000,a80000,ffffff,0033a1,NCSU,cc0000,ffffff,SMU,a80000,0033a1,https://raw.githubusercontent.com/sportsdataverse/wehoop-wbb-raw/main/wbb/json/final/401819565.json,2026-01-11T23:00Z,TRUE,,
401807559,2026-01-11T23:00Z,Ole Miss,Mississippi State,Home,W,93,68,https://a.espncdn.com/i/teamlogos/ncaa/500/145.png,https://a.espncdn.com/i/teamlogos/ncaa/500/344.png,18,99,23,23,,,TRUE,1,We Back Pat,STATUS_FINAL,23,TRUE,18,"[{'abbreviation': 'Game', 'name': 'overall', 'summary': '16-3', 'type': 'total'}
 {'abbreviation': None, 'name': 'Home', 'summary': '10-0', 'type': 'home'}
 {'abbreviation': None, 'name': 'Road', 'summary': '3-1', 'type': 'road'}
 {'abbreviation': None, 'name': 'vs. Conf.', 'summary': '3-1', 'type': 'vsconf'}]",23,FALSE,99,"[{'abbreviation': 'Game', 'name': 'overall', 'summary': '14-4', 'type': 'total'}
 {'abbreviation': None, 'name': 'Home', 'summary': '12-1', 'type': 'home'}
 {'abbreviation': None, 'name': 'Road', 'summary': '1-3', 'type': 'road'}
 {'abbreviation': None, 'name': 'vs. Conf.', 'summary': '1-3', 'type': 'vsconf'}]",23,SEC,MISS,MSST,13294b,5d1725,cf142b,c1c6c8,MISS,13294b,cf142b,MSST,5d1725,c1c6c8,https://raw.githubusercontent.com/sportsdataverse/wehoop-wbb-raw/main/wbb/json/final/401807559.json,2026-01-11T23:00Z,TRUE,,
401807559,2026-01-11T23:00Z,Mississippi State,Ole Miss,Away,L,68,93,https://a.espncdn.com/i/teamlogos/ncaa/500/344.png,https://a.espncdn.com/i/teamlogos/ncaa/500/145.png,99,18,23,23,,,TRUE,1,We Back Pat,STATUS_FINAL,23,TRUE,18,"[{'abbreviation': 'Game', 'name': 'overall', 'summary': '16-3', 'type': 'total'}
 {'abbreviation': None, 'name': 'Home', 'summary': '10-0', 'type': 'home'}
 {'abbreviation': None, 'name': 'Road', 'summary': '3-1', 'type': 'road'}
 {'abbreviation': None, 'name': 'vs. Conf.', 'summary': '3-1', 'type': 'vsconf'}]",23,FALSE,99,"[{'abbreviation': 'Game', 'name': 'overall', 'summary': '14-4', 'type': 'total'}
 {'abbreviation': None, 'name': 'Home', 'summary': '12-1', 'type': 'home'}
 {'abbreviation': None, 'name': 'Road', 'summary': '1-3', 'type': 'road'}
 {'abbreviation': None, 'name': 'vs. Conf.', 'summary': '1-3', 'type': 'vsconf'}]",23,SEC,MSST,MISS,5d1725,13294b,c1c6c8,cf142b,MISS,13294b,cf142b,MSST,5d1725,c1c6c8,https://raw.githubusercontent.com/sportsdataverse/wehoop-wbb-raw/main/wbb/json/final/401807559.json,2026-01-11T23:00Z,TRUE,,
401825262,2026-01-11T22:00Z,Iowa,Indiana,Away,W,56,53,https://a.espncdn.com/i/teamlogos/ncaa/500/2294.png,https://a.espncdn.com/i/teamlogos/ncaa/500/84.png,14,99,7,7,,,TRUE,1,,STATUS_FINAL,7,FALSE,99,"[{'abbreviation': 'Game', 'name': 'overall', 'summary': '11-7', 'type': 'total'}
 {'abbreviation': None, 'name': 'Home', 'summary': '8-3', 'type': 'home'}
 {'abbreviation': None, 'name': 'Road', 'summary': '2-3', 'type': 'road'}
 {'abbreviation': None, 'name': 'vs. Conf.', 'summary': '0-6', 'type': 'vsconf'}]",7,TRUE,14,"[{'abbreviation': 'Game', 'name': 'overall', 'summary': '14-2', 'type': 'total'}
 {'abbreviation': None, 'name': 'Home', 'summary': '8-0', 'type': 'home'}
 {'abbreviation': None, 'name': 'Road', 'summary': '4-1', 'type': 'road'}
 {'abbreviation': None, 'name': 'vs. Conf.', 'summary': '5-0', 'type': 'vsconf'}]",7,Big Ten,IOWA,IU,231f20,970310,fcd116,ffffff,IU,970310,ffffff,IOWA,231f20,fcd116,https://raw.githubusercontent.com/sportsdataverse/wehoop-wbb-raw/main/wbb/json/final/401825262.json,2026-01-11T22:00Z,TRUE,,
401825263,2026-01-11T22:00Z,Oregon,Michigan State,Home,L,81,85,https://a.espncdn.com/i/teamlogos/ncaa/500/2483.png,https://a.espncdn.com/i/teamlogos/ncaa/500/127.png,99,15,7,7,,,TRUE,1,,STATUS_FINAL,7,FALSE,99,"[{'abbreviation': 'Game', 'name': 'overall', 'summary': '14-4', 'type': 'total'}
 {'abbreviation': None, 'name': 'Home', 'summary': '9-2', 'type': 'home'}
 {'abbreviation': None, 'name': 'Road', 'summary': '3-1', 'type': 'road'}
 {'abbreviation': None, 'name': 'vs. Conf.', 'summary': '2-3', 'type': 'vsconf'}]",7,TRUE,15,"[{'abbreviation': 'Game', 'name': 'overall', 'summary': '16-1', 'type': 'total'}
 {'abbreviation': None, 'name': 'Home', 'summary': '8-0', 'type': 'home'}
 {'abbreviation': None, 'name': 'Road', 'summary': '4-1', 'type': 'road'}
 {'abbreviation': None, 'name': 'vs. Conf.', 'summary': '5-1', 'type': 'vsconf'}]",7,Big Ten,ORE,MSU,00934b,173f35,fff41b,ffffff,ORE,00934b,fff41b,MSU,173f35,ffffff,https://raw.githubusercontent.com/sportsdataverse/wehoop-wbb-raw/main/wbb/json/final/401825263.json,2026-01-11T22:00Z,TRUE,,
401819617,2026-01-11T22:00Z,Duke,Stanford,Away,W,67,60,https://a.espncdn.com/i/teamlogos/ncaa/500/150.png,https://a.espncdn.com/i/teamlogos/ncaa/500/24.png,99,99,2,2,,,TRUE,1,,STATUS_FINAL,2,FALSE,99,"[{'abbreviation': 'Game', 'name': 'overall', 'summary': '14-4', 'type': 'total'}
 {'abbreviation': None, 'name': 'Home', 'summary': '9-2', 'type': 'home'}
 {'abbreviation': None, 'name': 'Road', 'summary': '3-1', 'type': 'road'}
 {'abbreviation': None, 'name': 'vs. Conf.', 'summary': '3-2', 'type': 'vsconf'}]",2,TRUE,99,"[{'abbreviation': 'Game', 'name': 'overall', 'summary': '11-6', 'type': 'total'}
 {'abbreviation': None, 'name': 'Home', 'summary': '5-1', 'type': 'home'}
 {'abbreviation': None, 'name': 'Road', 'summary': '6-1', 'type': 'road'}
 {'abbreviation': None, 'name': 'vs. Conf.', 'summary': '6-0', 'type': 'vsconf'}]",2,ACC,DUKE,STAN,00539b,8c1515,ffffff,ffffff,STAN,8c1515,ffffff,DUKE,00539b,ffffff,https://raw.githubusercontent.com/sportsdataverse/wehoop-wbb-raw/main/wbb/json/final/401819617.json,2026-01-11T22:00Z,TRUE,,
401825263,2026-01-11T22:00Z,Michigan State,Oregon,Away,W,85,81,https://a.espncdn.com/i/teamlogos/ncaa/500/127.png,https://a.espncdn.com/i/teamlogos/ncaa/500/2483.png,15,99,7,7,,,TRUE,1,,STATUS_FINAL,7,FALSE,99,"[{'abbreviation': 'Game', 'name': 'overall', 'summary': '14-4', 'type': 'total'}
 {'abbreviation': None, 'name': 'Home', 'summary': '9-2', 'type': 'home'}
 {'abbreviation': None, 'name': 'Road', 'summary': '3-1', 'type': 'road'}
 {'abbreviation': None, 'name': 'vs. Conf.', 'summary': '2-3', 'type': 'vsconf'}]",7,TRUE,15,"[{'abbreviation': 'Game', 'name': 'overall', 'summary': '16-1', 'type': 'total'}
 {'abbreviation': None, 'name': 'Home', 'summary': '8-0', 'type': 'home'}
 {'abbreviation': None, 'name': 'Road', 'summary': '4-1', 'type': 'road'}
 {'abbreviation': None, 'name': 'vs. Conf.', 'summary': '5-1', 'type': 'vsconf'}]",7,Big Ten,MSU,ORE,173f35,00934b,ffffff,fff41b,ORE,00934b,fff41b,MSU,173f35,ffffff,https://raw.githubusercontent.com/sportsdataverse/wehoop-wbb-raw/main/wbb/json/final/401825263.json,2026-01-11T22:00Z,TRUE,,
401827328,2026-01-11T22:00Z,TCU,Arizona State,Home,W,77,46,https://a.espncdn.com/i/teamlogos/ncaa/500/2628.png,https://a.espncdn.com/i/teamlogos/ncaa/500/9.png,13,99,8,8,,,TRUE,1,,STATUS_FINAL,8,TRUE,13,"[{'abbreviation': 'Game', 'name': 'overall', 'summary': '16-1', 'type': 'total'}
 {'abbreviation': None, 'name': 'Home', 'summary': '12-0', 'type': 'home'}
 {'abbreviation': None, 'name': 'Road', 'summary': '2-1', 'type': 'road'}
 {'abbreviation': None, 'name': 'vs. Conf.', 'summary': '4-1', 'type': 'vsconf'}]",8,FALSE,99,"[{'abbreviation': 'Game', 'name': 'overall', 'summary': '16-2', 'type': 'total'}
 {'abbreviation': None, 'name': 'Home', 'summary': '10-0', 'type': 'home'}
 {'abbreviation': None, 'name': 'Road', 'summary': '6-2', 'type': 'road'}
 {'abbreviation': None, 'name': 'vs. Conf.', 'summary': '3-2', 'type': 'vsconf'}]",8,Big 12,TCU,ASU,4d1979,ffc627,ffffff,8c1d40,TCU,4d1979,ffffff,ASU,ffc627,8c1d40,https://raw.githubusercontent.com/sportsdataverse/wehoop-wbb-raw/main/wbb/json/final/401827328.json,2026-01-11T22:00Z,TRUE,,
401819617,2026-01-11T22:00Z,Stanford,Duke,Home,L,60,67,https://a.espncdn.com/i/teamlogos/ncaa/500/24.png,https://a.espncdn.com/i/teamlogos/ncaa/500/150.png,99,99,2,2,,,TRUE,1,,STATUS_FINAL,2,FALSE,99,"[{'abbreviation': 'Game', 'name': 'overall', 'summary': '14-4', 'type': 'total'}
 {'abbreviation': None, 'name': 'Home', 'summary': '9-2', 'type': 'home'}
 {'abbreviation': None, 'name': 'Road', 'summary': '3-1', 'type': 'road'}
 {'abbreviation': None, 'name': 'vs. Conf.', 'summary': '3-2', 'type': 'vsconf'}]",2,TRUE,99,"[{'abbreviation': 'Game', 'name': 'overall', 'summary': '11-6', 'type': 'total'}
 {'abbreviation': None, 'name': 'Home', 'summary': '5-1', 'type': 'home'}
 {'abbreviation': None, 'name': 'Road', 'summary': '6-1', 'type': 'road'}
 {'abbreviation': None, 'name': 'vs. Conf.', 'summary': '6-0', 'type': 'vsconf'}]",2,ACC,STAN,DUKE,8c1515,00539b,ffffff,ffffff,STAN,8c1515,ffffff,DUKE,00539b,ffffff,https://raw.githubusercontent.com/sportsdataverse/wehoop-wbb-raw/main/wbb/json/final/401819617.json,2026-01-11T22:00Z,TRUE,,
401807557,2026-01-11T21:00Z,Kentucky,Oklahoma,Home,W,63,57,https://a.espncdn.com/i/teamlogos/ncaa/500/96.png,https://a.espncdn.com/i/teamlogos/ncaa/500/201.png,6,5,23,23,,,TRUE,1,We Back Pat,STATUS_FINAL,23,TRUE,6,"[{'abbreviation': 'Game', 'name': 'overall', 'summary': '16-2', 'type': 'total'}
 {'abbreviation': None, 'name': 'Home', 'summary': '9-0', 'type': 'home'}
 {'abbreviation': None, 'name': 'Road', 'summary': '6-1', 'type': 'road'}
 {'abbreviation': None, 'name': 'vs. Conf.', 'summary': '3-1', 'type': 'vsconf'}]",23,FALSE,5,"[{'abbreviation': 'Game', 'name': 'overall', 'summary': '14-3', 'type': 'total'}
 {'abbreviation': None, 'name': 'Home', 'summary': '9-1', 'type': 'home'}
 {'abbreviation': None, 'name': 'Road', 'summary': '2-1', 'type': 'road'}
 {'abbreviation': None, 'name': 'vs. Conf.', 'summary': '2-2', 'type': 'vsconf'}]",23,SEC,UK,OU,0033a0,990000,ffffff,ffffff,UK,0033a0,ffffff,OU,990000,ffffff,https://raw.githubusercontent.com/sportsdataverse/wehoop-wbb-raw/main/wbb/json/final/401807557.json,2026-01-11T21:00Z,TRUE,,
401807557,2026-01-11T21:00Z,Oklahoma,Kentucky,Away,L,57,63,https://a.espncdn.com/i/teamlogos/ncaa/500/201.png,https://a.espncdn.com/i/teamlogos/ncaa/500/96.png,5,6,23,23,,,TRUE,1,We Back Pat,STATUS_FINAL,23,TRUE,6,"[{'abbreviation': 'Game', 'name': 'overall', 'summary': '16-2', 'type': 'total'}
 {'abbreviation': None, 'name': 'Home', 'summary': '9-0', 'type': 'home'}
 {'abbreviation': None, 'name': 'Road', 'summary': '6-1', 'type': 'road'}
 {'abbreviation': None, 'name': 'vs. Conf.', 'summary': '3-1', 'type': 'vsconf'}]",23,FALSE,5,"[{'abbreviation': 'Game', 'name': 'overall', 'summary': '14-3', 'type': 'total'}
 {'abbreviation': None, 'name': 'Home', 'summary': '9-1', 'type': 'home'}
 {'abbreviation': None, 'name': 'Road', 'summary': '2-1', 'type': 'road'}
 {'abbreviation': None, 'name': 'vs. Conf.', 'summary': '2-2', 'type': 'vsconf'}]",23,SEC,OU,UK,990000,0033a0,ffffff,ffffff,UK,0033a0,ffffff,OU,990000,ffffff,https://raw.githubusercontent.com/sportsdataverse/wehoop-wbb-raw/main/wbb/json/final/401807557.json,2026-01-11T21:00Z,TRUE,,
401825264,2026-01-11T21:00Z,Ohio State,Maryland,Away,W,89,76,https://a.espncdn.com/i/teamlogos/ncaa/500/194.png,https://a.espncdn.com/i/teamlogos/ncaa/500/120.png,19,8,7,7,,,TRUE,1,,STATUS_FINAL,7,FALSE,8,"[{'abbreviation': 'Game', 'name': 'overall', 'summary': '16-2', 'type': 'total'}
 {'abbreviation': None, 'name': 'Home', 'summary': '12-1', 'type': 'home'}
 {'abbreviation': None, 'name': 'Road', 'summary': '2-1', 'type': 'road'}
 {'abbreviation': None, 'name': 'vs. Conf.', 'summary': '4-2', 'type': 'vsconf'}]",7,TRUE,19,"[{'abbreviation': 'Game', 'name': 'overall', 'summary': '15-2', 'type': 'total'}
 {'abbreviation': None, 'name': 'Home', 'summary': '9-1', 'type': 'home'}
 {'abbreviation': None, 'name': 'Road', 'summary': '4-1', 'type': 'road'}
 {'abbreviation': None, 'name': 'vs. Conf.', 'summary': '5-1', 'type': 'vsconf'}]",7,Big Ten,OSU,MD,ba0c2f,ce1126,a8adb4,ffffff,MD,ce1126,ffffff,OSU,ba0c2f,a8adb4,https://raw.githubusercontent.com/sportsdataverse/wehoop-wbb-raw/main/wbb/json/final/401825264.json,2026-01-11T21:00Z,TRUE,,
401819590,2026-01-11T21:00Z,Clemson,Georgia Tech,Away,L,55,58,https://a.espncdn.com/i/teamlogos/ncaa/500/228.png,https://a.espncdn.com/i/teamlogos/ncaa/500/59.png,99,99,2,2,,,TRUE,1,,STATUS_FINAL,2,TRUE,99,"[{'abbreviation': 'Game', 'name': 'overall', 'summary': '8-10', 'type': 'total'}
 {'abbreviation': None, 'name': 'Home', 'summary': '7-3', 'type': 'home'}
 {'abbreviation': None, 'name': 'Road', 'summary': '1-5', 'type': 'road'}
 {'abbreviation': None, 'name': 'vs. Conf.', 'summary': '3-3', 'type': 'vsconf'}]",2,FALSE,99,"[{'abbreviation': 'Game', 'name': 'overall', 'summary': '12-6', 'type': 'total'}
 {'abbreviation': None, 'name': 'Home', 'summary': '6-1', 'type': 'home'}
 {'abbreviation': None, 'name': 'Road', 'summary': '5-4', 'type': 'road'}
 {'abbreviation': None, 'name': 'vs. Conf.', 'summary': '3-3', 'type': 'vsconf'}]",2,ACC,CLEM,GT,f56600,b3a369,ffffff,ffffff,GT,b3a369,ffffff,CLEM,f56600,ffffff,https://raw.githubusercontent.com/sportsdataverse/wehoop-wbb-raw/main/wbb/json/final/401819590.json,2026-01-11T21:00Z,TRUE,,
401825264,2026-01-11T21:00Z,Maryland,Ohio State,Home,L,76,89,https://a.espncdn.com/i/teamlogos/ncaa/500/120.png,https://a.espncdn.com/i/teamlogos/ncaa/500/194.png,8,19,7,7,,,TRUE,1,,STATUS_FINAL,7,FALSE,8,"[{'abbreviation': 'Game', 'name': 'overall', 'summary': '16-2', 'type': 'total'}
 {'abbreviation': None, 'name': 'Home', 'summary': '12-1', 'type': 'home'}
 {'abbreviation': None, 'name': 'Road', 'summary': '2-1', 'type': 'road'}
 {'abbreviation': None, 'name': 'vs. Conf.', 'summary': '4-2', 'type': 'vsconf'}]",7,TRUE,19,"[{'abbreviation': 'Game', 'name': 'overall', 'summary': '15-2', 'type': 'total'}
 {'abbreviation': None, 'name': 'Home', 'summary': '9-1', 'type': 'home'}
 {'abbreviation': None, 'name': 'Road', 'summary': '4-1', 'type': 'road'}
 {'abbreviation': None, 'name': 'vs. Conf.', 'summary': '5-1', 'type': 'vsconf'}]",7,Big Ten,MD,OSU,ce1126,ba0c2f,ffffff,a8adb4,MD,ce1126,ffffff,OSU,ba0c2f,a8adb4,https://raw.githubusercontent.com/sportsdataverse/wehoop-wbb-raw/main/wbb/json/final/401825264.json,2026-01-11T21:00Z,TRUE,,
401807555,2026-01-11T20:00Z,Florida,Auburn,Away,L,50,60,https://a.espncdn.com/i/teamlogos/ncaa/500/57.png,https://a.espncdn.com/i/teamlogos/ncaa/500/2.png,99,99,23,23,,,TRUE,1,,STATUS_FINAL,23,TRUE,99,"[{'abbreviation': 'Game', 'name': 'overall', 'summary': '12-6', 'type': 'total'}
 {'abbreviation': None, 'name': 'Home', 'summary': '8-2', 'type': 'home'}
 {'abbreviation': None, 'name': 'Road', 'summary': '2-4', 'type': 'road'}
 {'abbreviation': None, 'name': 'vs. Conf.', 'summary': '1-3', 'type': 'vsconf'}]",23,FALSE,99,"[{'abbreviation': 'Game', 'name': 'overall', 'summary': '12-7', 'type': 'total'}
 {'abbreviation': None, 'name': 'Home', 'summary': '9-3', 'type': 'home'}
 {'abbreviation': None, 'name': 'Road', 'summary': '1-4', 'type': 'road'}
 {'abbreviation': None, 'name': 'vs. Conf.', 'summary': '0-4', 'type': 'vsconf'}]",23,SEC,FLA,AUB,0021a5,002b5c,fa4616,f26522,AUB,002b5c,f26522,FLA,0021a5,fa4616,https://raw.githubusercontent.com/sportsdataverse/wehoop-wbb-raw/main/wbb/json/final/401807555.json,2026-01-11T20:00Z,TRUE,,
401825261,2026-01-11T20:00Z,Illinois,Penn State,Away,W,92,76,https://a.espncdn.com/i/teamlogos/ncaa/500/356.png,https://a.espncdn.com/i/teamlogos/ncaa/500/213.png,99,99,7,7,,,TRUE,1,,STATUS_FINAL,7,FALSE,99,"[{'abbreviation': 'Game', 'name': 'overall', 'summary': '7-10', 'type': 'total'}
 {'abbreviation': None, 'name': 'Home', 'summary': '4-5', 'type': 'home'}
 {'abbreviation': None, 'name': 'Road', 'summary': '1-3', 'type': 'road'}
 {'abbreviation': None, 'name': 'vs. Conf.', 'summary': '0-6', 'type': 'vsconf'}]",7,TRUE,99,"[{'abbreviation': 'Game', 'name': 'overall', 'summary': '14-3', 'type': 'total'}
 {'abbreviation': None, 'name': 'Home', 'summary': '10-1', 'type': 'home'}
 {'abbreviation': None, 'name': 'Road', 'summary': '4-2', 'type': 'road'}
 {'abbreviation': None, 'name': 'vs. Conf.', 'summary': '4-2', 'type': 'vsconf'}]",7,Big Ten,ILL,PSU,ff5f05,61440,13294b,ffffff,PSU,61440,ffffff,ILL,ff5f05,13294b,https://raw.githubusercontent.com/sportsdataverse/wehoop-wbb-raw/main/wbb/json/final/401825261.json,2026-01-11T20:00Z,TRUE,,
401825268,2026-01-11T20:00Z,USC,Minnesota,Away,L,62,63,https://a.espncdn.com/i/teamlogos/ncaa/500/30.png,https://a.espncdn.com/i/teamlogos/ncaa/500/135.png,21,99,7,7,,,TRUE,1,,STATUS_FINAL,7,TRUE,99,"[{'abbreviation': 'Game', 'name': 'overall', 'summary': '12-4', 'type': 'total'}
 {'abbreviation': None, 'name': 'Home', 'summary': '9-1', 'type': 'home'}
 {'abbreviation': None, 'name': 'Road', 'summary': '2-2', 'type': 'road'}
 {'abbreviation': None, 'name': 'vs. Conf.', 'summary': '3-2', 'type': 'vsconf'}]",7,FALSE,21,"[{'abbreviation': 'Game', 'name': 'overall', 'summary': '10-6', 'type': 'total'}
 {'abbreviation': None, 'name': 'Home', 'summary': '7-2', 'type': 'home'}
 {'abbreviation': None, 'name': 'Road', 'summary': '1-3', 'type': 'road'}
 {'abbreviation': None, 'name': 'vs. Conf.', 'summary': '2-3', 'type': 'vsconf'}]",7,Big Ten,USC,MINN,9d2235,5e0a2f,ffc72c,fab41c,MINN,5e0a2f,fab41c,USC,9d2235,ffc72c,https://raw.githubusercontent.com/sportsdataverse/wehoop-wbb-raw/main/wbb/json/final/401825268.json,2026-01-11T20:00Z,TRUE,,
401807553,2026-01-11T20:00Z,Vanderbilt,Texas A&M,Away,W,91,51,https://a.espncdn.com/i/teamlogos/ncaa/500/238.png,https://a.espncdn.com/i/teamlogos/ncaa/500/245.png,7,99,23,23,,,TRUE,1,,STATUS_FINAL,23,FALSE,99,"[{'abbreviation': 'Game', 'name': 'overall', 'summary': '8-5', 'type': 'total'}
 {'abbreviation': None, 'name': 'Home', 'summary': '4-3', 'type': 'home'}
 {'abbreviation': None, 'name': 'Road', 'summary': '2-1', 'type': 'road'}
 {'abbreviation': None, 'name': 'vs. Conf.', 'summary': '1-3', 'type': 'vsconf'}]",23,TRUE,7,"[{'abbreviation': 'Game', 'name': 'overall', 'summary': '17-0', 'type': 'total'}
 {'abbreviation': None, 'name': 'Home', 'summary': '10-0', 'type': 'home'}
 {'abbreviation': None, 'name': 'Road', 'summary': '4-0', 'type': 'road'}
 {'abbreviation': None, 'name': 'vs. Conf.', 'summary': '4-0', 'type': 'vsconf'}]",23,SEC,VAN,TA&M,0,500000,cfae70,ffffff,TA&M,500000,ffffff,VAN,0,cfae70,https://raw.githubusercontent.com/sportsdataverse/wehoop-wbb-raw/main/wbb/json/final/401807553.json,2026-01-11T20:00Z,TRUE,,
401827326,2026-01-11T20:00Z,West Virginia,Iowa State,Away,W,83,70,https://a.espncdn.com/i/teamlogos/ncaa/500/277.png,https://a.espncdn.com/i/teamlogos/ncaa/500/66.png,99,11,8,8,,,TRUE,1,,STATUS_FINAL,8,FALSE,11,"[{'abbreviation': 'Game', 'name': 'overall', 'summary': '14-3', 'type': 'total'}
 {'abbreviation': None, 'name': 'Home', 'summary': '10-2', 'type': 'home'}
 {'abbreviation': None, 'name': 'Road', 'summary': '2-1', 'type': 'road'}
 {'abbreviation': None, 'name': 'vs. Conf.', 'summary': '2-3', 'type': 'vsconf'}]",8,TRUE,99,"[{'abbreviation': 'Game', 'name': 'overall', 'summary': '14-3', 'type': 'total'}
 {'abbreviation': None, 'name': 'Home', 'summary': '8-2', 'type': 'home'}
 {'abbreviation': None, 'name': 'Road', 'summary': '4-0', 'type': 'road'}
 {'abbreviation': None, 'name': 'vs. Conf.', 'summary': '4-1', 'type': 'vsconf'}]",8,Big 12,WVU,ISU,eaaa00,ae192d,2855,ffc72a,ISU,ae192d,ffc72a,WVU,eaaa00,2855,https://raw.githubusercontent.com/sportsdataverse/wehoop-wbb-raw/main/wbb/json/final/401827326.json,2026-01-11T20:00Z,TRUE,,
401807558,2026-01-11T20:00Z,Texas,LSU,Away,L,65,70,https://a.espncdn.com/i/teamlogos/ncaa/500/251.png,https://a.espncdn.com/i/teamlogos/ncaa/500/99.png,2,12,23,23,,,TRUE,1,We Back Pat,STATUS_FINAL,23,TRUE,12,"[{'abbreviation': 'Game', 'name': 'overall', 'summary': '16-2', 'type': 'total'}
 {'abbreviation': None, 'name': 'Home', 'summary': '8-1', 'type': 'home'}
 {'abbreviation': None, 'name': 'Road', 'summary': '5-1', 'type': 'road'}
 {'abbreviation': None, 'name': 'vs. Conf.', 'summary': '2-2', 'type': 'vsconf'}]",23,FALSE,2,"[{'abbreviation': 'Game', 'name': 'overall', 'summary': '18-1', 'type': 'total'}
 {'abbreviation': None, 'name': 'Home', 'summary': '12-0', 'type': 'home'}
 {'abbreviation': None, 'name': 'Road', 'summary': '3-1', 'type': 'road'}
 {'abbreviation': None, 'name': 'vs. Conf.', 'summary': '3-1', 'type': 'vsconf'}]",23,SEC,TEX,LSU,af5c37,461d76,ffffff,fdd023,LSU,461d76,fdd023,TEX,af5c37,ffffff,https://raw.githubusercontent.com/sportsdataverse/wehoop-wbb-raw/main/wbb/json/final/401807558.json,2026-01-11T20:00Z,TRUE,,
401827326,2026-01-11T20:00Z,Iowa State,West Virginia,Home,L,70,83,https://a.espncdn.com/i/teamlogos/ncaa/500/66.png,https://a.espncdn.com/i/teamlogos/ncaa/500/277.png,11,99,8,8,,,TRUE,1,,STATUS_FINAL,8,FALSE,11,"[{'abbreviation': 'Game', 'name': 'overall', 'summary': '14-3', 'type': 'total'}
 {'abbreviation': None, 'name': 'Home', 'summary': '10-2', 'type': 'home'}
 {'abbreviation': None, 'name': 'Road', 'summary': '2-1', 'type': 'road'}
 {'abbreviation': None, 'name': 'vs. Conf.', 'summary': '2-3', 'type': 'vsconf'}]",8,TRUE,99,"[{'abbreviation': 'Game', 'name': 'overall', 'summary': '14-3', 'type': 'total'}
 {'abbreviation': None, 'name': 'Home', 'summary': '8-2', 'type': 'home'}
 {'abbreviation': None, 'name': 'Road', 'summary': '4-0', 'type': 'road'}
 {'abbreviation': None, 'name': 'vs. Conf.', 'summary': '4-1', 'type': 'vsconf'}]",8,Big 12,ISU,WVU,ae192d,eaaa00,ffc72a,2855,ISU,ae192d,ffc72a,WVU,eaaa00,2855,https://raw.githubusercontent.com/sportsdataverse/wehoop-wbb-raw/main/wbb/json/final/401827326.json,2026-01-11T20:00Z,TRUE,,
401807558,2026-01-11T20:00Z,LSU,Texas,Home,W,70,65,https://a.espncdn.com/i/teamlogos/ncaa/500/99.png,https://a.espncdn.com/i/teamlogos/ncaa/500/251.png,12,2,23,23,,,TRUE,1,We Back Pat,STATUS_FINAL,23,TRUE,12,"[{'abbreviation': 'Game', 'name': 'overall', 'summary': '16-2', 'type': 'total'}
 {'abbreviation': None, 'name': 'Home', 'summary': '8-1', 'type': 'home'}
 {'abbreviation': None, 'name': 'Road', 'summary': '5-1', 'type': 'road'}
 {'abbreviation': None, 'name': 'vs. Conf.', 'summary': '2-2', 'type': 'vsconf'}]",23,FALSE,2,"[{'abbreviation': 'Game', 'name': 'overall', 'summary': '18-1', 'type': 'total'}
 {'abbreviation': None, 'name': 'Home', 'summary': '12-0', 'type': 'home'}
 {'abbreviation': None, 'name': 'Road', 'summary': '3-1', 'type': 'road'}
 {'abbreviation': None, 'name': 'vs. Conf.', 'summary': '3-1', 'type': 'vsconf'}]",23,SEC,LSU,TEX,461d76,af5c37,fdd023,ffffff,LSU,461d76,fdd023,TEX,af5c37,ffffff,https://raw.githubusercontent.com/sportsdataverse/wehoop-wbb-raw/main/wbb/json/final/401807558.json,2026-01-11T20:00Z,TRUE,,
401827325,2026-01-11T20:00Z,Baylor,Kansas,Home,W,79,64,https://a.espncdn.com/i/teamlogos/ncaa/500/239.png,https://a.espncdn.com/i/teamlogos/ncaa/500/2305.png,16,99,8,8,,,TRUE,1,,STATUS_FINAL,8,TRUE,16,"[{'abbreviation': 'Game', 'name': 'overall', 'summary': '15-3', 'type': 'total'}
 {'abbreviation': None, 'name': 'Home', 'summary': '10-1', 'type': 'home'}
 {'abbreviation': None, 'name': 'Road', 'summary': '3-0', 'type': 'road'}
 {'abbreviation': None, 'name': 'vs. Conf.', 'summary': '4-1', 'type': 'vsconf'}]",8,FALSE,99,"[{'abbreviation': 'Game', 'name': 'overall', 'summary': '11-6', 'type': 'total'}
 {'abbreviation': None, 'name': 'Home', 'summary': '7-2', 'type': 'home'}
 {'abbreviation': None, 'name': 'Road', 'summary': '3-2', 'type': 'road'}
 {'abbreviation': None, 'name': 'vs. Conf.', 'summary': '1-4', 'type': 'vsconf'}]",8,Big 12,BAY,KU,154734,0051ba,ffb81c,e8000d,BAY,154734,ffb81c,KU,0051ba,e8000d,https://raw.githubusercontent.com/sportsdataverse/wehoop-wbb-raw/main/wbb/json/final/401827325.json,2026-01-11T20:00Z,TRUE,,
401825268,2026-01-11T20:00Z,Minnesota,USC,Home,W,63,62,https://a.espncdn.com/i/teamlogos/ncaa/500/135.png,https://a.espncdn.com/i/teamlogos/ncaa/500/30.png,99,21,7,7,,,TRUE,1,,STATUS_FINAL,7,TRUE,99,"[{'abbreviation': 'Game', 'name': 'overall', 'summary': '12-4', 'type': 'total'}
 {'abbreviation': None, 'name': 'Home', 'summary': '9-1', 'type': 'home'}
 {'abbreviation': None, 'name': 'Road', 'summary': '2-2', 'type': 'road'}
 {'abbreviation': None, 'name': 'vs. Conf.', 'summary': '3-2', 'type': 'vsconf'}]",7,FALSE,21,"[{'abbreviation': 'Game', 'name': 'overall', 'summary': '10-6', 'type': 'total'}
 {'abbreviation': None, 'name': 'Home', 'summary': '7-2', 'type': 'home'}
 {'abbreviation': None, 'name': 'Road', 'summary': '1-3', 'type': 'road'}
 {'abbreviation': None, 'name': 'vs. Conf.', 'summary': '2-3', 'type': 'vsconf'}]",7,Big Ten,MINN,USC,5e0a2f,9d2235,fab41c,ffc72c,MINN,5e0a2f,fab41c,USC,9d2235,ffc72c,https://raw.githubusercontent.com/sportsdataverse/wehoop-wbb-raw/main/wbb/json/final/401825268.json,2026-01-11T20:00Z,TRUE,,
401807554,2026-01-11T19:00Z,Tennessee,Arkansas,Home,W,85,50,https://a.espncdn.com/i/teamlogos/ncaa/500/2633_ncw.png,https://a.espncdn.com/i/teamlogos/ncaa/500/8.png,20,99,23,23,,,TRUE,1,,STATUS_FINAL,23,TRUE,20,"[{'abbreviation': 'Game', 'name': 'overall', 'summary': '12-3', 'type': 'total'}
 {'abbreviation': None, 'name': 'Home', 'summary': '7-0', 'type': 'home'}
 {'abbreviation': None, 'name': 'Road', 'summary': '5-1', 'type': 'road'}
 {'abbreviation': None, 'name': 'vs. Conf.', 'summary': '4-0', 'type': 'vsconf'}]",23,FALSE,99,"[{'abbreviation': 'Game', 'name': 'overall', 'summary': '11-8', 'type': 'total'}
 {'abbreviation': None, 'name': 'Home', 'summary': '8-4', 'type': 'home'}
 {'abbreviation': None, 'name': 'Road', 'summary': '1-4', 'type': 'road'}
 {'abbreviation': None, 'name': 'vs. Conf.', 'summary': '0-4', 'type': 'vsconf'}]",23,SEC,TENN,ARK,ff8200,a32136,ffffff,ffffff,TENN,ff8200,ffffff,ARK,a32136,ffffff,https://raw.githubusercontent.com/sportsdataverse/wehoop-wbb-raw/main/wbb/json/final/401807554.json,2026-01-11T19:00Z,TRUE,,
401819663,2026-01-11T19:00Z,Louisville,Pittsburgh,Home,W,86,46,https://a.espncdn.com/i/teamlogos/ncaa/500/97.png,https://a.espncdn.com/i/teamlogos/ncaa/500/221.png,10,99,2,2,,,TRUE,1,,STATUS_FINAL,2,TRUE,10,"[{'abbreviation': 'Game', 'name': 'overall', 'summary': '16-3', 'type': 'total'}
 {'abbreviation': None, 'name': 'Home', 'summary': '11-2', 'type': 'home'}
 {'abbreviation': None, 'name': 'Road', 'summary': '3-0', 'type': 'road'}
 {'abbreviation': None, 'name': 'vs. Conf.', 'summary': '6-0', 'type': 'vsconf'}]",2,FALSE,99,"[{'abbreviation': 'Game', 'name': 'overall', 'summary': '8-10', 'type': 'total'}
 {'abbreviation': None, 'name': 'Home', 'summary': '6-4', 'type': 'home'}
 {'abbreviation': None, 'name': 'Road', 'summary': '1-5', 'type': 'road'}
 {'abbreviation': None, 'name': 'vs. Conf.', 'summary': '1-4', 'type': 'vsconf'}]",2,ACC,LOU,PITT,c9001f,3594,ffffff,ffb81c,LOU,c9001f,ffffff,PITT,3594,ffb81c,https://raw.githubusercontent.com/sportsdataverse/wehoop-wbb-raw/main/wbb/json/final/401819663.json,2026-01-11T19:00Z,TRUE,,
401825269,2026-01-11T19:00Z,Washington,Purdue,Away,L,72,78,https://a.espncdn.com/i/teamlogos/ncaa/500/264.png,https://a.espncdn.com/i/teamlogos/ncaa/500/2509.png,23,99,7,7,,,TRUE,1,,STATUS_FINAL,7,TRUE,99,"[{'abbreviation': 'Game', 'name': 'overall', 'summary': '10-7', 'type': 'total'}
 {'abbreviation': None, 'name': 'Home', 'summary': '9-2', 'type': 'home'}
 {'abbreviation': None, 'name': 'Road', 'summary': '1-5', 'type': 'road'}
 {'abbreviation': None, 'name': 'vs. Conf.', 'summary': '2-4', 'type': 'vsconf'}]",7,FALSE,23,"[{'abbreviation': 'Game', 'name': 'overall', 'summary': '12-4', 'type': 'total'}
 {'abbreviation': None, 'name': 'Home', 'summary': '10-1', 'type': 'home'}
 {'abbreviation': None, 'name': 'Road', 'summary': '2-3', 'type': 'road'}
 {'abbreviation': None, 'name': 'vs. Conf.', 'summary': '2-3', 'type': 'vsconf'}]",7,Big Ten,WASH,PUR,33006f,ceb888,e8d3a2,0,PUR,ceb888,0,WASH,33006f,e8d3a2,https://raw.githubusercontent.com/sportsdataverse/wehoop-wbb-raw/main/wbb/json/final/401825269.json,2026-01-11T19:00Z,TRUE,,
401827327,2026-01-11T19:00Z,Colorado,Oklahoma State,Away,L,56,63,https://a.espncdn.com/i/teamlogos/ncaa/500/38.png,https://a.espncdn.com/i/teamlogos/ncaa/500/197.png,99,99,8,8,,,TRUE,1,,STATUS_FINAL,8,TRUE,99,"[{'abbreviation': 'Game', 'name': 'overall', 'summary': '14-4', 'type': 'total'}
 {'abbreviation': None, 'name': 'Home', 'summary': '10-1', 'type': 'home'}
 {'abbreviation': None, 'name': 'Road', 'summary': '2-2', 'type': 'road'}
 {'abbreviation': None, 'name': 'vs. Conf.', 'summary': '3-2', 'type': 'vsconf'}]",8,FALSE,99,"[{'abbreviation': 'Game', 'name': 'overall', 'summary': '11-6', 'type': 'total'}
 {'abbreviation': None, 'name': 'Home', 'summary': '9-1', 'type': 'home'}
 {'abbreviation': None, 'name': 'Road', 'summary': '0-4', 'type': 'road'}
 {'abbreviation': None, 'name': 'vs. Conf.', 'summary': '2-3', 'type': 'vsconf'}]",8,Big 12,COLO,OKST,cfb87c,fe5c00,0,0,OKST,fe5c00,0,COLO,cfb87c,0,https://raw.githubusercontent.com/sportsdataverse/wehoop-wbb-raw/main/wbb/json/final/401827327.json,2026-01-11T19:00Z,TRUE,,
401825266,2026-01-11T19:00Z,Michigan,Wisconsin,Home,W,86,60,https://a.espncdn.com/i/teamlogos/ncaa/500/130.png,https://a.espncdn.com/i/teamlogos/ncaa/500/275.png,9,99,7,7,,,TRUE,1,,STATUS_FINAL,7,TRUE,9,"[{'abbreviation': 'Game', 'name': 'overall', 'summary': '14-2', 'type': 'total'}
 {'abbreviation': None, 'name': 'Home', 'summary': '9-0', 'type': 'home'}
 {'abbreviation': None, 'name': 'Road', 'summary': '3-1', 'type': 'road'}
 {'abbreviation': None, 'name': 'vs. Conf.', 'summary': '5-1', 'type': 'vsconf'}]",7,FALSE,99,"[{'abbreviation': 'Game', 'name': 'overall', 'summary': '11-6', 'type': 'total'}
 {'abbreviation': None, 'name': 'Home', 'summary': '9-1', 'type': 'home'}
 {'abbreviation': None, 'name': 'Road', 'summary': '2-3', 'type': 'road'}
 {'abbreviation': None, 'name': 'vs. Conf.', 'summary': '3-3', 'type': 'vsconf'}]",7,Big Ten,MICH,WIS,00274c,a00000,ffcb05,ffffff,MICH,00274c,ffcb05,WIS,a00000,ffffff,https://raw.githubusercontent.com/sportsdataverse/wehoop-wbb-raw/main/wbb/json/final/401825266.json,2026-01-11T19:00Z,TRUE,,
401807556,2026-01-11T19:00Z,South Carolina,Georgia,Home,W,65,43,https://a.espncdn.com/i/teamlogos/ncaa/500/2579.png,https://a.espncdn.com/i/teamlogos/ncaa/500/61.png,3,99,23,23,,,TRUE,1,We Back Pat,STATUS_FINAL,23,TRUE,3,"[{'abbreviation': 'Game', 'name': 'overall', 'summary': '17-1', 'type': 'total'}
 {'abbreviation': None, 'name': 'Home', 'summary': '10-0', 'type': 'home'}
 {'abbreviation': None, 'name': 'Road', 'summary': '5-0', 'type': 'road'}
 {'abbreviation': None, 'name': 'vs. Conf.', 'summary': '4-0', 'type': 'vsconf'}]",23,FALSE,99,"[{'abbreviation': 'Game', 'name': 'overall', 'summary': '15-3', 'type': 'total'}
 {'abbreviation': None, 'name': 'Home', 'summary': '9-1', 'type': 'home'}
 {'abbreviation': None, 'name': 'Road', 'summary': '2-2', 'type': 'road'}
 {'abbreviation': None, 'name': 'vs. Conf.', 'summary': '1-3', 'type': 'vsconf'}]",23,SEC,SC,UGA,73000a,ba0c2f,0,2c2a29,SC,73000a,0,UGA,ba0c2f,2c2a29,https://raw.githubusercontent.com/sportsdataverse/wehoop-wbb-raw/main/wbb/json/final/401807556.json,2026-01-11T19:00Z,TRUE,,
401819664,2026-01-11T19:00Z,Syracuse,Virginia,Away,W,79,60,https://a.espncdn.com/i/teamlogos/ncaa/500/183.png,https://a.espncdn.com/i/teamlogos/ncaa/500/258.png,99,99,2,2,,,TRUE,1,,STATUS_FINAL,2,FALSE,99,"[{'abbreviation': 'Game', 'name': 'overall', 'summary': '13-4', 'type': 'total'}
 {'abbreviation': None, 'name': 'Home', 'summary': '9-2', 'type': 'home'}
 {'abbreviation': None, 'name': 'Road', 'summary': '3-1', 'type': 'road'}
 {'abbreviation': None, 'name': 'vs. Conf.', 'summary': '5-1', 'type': 'vsconf'}]",2,TRUE,99,"[{'abbreviation': 'Game', 'name': 'overall', 'summary': '14-3', 'type': 'total'}
 {'abbreviation': None, 'name': 'Home', 'summary': '10-2', 'type': 'home'}
 {'abbreviation': None, 'name': 'Road', 'summary': '3-0', 'type': 'road'}
 {'abbreviation': None, 'name': 'vs. Conf.', 'summary': '4-2', 'type': 'vsconf'}]",2,ACC,SYR,UVA,0.00E+00,f84c1e,ff431b,232d4b,UVA,f84c1e,232d4b,SYR,0.00E+00,ff431b,https://raw.githubusercontent.com/sportsdataverse/wehoop-wbb-raw/main/wbb/json/final/401819664.json,2026-01-11T19:00Z,TRUE,,
401825635,2026-01-11T19:00Z,UConn,Creighton,Away,W,95,54,https://a.espncdn.com/i/teamlogos/ncaa/500/41.png,https://a.espncdn.com/i/teamlogos/ncaa/500/156.png,1,99,4,4,,,TRUE,1,,STATUS_FINAL,4,FALSE,99,"[{'abbreviation': 'Game', 'name': 'overall', 'summary': '7-10', 'type': 'total'}
 {'abbreviation': None, 'name': 'Home', 'summary': '3-5', 'type': 'home'}
 {'abbreviation': None, 'name': 'Road', 'summary': '3-5', 'type': 'road'}
 {'abbreviation': None, 'name': 'vs. Conf.', 'summary': '3-5', 'type': 'vsconf'}]",4,TRUE,1,"[{'abbreviation': 'Game', 'name': 'overall', 'summary': '17-0', 'type': 'total'}
 {'abbreviation': None, 'name': 'Home', 'summary': '7-0', 'type': 'home'}
 {'abbreviation': None, 'name': 'Road', 'summary': '6-0', 'type': 'road'}
 {'abbreviation': None, 'name': 'vs. Conf.', 'summary': '8-0', 'type': 'vsconf'}]",4,Big East,CONN,CREI,0c2340,005ca9,a2aaad,6cadde,CREI,005ca9,6cadde,CONN,0c2340,a2aaad,https://raw.githubusercontent.com/sportsdataverse/wehoop-wbb-raw/main/wbb/json/final/401825635.json,2026-01-11T19:00Z,TRUE,,
401827327,2026-01-11T19:00Z,Oklahoma State,Colorado,Home,W,63,56,https://a.espncdn.com/i/teamlogos/ncaa/500/197.png,https://a.espncdn.com/i/teamlogos/ncaa/500/38.png,99,99,8,8,,,TRUE,1,,STATUS_FINAL,8,TRUE,99,"[{'abbreviation': 'Game', 'name': 'overall', 'summary': '14-4', 'type': 'total'}
 {'abbreviation': None, 'name': 'Home', 'summary': '10-1', 'type': 'home'}
 {'abbreviation': None, 'name': 'Road', 'summary': '2-2', 'type': 'road'}
 {'abbreviation': None, 'name': 'vs. Conf.', 'summary': '3-2', 'type': 'vsconf'}]",8,FALSE,99,"[{'abbreviation': 'Game', 'name': 'overall', 'summary': '11-6', 'type': 'total'}
 {'abbreviation': None, 'name': 'Home', 'summary': '9-1', 'type': 'home'}
 {'abbreviation': None, 'name': 'Road', 'summary': '0-4', 'type': 'road'}
 {'abbreviation': None, 'name': 'vs. Conf.', 'summary': '2-3', 'type': 'vsconf'}]",8,Big 12,OKST,COLO,fe5c00,cfb87c,0,0,OKST,fe5c00,0,COLO,cfb87c,0,https://raw.githubusercontent.com/sportsdataverse/wehoop-wbb-raw/main/wbb/json/final/401827327.json,2026-01-11T19:00Z,TRUE,,
401819664,2026-01-11T19:00Z,Virginia,Syracuse,Home,L,60,79,https://a.espncdn.com/i/teamlogos/ncaa/500/258.png,https://a.espncdn.com/i/teamlogos/ncaa/500/183.png,99,99,2,2,,,TRUE,1,,STATUS_FINAL,2,FALSE,99,"[{'abbreviation': 'Game', 'name': 'overall', 'summary': '13-4', 'type': 'total'}
 {'abbreviation': None, 'name': 'Home', 'summary': '9-2', 'type': 'home'}
 {'abbreviation': None, 'name': 'Road', 'summary': '3-1', 'type': 'road'}
 {'abbreviation': None, 'name': 'vs. Conf.', 'summary': '5-1', 'type': 'vsconf'}]",2,TRUE,99,"[{'abbreviation': 'Game', 'name': 'overall', 'summary': '14-3', 'type': 'total'}
 {'abbreviation': None, 'name': 'Home', 'summary': '10-2', 'type': 'home'}
 {'abbreviation': None, 'name': 'Road', 'summary': '3-0', 'type': 'road'}
 {'abbreviation': None, 'name': 'vs. Conf.', 'summary': '4-2', 'type': 'vsconf'}]",2,ACC,UVA,SYR,f84c1e,0.00E+00,232d4b,ff431b,UVA,f84c1e,232d4b,SYR,0.00E+00,ff431b,https://raw.githubusercontent.com/sportsdataverse/wehoop-wbb-raw/main/wbb/json/final/401819664.json,2026-01-11T19:00Z,TRUE,,
401807556,2026-01-11T19:00Z,Georgia,South Carolina,Away,L,43,65,https://a.espncdn.com/i/teamlogos/ncaa/500/61.png,https://a.espncdn.com/i/teamlogos/ncaa/500/2579.png,99,3,23,23,,,TRUE,1,We Back Pat,STATUS_FINAL,23,TRUE,3,"[{'abbreviation': 'Game', 'name': 'overall', 'summary': '17-1', 'type': 'total'}
 {'abbreviation': None, 'name': 'Home', 'summary': '10-0', 'type': 'home'}
 {'abbreviation': None, 'name': 'Road', 'summary': '5-0', 'type': 'road'}
 {'abbreviation': None, 'name': 'vs. Conf.', 'summary': '4-0', 'type': 'vsconf'}]",23,FALSE,99,"[{'abbreviation': 'Game', 'name': 'overall', 'summary': '15-3', 'type': 'total'}
 {'abbreviation': None, 'name': 'Home', 'summary': '9-1', 'type': 'home'}
 {'abbreviation': None, 'name': 'Road', 'summary': '2-2', 'type': 'road'}
 {'abbreviation': None, 'name': 'vs. Conf.', 'summary': '1-3', 'type': 'vsconf'}]",23,SEC,UGA,SC,ba0c2f,73000a,2c2a29,0,SC,73000a,0,UGA,ba0c2f,2c2a29,https://raw.githubusercontent.com/sportsdataverse/wehoop-wbb-raw/main/wbb/json/final/401807556.json,2026-01-11T19:00Z,TRUE,,
401819662,2026-01-11T18:00Z,Notre Dame,UNC,Home,W,73,50,https://a.espncdn.com/i/teamlogos/ncaa/500/87.png,https://a.espncdn.com/i/teamlogos/ncaa/500/153.png,99,22,2,2,,,TRUE,1,,STATUS_FINAL,2,TRUE,99,"[{'abbreviation': 'Game', 'name': 'overall', 'summary': '12-4', 'type': 'total'}
 {'abbreviation': None, 'name': 'Home', 'summary': '10-0', 'type': 'home'}
 {'abbreviation': None, 'name': 'Road', 'summary': '2-3', 'type': 'road'}
 {'abbreviation': None, 'name': 'vs. Conf.', 'summary': '4-2', 'type': 'vsconf'}]",2,FALSE,22,"[{'abbreviation': 'Game', 'name': 'overall', 'summary': '13-5', 'type': 'total'}
 {'abbreviation': None, 'name': 'Home', 'summary': '7-2', 'type': 'home'}
 {'abbreviation': None, 'name': 'Road', 'summary': '2-2', 'type': 'road'}
 {'abbreviation': None, 'name': 'vs. Conf.', 'summary': '2-3', 'type': 'vsconf'}]",2,ACC,ND,UNC,62340,7bafd4,c99700,13294b,ND,62340,c99700,UNC,7bafd4,13294b,https://raw.githubusercontent.com/sportsdataverse/wehoop-wbb-raw/main/wbb/json/final/401819662.json,2026-01-11T18:00Z,TRUE,,
401819662,2026-01-11T18:00Z,UNC,Notre Dame,Away,L,50,73,https://a.espncdn.com/i/teamlogos/ncaa/500/153.png,https://a.espncdn.com/i/teamlogos/ncaa/500/87.png,22,99,2,2,,,TRUE,1,,STATUS_FINAL,2,TRUE,99,"[{'abbreviation': 'Game', 'name': 'overall', 'summary': '12-4', 'type': 'total'}
 {'abbreviation': None, 'name': 'Home', 'summary': '10-0', 'type': 'home'}
 {'abbreviation': None, 'name': 'Road', 'summary': '2-3', 'type': 'road'}
 {'abbreviation': None, 'name': 'vs. Conf.', 'summary': '4-2', 'type': 'vsconf'}]",2,FALSE,22,"[{'abbreviation': 'Game', 'name': 'overall', 'summary': '13-5', 'type': 'total'}
 {'abbreviation': None, 'name': 'Home', 'summary': '7-2', 'type': 'home'}
 {'abbreviation': None, 'name': 'Road', 'summary': '2-2', 'type': 'road'}
 {'abbreviation': None, 'name': 'vs. Conf.', 'summary': '2-3', 'type': 'vsconf'}]",2,ACC,UNC,ND,7bafd4,62340,13294b,c99700,ND,62340,c99700,UNC,7bafd4,13294b,https://raw.githubusercontent.com/sportsdataverse/wehoop-wbb-raw/main/wbb/json/final/401819662.json,2026-01-11T18:00Z,TRUE,,
401819660,2026-01-11T17:00Z,Virginia Tech,Boston College,Home,W,78,56,https://a.espncdn.com/i/teamlogos/ncaa/500/259.png,https://a.espncdn.com/i/teamlogos/ncaa/500/103.png,99,99,2,2,,,TRUE,1,,STATUS_FINAL,2,TRUE,99,"[{'abbreviation': 'Game', 'name': 'overall', 'summary': '13-5', 'type': 'total'}
 {'abbreviation': None, 'name': 'Home', 'summary': '10-2', 'type': 'home'}
 {'abbreviation': None, 'name': 'Road', 'summary': '2-2', 'type': 'road'}
 {'abbreviation': None, 'name': 'vs. Conf.', 'summary': '3-3', 'type': 'vsconf'}]",2,FALSE,99,"[{'abbreviation': 'Game', 'name': 'overall', 'summary': '4-15', 'type': 'total'}
 {'abbreviation': None, 'name': 'Home', 'summary': '4-8', 'type': 'home'}
 {'abbreviation': None, 'name': 'Road', 'summary': '0-5', 'type': 'road'}
 {'abbreviation': None, 'name': 'vs. Conf.', 'summary': '0-6', 'type': 'vsconf'}]",2,ACC,VT,BC,6a2c3e,8c2232,cf4520,dbcca6,VT,6a2c3e,cf4520,BC,8c2232,dbcca6,https://raw.githubusercontent.com/sportsdataverse/wehoop-wbb-raw/main/wbb/json/final/401819660.json,2026-01-11T17:00Z,TRUE,,
401825636,2026-01-11T17:00Z,Villanova,Providence,Away,W,85,55,https://a.espncdn.com/i/teamlogos/ncaa/500/222.png,https://a.espncdn.com/i/teamlogos/ncaa/500/2507.png,99,99,4,4,,,TRUE,1,,STATUS_FINAL,4,FALSE,99,"[{'abbreviation': 'Game', 'name': 'overall', 'summary': '9-9', 'type': 'total'}
 {'abbreviation': None, 'name': 'Home', 'summary': '7-5', 'type': 'home'}
 {'abbreviation': None, 'name': 'Road', 'summary': '2-3', 'type': 'road'}
 {'abbreviation': None, 'name': 'vs. Conf.', 'summary': '2-5', 'type': 'vsconf'}]",4,TRUE,99,"[{'abbreviation': 'Game', 'name': 'overall', 'summary': '14-3', 'type': 'total'}
 {'abbreviation': None, 'name': 'Home', 'summary': '7-2', 'type': 'home'}
 {'abbreviation': None, 'name': 'Road', 'summary': '6-1', 'type': 'road'}
 {'abbreviation': None, 'name': 'vs. Conf.', 'summary': '7-1', 'type': 'vsconf'}]",4,Big East,VILL,PROV,00205b,0,13b5ea,a3a19e,PROV,0,a3a19e,VILL,00205b,13b5ea,https://raw.githubusercontent.com/sportsdataverse/wehoop-wbb-raw/main/wbb/json/final/401825636.json,2026-01-11T17:00Z,TRUE,,
401829065,2026-01-10T23:00Z,Richmond,Davidson,Home,W,91,84,https://a.espncdn.com/i/teamlogos/ncaa/500/257.png,https://a.espncdn.com/i/teamlogos/ncaa/500/2166.png,99,99,3,3,,,TRUE,1,,STATUS_FINAL,3,TRUE,99,"[{'abbreviation': 'Game', 'name': 'overall', 'summary': '14-4', 'type': 'total'}
 {'abbreviation': None, 'name': 'Home', 'summary': '7-1', 'type': 'home'}
 {'abbreviation': None, 'name': 'Road', 'summary': '4-2', 'type': 'road'}
 {'abbreviation': None, 'name': 'vs. Conf.', 'summary': '4-1', 'type': 'vsconf'}]",3,FALSE,99,"[{'abbreviation': 'Game', 'name': 'overall', 'summary': '12-6', 'type': 'total'}
 {'abbreviation': None, 'name': 'Home', 'summary': '8-1', 'type': 'home'}
 {'abbreviation': None, 'name': 'Road', 'summary': '4-3', 'type': 'road'}
 {'abbreviation': None, 'name': 'vs. Conf.', 'summary': '4-1', 'type': 'vsconf'}]",3,A-10,RICH,DAV,9e0712,0,b90b2e,e51837,RICH,9e0712,b90b2e,DAV,0,e51837,https://raw.githubusercontent.com/sportsdataverse/wehoop-wbb-raw/main/wbb/json/final/401829065.json,2026-01-10T23:00Z,TRUE,,
401824104,2026-01-10T19:00Z,Princeton,Yale,Away,W,76,50,https://a.espncdn.com/i/teamlogos/ncaa/500/163.png,https://a.espncdn.com/i/teamlogos/ncaa/500/43.png,24,99,12,12,,,TRUE,1,,STATUS_FINAL,12,FALSE,99,"[{'abbreviation': 'Game', 'name': 'overall', 'summary': '4-11', 'type': 'total'}
 {'abbreviation': None, 'name': 'Home', 'summary': '1-6', 'type': 'home'}
 {'abbreviation': None, 'name': 'Road', 'summary': '3-5', 'type': 'road'}
 {'abbreviation': None, 'name': 'vs. Conf.', 'summary': '0-2', 'type': 'vsconf'}]",12,TRUE,24,"[{'abbreviation': 'Game', 'name': 'overall', 'summary': '14-1', 'type': 'total'}
 {'abbreviation': None, 'name': 'Home', 'summary': '5-0', 'type': 'home'}
 {'abbreviation': None, 'name': 'Road', 'summary': '7-1', 'type': 'road'}
 {'abbreviation': None, 'name': 'vs. Conf.', 'summary': '2-0', 'type': 'vsconf'}]",12,Ivy,PRIN,YALE,0,004a81,ff6000,286dc0,YALE,004a81,286dc0,PRIN,0,ff6000,https://raw.githubusercontent.com/sportsdataverse/wehoop-wbb-raw/main/wbb/json/final/401824104.json,2026-01-10T19:00Z,TRUE,,
401827322,2026-01-10T19:00Z,Texas Tech,Cincinnati,Away,W,71,60,https://a.espncdn.com/i/teamlogos/ncaa/500/2641.png,https://a.espncdn.com/i/teamlogos/ncaa/500/2132.png,17,99,8,8,,,TRUE,1,,STATUS_FINAL,8,FALSE,99,"[{'abbreviation': 'Game', 'name': 'overall', 'summary': '6-11', 'type': 'total'}
 {'abbreviation': None, 'name': 'Home', 'summary': '4-6', 'type': 'home'}
 {'abbreviation': None, 'name': 'Road', 'summary': '0-5', 'type': 'road'}
 {'abbreviation': None, 'name': 'vs. Conf.', 'summary': '1-4', 'type': 'vsconf'}]",8,TRUE,17,"[{'abbreviation': 'Game', 'name': 'overall', 'summary': '18-0', 'type': 'total'}
 {'abbreviation': None, 'name': 'Home', 'summary': '10-0', 'type': 'home'}
 {'abbreviation': None, 'name': 'Road', 'summary': '5-0', 'type': 'road'}
 {'abbreviation': None, 'name': 'vs. Conf.', 'summary': '5-0', 'type': 'vsconf'}]",8,Big 12,TTU,CIN,da291c,0,0,e00122,CIN,0,e00122,TTU,da291c,0,https://raw.githubusercontent.com/sportsdataverse/wehoop-wbb-raw/main/wbb/json/final/401827322.json,2026-01-10T19:00Z,TRUE,,
401808798,2026-01-10T18:00Z,James Madison,Georgia State,Away,L,70,72,https://a.espncdn.com/i/teamlogos/ncaa/500/256.png,https://a.espncdn.com/i/teamlogos/ncaa/500/2247.png,99,99,27,27,,,TRUE,1,,STATUS_FINAL,27,TRUE,99,"[{'abbreviation': 'Game', 'name': 'overall', 'summary': '7-10', 'type': 'total'}
 {'abbreviation': None, 'name': 'Home', 'summary': '5-2', 'type': 'home'}
 {'abbreviation': None, 'name': 'Road', 'summary': '2-8', 'type': 'road'}
 {'abbreviation': None, 'name': 'vs. Conf.', 'summary': '2-3', 'type': 'vsconf'}]",27,FALSE,99,"[{'abbreviation': 'Game', 'name': 'overall', 'summary': '11-7', 'type': 'total'}
 {'abbreviation': None, 'name': 'Home', 'summary': '7-3', 'type': 'home'}
 {'abbreviation': None, 'name': 'Road', 'summary': '2-4', 'type': 'road'}
 {'abbreviation': None, 'name': 'vs. Conf.', 'summary': '3-3', 'type': 'vsconf'}]",27,Sun Belt,JMU,GAST,450084,0039a6,cbb677,ffffff,GAST,0039a6,ffffff,JMU,450084,cbb677,https://raw.githubusercontent.com/sportsdataverse/wehoop-wbb-raw/main/wbb/json/final/401808798.json,2026-01-10T18:00Z,TRUE,,
401829068,2026-01-10T18:00Z,Rhode Island,St. Bonaventure,Home,W,66,45,https://a.espncdn.com/i/teamlogos/ncaa/500/227.png,https://a.espncdn.com/i/teamlogos/ncaa/500/179.png,99,99,3,3,,,TRUE,1,,STATUS_FINAL,3,TRUE,99,"[{'abbreviation': 'Game', 'name': 'overall', 'summary': '14-2', 'type': 'total'}
 {'abbreviation': None, 'name': 'Home', 'summary': '7-1', 'type': 'home'}
 {'abbreviation': None, 'name': 'Road', 'summary': '7-1', 'type': 'road'}
 {'abbreviation': None, 'name': 'vs. Conf.', 'summary': '5-0', 'type': 'vsconf'}]",3,FALSE,99,"[{'abbreviation': 'Game', 'name': 'overall', 'summary': '11-6', 'type': 'total'}
 {'abbreviation': None, 'name': 'Home', 'summary': '4-2', 'type': 'home'}
 {'abbreviation': None, 'name': 'Road', 'summary': '5-4', 'type': 'road'}
 {'abbreviation': None, 'name': 'vs. Conf.', 'summary': '2-3', 'type': 'vsconf'}]",3,A-10,URI,SBU,091f3f,70261D,5ab3e8,,URI,091f3f,5ab3e8,SBU,70261D,,https://raw.githubusercontent.com/sportsdataverse/wehoop-wbb-raw/main/wbb/json/final/401829068.json,2026-01-10T18:00Z,TRUE,,
401819616,2026-01-09T03:00Z,Stanford,Wake Forest,Home,W,55,43,https://a.espncdn.com/i/teamlogos/ncaa/500/24.png,https://a.espncdn.com/i/teamlogos/ncaa/500/154.png,99,99,2,2,,,TRUE,1,,STATUS_FINAL,2,TRUE,99,"[{'abbreviation': 'Game', 'name': 'overall', 'summary': '14-3', 'type': 'total'}
 {'abbreviation': None, 'name': 'Home', 'summary': '9-1', 'type': 'home'}
 {'abbreviation': None, 'name': 'Road', 'summary': '3-1', 'type': 'road'}
 {'abbreviation': None, 'name': 'vs. Conf.', 'summary': '3-1', 'type': 'vsconf'}]",2,FALSE,99,"[{'abbreviation': 'Game', 'name': 'overall', 'summary': '12-5', 'type': 'total'}
 {'abbreviation': None, 'name': 'Home', 'summary': '8-4', 'type': 'home'}
 {'abbreviation': None, 'name': 'Road', 'summary': '1-1', 'type': 'road'}
 {'abbreviation': None, 'name': 'vs. Conf.', 'summary': '2-3', 'type': 'vsconf'}]",2,ACC,STAN,WAKE,8c1515,ceb888,ffffff,2c2a29,STAN,8c1515,ffffff,WAKE,ceb888,2c2a29,https://raw.githubusercontent.com/sportsdataverse/wehoop-wbb-raw/main/wbb/json/final/401819616.json,2026-01-09T03:00Z,TRUE,,
401825258,2026-01-09T02:00Z,Washington,Michigan State,Home,L,67,82,https://a.espncdn.com/i/teamlogos/ncaa/500/264.png,https://a.espncdn.com/i/teamlogos/ncaa/500/127.png,23,15,7,7,,,TRUE,1,,STATUS_FINAL,7,FALSE,23,"[{'abbreviation': 'Game', 'name': 'overall', 'summary': '12-3', 'type': 'total'}
 {'abbreviation': None, 'name': 'Home', 'summary': '10-1', 'type': 'home'}
 {'abbreviation': None, 'name': 'Road', 'summary': '2-2', 'type': 'road'}
 {'abbreviation': None, 'name': 'vs. Conf.', 'summary': '2-2', 'type': 'vsconf'}]",7,TRUE,15,"[{'abbreviation': 'Game', 'name': 'overall', 'summary': '15-1', 'type': 'total'}
 {'abbreviation': None, 'name': 'Home', 'summary': '8-0', 'type': 'home'}
 {'abbreviation': None, 'name': 'Road', 'summary': '3-1', 'type': 'road'}
 {'abbreviation': None, 'name': 'vs. Conf.', 'summary': '4-1', 'type': 'vsconf'}]",7,Big Ten,WASH,MSU,33006f,173f35,e8d3a2,ffffff,WASH,33006f,e8d3a2,MSU,173f35,ffffff,https://raw.githubusercontent.com/sportsdataverse/wehoop-wbb-raw/main/wbb/json/final/401825258.json,2026-01-09T02:00Z,TRUE,,
401825258,2026-01-09T02:00Z,Michigan State,Washington,Away,W,82,67,https://a.espncdn.com/i/teamlogos/ncaa/500/127.png,https://a.espncdn.com/i/teamlogos/ncaa/500/264.png,15,23,7,7,,,TRUE,1,,STATUS_FINAL,7,FALSE,23,"[{'abbreviation': 'Game', 'name': 'overall', 'summary': '12-3', 'type': 'total'}
 {'abbreviation': None, 'name': 'Home', 'summary': '10-1', 'type': 'home'}
 {'abbreviation': None, 'name': 'Road', 'summary': '2-2', 'type': 'road'}
 {'abbreviation': None, 'name': 'vs. Conf.', 'summary': '2-2', 'type': 'vsconf'}]",7,TRUE,15,"[{'abbreviation': 'Game', 'name': 'overall', 'summary': '15-1', 'type': 'total'}
 {'abbreviation': None, 'name': 'Home', 'summary': '8-0', 'type': 'home'}
 {'abbreviation': None, 'name': 'Road', 'summary': '3-1', 'type': 'road'}
 {'abbreviation': None, 'name': 'vs. Conf.', 'summary': '4-1', 'type': 'vsconf'}]",7,Big Ten,MSU,WASH,173f35,33006f,ffffff,e8d3a2,WASH,33006f,e8d3a2,MSU,173f35,ffffff,https://raw.githubusercontent.com/sportsdataverse/wehoop-wbb-raw/main/wbb/json/final/401825258.json,2026-01-09T02:00Z,TRUE,,
401807545,2026-01-09T01:00Z,Texas,Auburn,Home,W,97,36,https://a.espncdn.com/i/teamlogos/ncaa/500/251.png,https://a.espncdn.com/i/teamlogos/ncaa/500/2.png,2,99,23,23,,,TRUE,1,,STATUS_FINAL,23,TRUE,2,"[{'abbreviation': 'Game', 'name': 'overall', 'summary': '18-0', 'type': 'total'}
 {'abbreviation': None, 'name': 'Home', 'summary': '12-0', 'type': 'home'}
 {'abbreviation': None, 'name': 'Road', 'summary': '3-0', 'type': 'road'}
 {'abbreviation': None, 'name': 'vs. Conf.', 'summary': '3-0', 'type': 'vsconf'}]",23,FALSE,99,"[{'abbreviation': 'Game', 'name': 'overall', 'summary': '11-6', 'type': 'total'}
 {'abbreviation': None, 'name': 'Home', 'summary': '7-2', 'type': 'home'}
 {'abbreviation': None, 'name': 'Road', 'summary': '2-4', 'type': 'road'}
 {'abbreviation': None, 'name': 'vs. Conf.', 'summary': '0-3', 'type': 'vsconf'}]",23,SEC,TEX,AUB,af5c37,002b5c,ffffff,f26522,TEX,af5c37,ffffff,AUB,002b5c,f26522,https://raw.githubusercontent.com/sportsdataverse/wehoop-wbb-raw/main/wbb/json/final/401807545.json,2026-01-09T01:00Z,TRUE,,
401827320,2026-01-09T01:00Z,Baylor,Colorado,Home,W,56,52,https://a.espncdn.com/i/teamlogos/ncaa/500/239.png,https://a.espncdn.com/i/teamlogos/ncaa/500/38.png,16,99,8,8,,,TRUE,1,,STATUS_FINAL,8,TRUE,16,"[{'abbreviation': 'Game', 'name': 'overall', 'summary': '14-3', 'type': 'total'}
 {'abbreviation': None, 'name': 'Home', 'summary': '9-1', 'type': 'home'}
 {'abbreviation': None, 'name': 'Road', 'summary': '3-0', 'type': 'road'}
 {'abbreviation': None, 'name': 'vs. Conf.', 'summary': '3-1', 'type': 'vsconf'}]",8,FALSE,99,"[{'abbreviation': 'Game', 'name': 'overall', 'summary': '11-5', 'type': 'total'}
 {'abbreviation': None, 'name': 'Home', 'summary': '9-1', 'type': 'home'}
 {'abbreviation': None, 'name': 'Road', 'summary': '0-3', 'type': 'road'}
 {'abbreviation': None, 'name': 'vs. Conf.', 'summary': '2-2', 'type': 'vsconf'}]",8,Big 12,BAY,COLO,154734,cfb87c,ffb81c,0,BAY,154734,ffb81c,COLO,cfb87c,0,https://raw.githubusercontent.com/sportsdataverse/wehoop-wbb-raw/main/wbb/json/final/401827320.json,2026-01-09T01:00Z,TRUE,,
401827320,2026-01-09T01:00Z,Colorado,Baylor,Away,L,52,56,https://a.espncdn.com/i/teamlogos/ncaa/500/38.png,https://a.espncdn.com/i/teamlogos/ncaa/500/239.png,99,16,8,8,,,TRUE,1,,STATUS_FINAL,8,TRUE,16,"[{'abbreviation': 'Game', 'name': 'overall', 'summary': '14-3', 'type': 'total'}
 {'abbreviation': None, 'name': 'Home', 'summary': '9-1', 'type': 'home'}
 {'abbreviation': None, 'name': 'Road', 'summary': '3-0', 'type': 'road'}
 {'abbreviation': None, 'name': 'vs. Conf.', 'summary': '3-1', 'type': 'vsconf'}]",8,FALSE,99,"[{'abbreviation': 'Game', 'name': 'overall', 'summary': '11-5', 'type': 'total'}
 {'abbreviation': None, 'name': 'Home', 'summary': '9-1', 'type': 'home'}
 {'abbreviation': None, 'name': 'Road', 'summary': '0-3', 'type': 'road'}
 {'abbreviation': None, 'name': 'vs. Conf.', 'summary': '2-2', 'type': 'vsconf'}]",8,Big 12,COLO,BAY,cfb87c,154734,0,ffb81c,BAY,154734,ffb81c,COLO,cfb87c,0,https://raw.githubusercontent.com/sportsdataverse/wehoop-wbb-raw/main/wbb/json/final/401827320.json,2026-01-09T01:00Z,TRUE,,
401819564,2026-01-09T01:00Z,NC State,Clemson,Away,L,65,75,https://a.espncdn.com/i/teamlogos/ncaa/500/152.png,https://a.espncdn.com/i/teamlogos/ncaa/500/228.png,99,99,2,2,,,TRUE,1,,STATUS_FINAL,2,TRUE,99,"[{'abbreviation': 'Game', 'name': 'overall', 'summary': '12-5', 'type': 'total'}
 {'abbreviation': None, 'name': 'Home', 'summary': '6-1', 'type': 'home'}
 {'abbreviation': None, 'name': 'Road', 'summary': '5-3', 'type': 'road'}
 {'abbreviation': None, 'name': 'vs. Conf.', 'summary': '3-2', 'type': 'vsconf'}]",2,FALSE,99,"[{'abbreviation': 'Game', 'name': 'overall', 'summary': '11-5', 'type': 'total'}
 {'abbreviation': None, 'name': 'Home', 'summary': '6-2', 'type': 'home'}
 {'abbreviation': None, 'name': 'Road', 'summary': '2-2', 'type': 'road'}
 {'abbreviation': None, 'name': 'vs. Conf.', 'summary': '4-1', 'type': 'vsconf'}]",2,ACC,NCSU,CLEM,cc0000,f56600,ffffff,ffffff,CLEM,f56600,ffffff,NCSU,cc0000,ffffff,https://raw.githubusercontent.com/sportsdataverse/wehoop-wbb-raw/main/wbb/json/final/401819564.json,2026-01-09T01:00Z,TRUE,,
401825255,2026-01-09T01:00Z,Nebraska,Indiana,Home,W,78,73,https://a.espncdn.com/i/teamlogos/ncaa/500/158.png,https://a.espncdn.com/i/teamlogos/ncaa/500/84.png,25,99,7,7,,,TRUE,1,,STATUS_FINAL,7,TRUE,25,"[{'abbreviation': 'Game', 'name': 'overall', 'summary': '14-2', 'type': 'total'}
 {'abbreviation': None, 'name': 'Home', 'summary': '10-1', 'type': 'home'}
 {'abbreviation': None, 'name': 'Road', 'summary': '1-1', 'type': 'road'}
 {'abbreviation': None, 'name': 'vs. Conf.', 'summary': '3-2', 'type': 'vsconf'}]",7,FALSE,99,"[{'abbreviation': 'Game', 'name': 'overall', 'summary': '11-6', 'type': 'total'}
 {'abbreviation': None, 'name': 'Home', 'summary': '8-2', 'type': 'home'}
 {'abbreviation': None, 'name': 'Road', 'summary': '2-3', 'type': 'road'}
 {'abbreviation': None, 'name': 'vs. Conf.', 'summary': '0-5', 'type': 'vsconf'}]",7,Big Ten,NEB,IU,e31937,970310,ffffff,ffffff,NEB,e31937,ffffff,IU,970310,ffffff,https://raw.githubusercontent.com/sportsdataverse/wehoop-wbb-raw/main/wbb/json/final/401825255.json,2026-01-09T01:00Z,TRUE,,
401819564,2026-01-09T01:00Z,Clemson,NC State,Home,W,75,65,https://a.espncdn.com/i/teamlogos/ncaa/500/228.png,https://a.espncdn.com/i/teamlogos/ncaa/500/152.png,99,99,2,2,,,TRUE,1,,STATUS_FINAL,2,TRUE,99,"[{'abbreviation': 'Game', 'name': 'overall', 'summary': '12-5', 'type': 'total'}
 {'abbreviation': None, 'name': 'Home', 'summary': '6-1', 'type': 'home'}
 {'abbreviation': None, 'name': 'Road', 'summary': '5-3', 'type': 'road'}
 {'abbreviation': None, 'name': 'vs. Conf.', 'summary': '3-2', 'type': 'vsconf'}]",2,FALSE,99,"[{'abbreviation': 'Game', 'name': 'overall', 'summary': '11-5', 'type': 'total'}
 {'abbreviation': None, 'name': 'Home', 'summary': '6-2', 'type': 'home'}
 {'abbreviation': None, 'name': 'Road', 'summary': '2-2', 'type': 'road'}
 {'abbreviation': None, 'name': 'vs. Conf.', 'summary': '4-1', 'type': 'vsconf'}]",2,ACC,CLEM,NCSU,f56600,cc0000,ffffff,ffffff,CLEM,f56600,ffffff,NCSU,cc0000,ffffff,https://raw.githubusercontent.com/sportsdataverse/wehoop-wbb-raw/main/wbb/json/final/401819564.json,2026-01-09T01:00Z,TRUE,,
401825259,2026-01-09T01:00Z,Minnesota,Northwestern,Home,W,79,47,https://a.espncdn.com/i/teamlogos/ncaa/500/135.png,https://a.espncdn.com/i/teamlogos/ncaa/500/77.png,99,99,7,7,,,TRUE,1,,STATUS_FINAL,7,TRUE,99,"[{'abbreviation': 'Game', 'name': 'overall', 'summary': '11-4', 'type': 'total'}
 {'abbreviation': None, 'name': 'Home', 'summary': '8-1', 'type': 'home'}
 {'abbreviation': None, 'name': 'Road', 'summary': '2-2', 'type': 'road'}
 {'abbreviation': None, 'name': 'vs. Conf.', 'summary': '2-2', 'type': 'vsconf'}]",7,FALSE,99,"[{'abbreviation': 'Game', 'name': 'overall', 'summary': '6-10', 'type': 'total'}
 {'abbreviation': None, 'name': 'Home', 'summary': '4-4', 'type': 'home'}
 {'abbreviation': None, 'name': 'Road', 'summary': '1-5', 'type': 'road'}
 {'abbreviation': None, 'name': 'vs. Conf.', 'summary': '0-5', 'type': 'vsconf'}]",7,Big Ten,MINN,NU,5e0a2f,492f92,fab41c,ffffff,MINN,5e0a2f,fab41c,NU,492f92,ffffff,https://raw.githubusercontent.com/sportsdataverse/wehoop-wbb-raw/main/wbb/json/final/401825259.json,2026-01-09T01:00Z,TRUE,,
401807546,2026-01-09T00:30Z,Mississippi State,Tennessee,Home,L,80,90,https://a.espncdn.com/i/teamlogos/ncaa/500/344.png,https://a.espncdn.com/i/teamlogos/ncaa/500/2633_ncw.png,99,20,23,23,,,TRUE,1,,STATUS_FINAL,23,FALSE,99,"[{'abbreviation': 'Game', 'name': 'overall', 'summary': '14-3', 'type': 'total'}
 {'abbreviation': None, 'name': 'Home', 'summary': '12-1', 'type': 'home'}
 {'abbreviation': None, 'name': 'Road', 'summary': '1-2', 'type': 'road'}
 {'abbreviation': None, 'name': 'vs. Conf.', 'summary': '1-2', 'type': 'vsconf'}]",23,TRUE,20,"[{'abbreviation': 'Game', 'name': 'overall', 'summary': '11-3', 'type': 'total'}
 {'abbreviation': None, 'name': 'Home', 'summary': '6-0', 'type': 'home'}
 {'abbreviation': None, 'name': 'Road', 'summary': '5-1', 'type': 'road'}
 {'abbreviation': None, 'name': 'vs. Conf.', 'summary': '3-0', 'type': 'vsconf'}]",23,SEC,MSST,TENN,5d1725,ff8200,c1c6c8,ffffff,MSST,5d1725,c1c6c8,TENN,ff8200,ffffff,https://raw.githubusercontent.com/sportsdataverse/wehoop-wbb-raw/main/wbb/json/final/401807546.json,2026-01-09T00:30Z,TRUE,,
401807548,2026-01-09T00:30Z,Vanderbilt,Missouri,Home,W,99,68,https://a.espncdn.com/i/teamlogos/ncaa/500/238.png,https://a.espncdn.com/i/teamlogos/ncaa/500/142.png,7,99,23,23,,,TRUE,1,,STATUS_FINAL,23,TRUE,7,"[{'abbreviation': 'Game', 'name': 'overall', 'summary': '16-0', 'type': 'total'}
 {'abbreviation': None, 'name': 'Home', 'summary': '10-0', 'type': 'home'}
 {'abbreviation': None, 'name': 'Road', 'summary': '3-0', 'type': 'road'}
 {'abbreviation': None, 'name': 'vs. Conf.', 'summary': '3-0', 'type': 'vsconf'}]",23,FALSE,99,"[{'abbreviation': 'Game', 'name': 'overall', 'summary': '12-6', 'type': 'total'}
 {'abbreviation': None, 'name': 'Home', 'summary': '7-3', 'type': 'home'}
 {'abbreviation': None, 'name': 'Road', 'summary': '2-2', 'type': 'road'}
 {'abbreviation': None, 'name': 'vs. Conf.', 'summary': '0-3', 'type': 'vsconf'}]",23,SEC,VAN,MIZ,0,f1b82d,cfae70,0,VAN,0,cfae70,MIZ,f1b82d,0,https://raw.githubusercontent.com/sportsdataverse/wehoop-wbb-raw/main/wbb/json/final/401807548.json,2026-01-09T00:30Z,TRUE,,
401807546,2026-01-09T00:30Z,Tennessee,Mississippi State,Away,W,90,80,https://a.espncdn.com/i/teamlogos/ncaa/500/2633_ncw.png,https://a.espncdn.com/i/teamlogos/ncaa/500/344.png,20,99,23,23,,,TRUE,1,,STATUS_FINAL,23,FALSE,99,"[{'abbreviation': 'Game', 'name': 'overall', 'summary': '14-3', 'type': 'total'}
 {'abbreviation': None, 'name': 'Home', 'summary': '12-1', 'type': 'home'}
 {'abbreviation': None, 'name': 'Road', 'summary': '1-2', 'type': 'road'}
 {'abbreviation': None, 'name': 'vs. Conf.', 'summary': '1-2', 'type': 'vsconf'}]",23,TRUE,20,"[{'abbreviation': 'Game', 'name': 'overall', 'summary': '11-3', 'type': 'total'}
 {'abbreviation': None, 'name': 'Home', 'summary': '6-0', 'type': 'home'}
 {'abbreviation': None, 'name': 'Road', 'summary': '5-1', 'type': 'road'}
 {'abbreviation': None, 'name': 'vs. Conf.', 'summary': '3-0', 'type': 'vsconf'}]",23,SEC,TENN,MSST,ff8200,5d1725,ffffff,c1c6c8,MSST,5d1725,c1c6c8,TENN,ff8200,ffffff,https://raw.githubusercontent.com/sportsdataverse/wehoop-wbb-raw/main/wbb/json/final/401807546.json,2026-01-09T00:30Z,TRUE,,
401807551,2026-01-09T00:30Z,South Carolina,Arkansas,Away,W,93,58,https://a.espncdn.com/i/teamlogos/ncaa/500/2579.png,https://a.espncdn.com/i/teamlogos/ncaa/500/8.png,3,99,23,23,,,TRUE,1,,STATUS_FINAL,23,FALSE,99,"[{'abbreviation': 'Game', 'name': 'overall', 'summary': '11-7', 'type': 'total'}
 {'abbreviation': None, 'name': 'Home', 'summary': '8-4', 'type': 'home'}
 {'abbreviation': None, 'name': 'Road', 'summary': '1-3', 'type': 'road'}
 {'abbreviation': None, 'name': 'vs. Conf.', 'summary': '0-3', 'type': 'vsconf'}]",23,TRUE,3,"[{'abbreviation': 'Game', 'name': 'overall', 'summary': '16-1', 'type': 'total'}
 {'abbreviation': None, 'name': 'Home', 'summary': '9-0', 'type': 'home'}
 {'abbreviation': None, 'name': 'Road', 'summary': '5-0', 'type': 'road'}
 {'abbreviation': None, 'name': 'vs. Conf.', 'summary': '3-0', 'type': 'vsconf'}]",23,SEC,SC,ARK,73000a,a32136,0,ffffff,ARK,a32136,ffffff,SC,73000a,0,https://raw.githubusercontent.com/sportsdataverse/wehoop-wbb-raw/main/wbb/json/final/401807551.json,2026-01-09T00:30Z,TRUE,,
401807547,2026-01-09T00:00Z,Ole Miss,Oklahoma,Away,W,74,69,https://a.espncdn.com/i/teamlogos/ncaa/500/145.png,https://a.espncdn.com/i/teamlogos/ncaa/500/201.png,18,5,23,23,,,TRUE,1,,STATUS_FINAL,23,FALSE,5,"[{'abbreviation': 'Game', 'name': 'overall', 'summary': '14-2', 'type': 'total'}
 {'abbreviation': None, 'name': 'Home', 'summary': '9-1', 'type': 'home'}
 {'abbreviation': None, 'name': 'Road', 'summary': '2-0', 'type': 'road'}
 {'abbreviation': None, 'name': 'vs. Conf.', 'summary': '2-1', 'type': 'vsconf'}]",23,TRUE,18,"[{'abbreviation': 'Game', 'name': 'overall', 'summary': '15-3', 'type': 'total'}
 {'abbreviation': None, 'name': 'Home', 'summary': '9-0', 'type': 'home'}
 {'abbreviation': None, 'name': 'Road', 'summary': '3-1', 'type': 'road'}
 {'abbreviation': None, 'name': 'vs. Conf.', 'summary': '2-1', 'type': 'vsconf'}]",23,SEC,MISS,OU,13294b,990000,cf142b,ffffff,OU,990000,ffffff,MISS,13294b,cf142b,https://raw.githubusercontent.com/sportsdataverse/wehoop-wbb-raw/main/wbb/json/final/401807547.json,2026-01-09T00:00Z,TRUE,,
401819658,2026-01-09T00:00Z,Virginia,Georgia Tech,Away,W,61,59,https://a.espncdn.com/i/teamlogos/ncaa/500/258.png,https://a.espncdn.com/i/teamlogos/ncaa/500/59.png,99,99,2,2,,,TRUE,1,,STATUS_FINAL,2,FALSE,99,"[{'abbreviation': 'Game', 'name': 'overall', 'summary': '7-10', 'type': 'total'}
 {'abbreviation': None, 'name': 'Home', 'summary': '6-3', 'type': 'home'}
 {'abbreviation': None, 'name': 'Road', 'summary': '1-5', 'type': 'road'}
 {'abbreviation': None, 'name': 'vs. Conf.', 'summary': '2-3', 'type': 'vsconf'}]",2,TRUE,99,"[{'abbreviation': 'Game', 'name': 'overall', 'summary': '13-3', 'type': 'total'}
 {'abbreviation': None, 'name': 'Home', 'summary': '9-1', 'type': 'home'}
 {'abbreviation': None, 'name': 'Road', 'summary': '3-1', 'type': 'road'}
 {'abbreviation': None, 'name': 'vs. Conf.', 'summary': '5-0', 'type': 'vsconf'}]",2,ACC,UVA,GT,f84c1e,b3a369,232d4b,ffffff,GT,b3a369,ffffff,UVA,f84c1e,232d4b,https://raw.githubusercontent.com/sportsdataverse/wehoop-wbb-raw/main/wbb/json/final/401819658.json,2026-01-09T00:00Z,TRUE,,
401807550,2026-01-09T00:00Z,Alabama,Kentucky,Home,W,64,51,https://a.espncdn.com/i/teamlogos/ncaa/500/333.png,https://a.espncdn.com/i/teamlogos/ncaa/500/96.png,99,6,23,23,,,TRUE,1,,STATUS_FINAL,23,TRUE,99,"[{'abbreviation': 'Game', 'name': 'overall', 'summary': '16-1', 'type': 'total'}
 {'abbreviation': None, 'name': 'Home', 'summary': '14-0', 'type': 'home'}
 {'abbreviation': None, 'name': 'Road', 'summary': '0-1', 'type': 'road'}
 {'abbreviation': None, 'name': 'vs. Conf.', 'summary': '2-1', 'type': 'vsconf'}]",23,FALSE,6,"[{'abbreviation': 'Game', 'name': 'overall', 'summary': '15-2', 'type': 'total'}
 {'abbreviation': None, 'name': 'Home', 'summary': '8-0', 'type': 'home'}
 {'abbreviation': None, 'name': 'Road', 'summary': '6-1', 'type': 'road'}
 {'abbreviation': None, 'name': 'vs. Conf.', 'summary': '2-1', 'type': 'vsconf'}]",23,SEC,ALA,UK,9e1b32,0033a0,ffffff,ffffff,ALA,9e1b32,ffffff,UK,0033a0,ffffff,https://raw.githubusercontent.com/sportsdataverse/wehoop-wbb-raw/main/wbb/json/final/401807550.json,2026-01-09T00:00Z,TRUE,,
401807552,2026-01-09T00:00Z,Florida,Texas A&M,Home,L,66,74,https://a.espncdn.com/i/teamlogos/ncaa/500/57.png,https://a.espncdn.com/i/teamlogos/ncaa/500/245.png,99,99,23,23,,,TRUE,1,,STATUS_FINAL,23,FALSE,99,"[{'abbreviation': 'Game', 'name': 'overall', 'summary': '12-6', 'type': 'total'}
 {'abbreviation': None, 'name': 'Home', 'summary': '9-3', 'type': 'home'}
 {'abbreviation': None, 'name': 'Road', 'summary': '1-3', 'type': 'road'}
 {'abbreviation': None, 'name': 'vs. Conf.', 'summary': '0-3', 'type': 'vsconf'}]",23,TRUE,99,"[{'abbreviation': 'Game', 'name': 'overall', 'summary': '8-4', 'type': 'total'}
 {'abbreviation': None, 'name': 'Home', 'summary': '4-2', 'type': 'home'}
 {'abbreviation': None, 'name': 'Road', 'summary': '2-1', 'type': 'road'}
 {'abbreviation': None, 'name': 'vs. Conf.', 'summary': '1-2', 'type': 'vsconf'}]",23,SEC,FLA,TA&M,0021a5,500000,fa4616,ffffff,FLA,0021a5,fa4616,TA&M,500000,ffffff,https://raw.githubusercontent.com/sportsdataverse/wehoop-wbb-raw/main/wbb/json/final/401807552.json,2026-01-09T00:00Z,TRUE,,
401807547,2026-01-09T00:00Z,Oklahoma,Ole Miss,Home,L,69,74,https://a.espncdn.com/i/teamlogos/ncaa/500/201.png,https://a.espncdn.com/i/teamlogos/ncaa/500/145.png,5,18,23,23,,,TRUE,1,,STATUS_FINAL,23,FALSE,5,"[{'abbreviation': 'Game', 'name': 'overall', 'summary': '14-2', 'type': 'total'}
 {'abbreviation': None, 'name': 'Home', 'summary': '9-1', 'type': 'home'}
 {'abbreviation': None, 'name': 'Road', 'summary': '2-0', 'type': 'road'}
 {'abbreviation': None, 'name': 'vs. Conf.', 'summary': '2-1', 'type': 'vsconf'}]",23,TRUE,18,"[{'abbreviation': 'Game', 'name': 'overall', 'summary': '15-3', 'type': 'total'}
 {'abbreviation': None, 'name': 'Home', 'summary': '9-0', 'type': 'home'}
 {'abbreviation': None, 'name': 'Road', 'summary': '3-1', 'type': 'road'}
 {'abbreviation': None, 'name': 'vs. Conf.', 'summary': '2-1', 'type': 'vsconf'}]",23,SEC,OU,MISS,990000,13294b,ffffff,cf142b,OU,990000,ffffff,MISS,13294b,cf142b,https://raw.githubusercontent.com/sportsdataverse/wehoop-wbb-raw/main/wbb/json/final/401807547.json,2026-01-09T00:00Z,TRUE,,
401825256,2026-01-09T00:00Z,Maryland,Rutgers,Away,W,88,41,https://a.espncdn.com/i/teamlogos/ncaa/500/120.png,https://a.espncdn.com/i/teamlogos/ncaa/500/164.png,8,99,7,7,,,TRUE,1,,STATUS_FINAL,7,FALSE,99,"[{'abbreviation': 'Game', 'name': 'overall', 'summary': '8-8', 'type': 'total'}
 {'abbreviation': None, 'name': 'Home', 'summary': '8-4', 'type': 'home'}
 {'abbreviation': None, 'name': 'Road', 'summary': '0-4', 'type': 'road'}
 {'abbreviation': None, 'name': 'vs. Conf.', 'summary': '0-5', 'type': 'vsconf'}]",7,TRUE,8,"[{'abbreviation': 'Game', 'name': 'overall', 'summary': '16-1', 'type': 'total'}
 {'abbreviation': None, 'name': 'Home', 'summary': '12-0', 'type': 'home'}
 {'abbreviation': None, 'name': 'Road', 'summary': '2-1', 'type': 'road'}
 {'abbreviation': None, 'name': 'vs. Conf.', 'summary': '4-1', 'type': 'vsconf'}]",7,Big Ten,MD,RUTG,ce1126,ce0e2d,ffffff,ffffff,RUTG,ce0e2d,ffffff,MD,ce1126,ffffff,https://raw.githubusercontent.com/sportsdataverse/wehoop-wbb-raw/main/wbb/json/final/401825256.json,2026-01-09T00:00Z,TRUE,,
401807550,2026-01-09T00:00Z,Kentucky,Alabama,Away,L,51,64,https://a.espncdn.com/i/teamlogos/ncaa/500/96.png,https://a.espncdn.com/i/teamlogos/ncaa/500/333.png,6,99,23,23,,,TRUE,1,,STATUS_FINAL,23,TRUE,99,"[{'abbreviation': 'Game', 'name': 'overall', 'summary': '16-1', 'type': 'total'}
 {'abbreviation': None, 'name': 'Home', 'summary': '14-0', 'type': 'home'}
 {'abbreviation': None, 'name': 'Road', 'summary': '0-1', 'type': 'road'}
 {'abbreviation': None, 'name': 'vs. Conf.', 'summary': '2-1', 'type': 'vsconf'}]",23,FALSE,6,"[{'abbreviation': 'Game', 'name': 'overall', 'summary': '15-2', 'type': 'total'}
 {'abbreviation': None, 'name': 'Home', 'summary': '8-0', 'type': 'home'}
 {'abbreviation': None, 'name': 'Road', 'summary': '6-1', 'type': 'road'}
 {'abbreviation': None, 'name': 'vs. Conf.', 'summary': '2-1', 'type': 'vsconf'}]",23,SEC,UK,ALA,0033a0,9e1b32,ffffff,ffffff,ALA,9e1b32,ffffff,UK,0033a0,ffffff,https://raw.githubusercontent.com/sportsdataverse/wehoop-wbb-raw/main/wbb/json/final/401807550.json,2026-01-09T00:00Z,TRUE,,
401807549,2026-01-08T23:30Z,Georgia,LSU,Home,L,59,80,https://a.espncdn.com/i/teamlogos/ncaa/500/61.png,https://a.espncdn.com/i/teamlogos/ncaa/500/99.png,99,12,23,23,,,TRUE,1,,STATUS_FINAL,23,FALSE,99,"[{'abbreviation': 'Game', 'name': 'overall', 'summary': '15-2', 'type': 'total'}
 {'abbreviation': None, 'name': 'Home', 'summary': '9-1', 'type': 'home'}
 {'abbreviation': None, 'name': 'Road', 'summary': '2-1', 'type': 'road'}
 {'abbreviation': None, 'name': 'vs. Conf.', 'summary': '1-2', 'type': 'vsconf'}]",23,TRUE,12,"[{'abbreviation': 'Game', 'name': 'overall', 'summary': '15-2', 'type': 'total'}
 {'abbreviation': None, 'name': 'Home', 'summary': '7-1', 'type': 'home'}
 {'abbreviation': None, 'name': 'Road', 'summary': '5-1', 'type': 'road'}
 {'abbreviation': None, 'name': 'vs. Conf.', 'summary': '1-2', 'type': 'vsconf'}]",23,SEC,UGA,LSU,ba0c2f,461d76,2c2a29,fdd023,UGA,ba0c2f,2c2a29,LSU,461d76,fdd023,https://raw.githubusercontent.com/sportsdataverse/wehoop-wbb-raw/main/wbb/json/final/401807549.json,2026-01-08T23:30Z,TRUE,,
401807549,2026-01-08T23:30Z,LSU,Georgia,Away,W,80,59,https://a.espncdn.com/i/teamlogos/ncaa/500/99.png,https://a.espncdn.com/i/teamlogos/ncaa/500/61.png,12,99,23,23,,,TRUE,1,,STATUS_FINAL,23,FALSE,99,"[{'abbreviation': 'Game', 'name': 'overall', 'summary': '15-2', 'type': 'total'}
 {'abbreviation': None, 'name': 'Home', 'summary': '9-1', 'type': 'home'}
 {'abbreviation': None, 'name': 'Road', 'summary': '2-1', 'type': 'road'}
 {'abbreviation': None, 'name': 'vs. Conf.', 'summary': '1-2', 'type': 'vsconf'}]",23,TRUE,12,"[{'abbreviation': 'Game', 'name': 'overall', 'summary': '15-2', 'type': 'total'}
 {'abbreviation': None, 'name': 'Home', 'summary': '7-1', 'type': 'home'}
 {'abbreviation': None, 'name': 'Road', 'summary': '5-1', 'type': 'road'}
 {'abbreviation': None, 'name': 'vs. Conf.', 'summary': '1-2', 'type': 'vsconf'}]",23,SEC,LSU,UGA,461d76,ba0c2f,fdd023,2c2a29,UGA,ba0c2f,2c2a29,LSU,461d76,fdd023,https://raw.githubusercontent.com/sportsdataverse/wehoop-wbb-raw/main/wbb/json/final/401807549.json,2026-01-08T23:30Z,TRUE,,
401819655,2026-01-08T23:00Z,Notre Dame,Boston College,Home,W,94,60,https://a.espncdn.com/i/teamlogos/ncaa/500/87.png,https://a.espncdn.com/i/teamlogos/ncaa/500/103.png,99,99,2,2,,,TRUE,1,,STATUS_FINAL,2,TRUE,99,"[{'abbreviation': 'Game', 'name': 'overall', 'summary': '11-4', 'type': 'total'}
 {'abbreviation': None, 'name': 'Home', 'summary': '9-0', 'type': 'home'}
 {'abbreviation': None, 'name': 'Road', 'summary': '2-3', 'type': 'road'}
 {'abbreviation': None, 'name': 'vs. Conf.', 'summary': '3-2', 'type': 'vsconf'}]",2,FALSE,99,"[{'abbreviation': 'Game', 'name': 'overall', 'summary': '4-14', 'type': 'total'}
 {'abbreviation': None, 'name': 'Home', 'summary': '4-8', 'type': 'home'}
 {'abbreviation': None, 'name': 'Road', 'summary': '0-4', 'type': 'road'}
 {'abbreviation': None, 'name': 'vs. Conf.', 'summary': '0-5', 'type': 'vsconf'}]",2,ACC,ND,BC,62340,8c2232,c99700,dbcca6,ND,62340,c99700,BC,8c2232,dbcca6,https://raw.githubusercontent.com/sportsdataverse/wehoop-wbb-raw/main/wbb/json/final/401819655.json,2026-01-08T23:00Z,TRUE,,
401819659,2026-01-08T23:00Z,Syracuse,Virginia Tech,Home,L,57,77,https://a.espncdn.com/i/teamlogos/ncaa/500/183.png,https://a.espncdn.com/i/teamlogos/ncaa/500/259.png,99,99,2,2,,,TRUE,1,,STATUS_FINAL,2,FALSE,99,"[{'abbreviation': 'Game', 'name': 'overall', 'summary': '13-3', 'type': 'total'}
 {'abbreviation': None, 'name': 'Home', 'summary': '10-2', 'type': 'home'}
 {'abbreviation': None, 'name': 'Road', 'summary': '2-0', 'type': 'road'}
 {'abbreviation': None, 'name': 'vs. Conf.', 'summary': '3-2', 'type': 'vsconf'}]",2,TRUE,99,"[{'abbreviation': 'Game', 'name': 'overall', 'summary': '12-5', 'type': 'total'}
 {'abbreviation': None, 'name': 'Home', 'summary': '9-2', 'type': 'home'}
 {'abbreviation': None, 'name': 'Road', 'summary': '2-2', 'type': 'road'}
 {'abbreviation': None, 'name': 'vs. Conf.', 'summary': '2-3', 'type': 'vsconf'}]",2,ACC,SYR,VT,0.00E+00,6a2c3e,ff431b,cf4520,SYR,0.00E+00,ff431b,VT,6a2c3e,cf4520,https://raw.githubusercontent.com/sportsdataverse/wehoop-wbb-raw/main/wbb/json/final/401819659.json,2026-01-08T23:00Z,TRUE,,
401825257,2026-01-08T23:00Z,Michigan,Penn State,Away,W,105,65,https://a.espncdn.com/i/teamlogos/ncaa/500/130.png,https://a.espncdn.com/i/teamlogos/ncaa/500/213.png,9,99,7,7,,,TRUE,1,,STATUS_FINAL,7,FALSE,99,"[{'abbreviation': 'Game', 'name': 'overall', 'summary': '7-9', 'type': 'total'}
 {'abbreviation': None, 'name': 'Home', 'summary': '4-4', 'type': 'home'}
 {'abbreviation': None, 'name': 'Road', 'summary': '1-3', 'type': 'road'}
 {'abbreviation': None, 'name': 'vs. Conf.', 'summary': '0-5', 'type': 'vsconf'}]",7,TRUE,9,"[{'abbreviation': 'Game', 'name': 'overall', 'summary': '13-2', 'type': 'total'}
 {'abbreviation': None, 'name': 'Home', 'summary': '8-0', 'type': 'home'}
 {'abbreviation': None, 'name': 'Road', 'summary': '3-1', 'type': 'road'}
 {'abbreviation': None, 'name': 'vs. Conf.', 'summary': '4-1', 'type': 'vsconf'}]",7,Big Ten,MICH,PSU,00274c,61440,ffcb05,ffffff,PSU,61440,ffffff,MICH,00274c,ffcb05,https://raw.githubusercontent.com/sportsdataverse/wehoop-wbb-raw/main/wbb/json/final/401825257.json,2026-01-08T23:00Z,TRUE,,
401819659,2026-01-08T23:00Z,Virginia Tech,Syracuse,Away,W,77,57,https://a.espncdn.com/i/teamlogos/ncaa/500/259.png,https://a.espncdn.com/i/teamlogos/ncaa/500/183.png,99,99,2,2,,,TRUE,1,,STATUS_FINAL,2,FALSE,99,"[{'abbreviation': 'Game', 'name': 'overall', 'summary': '13-3', 'type': 'total'}
 {'abbreviation': None, 'name': 'Home', 'summary': '10-2', 'type': 'home'}
 {'abbreviation': None, 'name': 'Road', 'summary': '2-0', 'type': 'road'}
 {'abbreviation': None, 'name': 'vs. Conf.', 'summary': '3-2', 'type': 'vsconf'}]",2,TRUE,99,"[{'abbreviation': 'Game', 'name': 'overall', 'summary': '12-5', 'type': 'total'}
 {'abbreviation': None, 'name': 'Home', 'summary': '9-2', 'type': 'home'}
 {'abbreviation': None, 'name': 'Road', 'summary': '2-2', 'type': 'road'}
 {'abbreviation': None, 'name': 'vs. Conf.', 'summary': '2-3', 'type': 'vsconf'}]",2,ACC,VT,SYR,6a2c3e,0.00E+00,cf4520,ff431b,SYR,0.00E+00,ff431b,VT,6a2c3e,cf4520,https://raw.githubusercontent.com/sportsdataverse/wehoop-wbb-raw/main/wbb/json/final/401819659.json,2026-01-08T23:00Z,TRUE,,
401819656,2026-01-08T23:00Z,Duke,California,Away,W,78,74,https://a.espncdn.com/i/teamlogos/ncaa/500/150.png,https://a.espncdn.com/i/teamlogos/ncaa/500/25.png,99,99,2,2,,,TRUE,1,,STATUS_FINAL,2,FALSE,99,"[{'abbreviation': 'Game', 'name': 'overall', 'summary': '9-8', 'type': 'total'}
 {'abbreviation': None, 'name': 'Home', 'summary': '8-1', 'type': 'home'}
 {'abbreviation': None, 'name': 'Road', 'summary': '0-4', 'type': 'road'}
 {'abbreviation': None, 'name': 'vs. Conf.', 'summary': '0-4', 'type': 'vsconf'}]",2,TRUE,99,"[{'abbreviation': 'Game', 'name': 'overall', 'summary': '10-6', 'type': 'total'}
 {'abbreviation': None, 'name': 'Home', 'summary': '5-1', 'type': 'home'}
 {'abbreviation': None, 'name': 'Road', 'summary': '5-1', 'type': 'road'}
 {'abbreviation': None, 'name': 'vs. Conf.', 'summary': '5-0', 'type': 'vsconf'}]",2,ACC,DUKE,CAL,00539b,4.10E+43,ffffff,ffc72c,CAL,4.10E+43,ffc72c,DUKE,00539b,ffffff,https://raw.githubusercontent.com/sportsdataverse/wehoop-wbb-raw/main/wbb/json/final/401819656.json,2026-01-08T23:00Z,TRUE,,
401813752,2026-01-08T23:00Z,Fairfield,Saint Peter's,Away,W,84,62,https://a.espncdn.com/i/teamlogos/ncaa/500/2217.png,https://a.espncdn.com/i/teamlogos/ncaa/500/2612.png,99,99,13,13,,,TRUE,1,,STATUS_FINAL,13,FALSE,99,"[{'abbreviation': 'Game', 'name': 'overall', 'summary': '3-12', 'type': 'total'}
 {'abbreviation': None, 'name': 'Home', 'summary': '1-6', 'type': 'home'}
 {'abbreviation': None, 'name': 'Road', 'summary': '2-6', 'type': 'road'}
 {'abbreviation': None, 'name': 'vs. Conf.', 'summary': '2-4', 'type': 'vsconf'}]",13,TRUE,99,"[{'abbreviation': 'Game', 'name': 'overall', 'summary': '12-3', 'type': 'total'}
 {'abbreviation': None, 'name': 'Home', 'summary': '6-0', 'type': 'home'}
 {'abbreviation': None, 'name': 'Road', 'summary': '5-2', 'type': 'road'}
 {'abbreviation': None, 'name': 'vs. Conf.', 'summary': '6-0', 'type': 'vsconf'}]",13,MAAC,FAIR,SPU,0,004CC2,ebebeb,,SPU,004CC2,,FAIR,0,ebebeb,https://raw.githubusercontent.com/sportsdataverse/wehoop-wbb-raw/main/wbb/json/final/401813752.json,2026-01-08T23:00Z,TRUE,,
401819657,2026-01-08T20:00Z,Louisville,Miami (FL),Away,W,77,68,https://a.espncdn.com/i/teamlogos/ncaa/500/97.png,https://a.espncdn.com/i/teamlogos/ncaa/500/2390.png,10,99,2,2,,,TRUE,1,,STATUS_FINAL,2,FALSE,99,"[{'abbreviation': 'Game', 'name': 'overall', 'summary': '10-6', 'type': 'total'}
 {'abbreviation': None, 'name': 'Home', 'summary': '6-4', 'type': 'home'}
 {'abbreviation': None, 'name': 'Road', 'summary': '2-0', 'type': 'road'}
 {'abbreviation': None, 'name': 'vs. Conf.', 'summary': '2-3', 'type': 'vsconf'}]",2,TRUE,10,"[{'abbreviation': 'Game', 'name': 'overall', 'summary': '15-3', 'type': 'total'}
 {'abbreviation': None, 'name': 'Home', 'summary': '10-2', 'type': 'home'}
 {'abbreviation': None, 'name': 'Road', 'summary': '3-0', 'type': 'road'}
 {'abbreviation': None, 'name': 'vs. Conf.', 'summary': '5-0', 'type': 'vsconf'}]",2,ACC,LOU,MIA,c9001f,f47423,ffffff,35131,MIA,f47423,35131,LOU,c9001f,ffffff,https://raw.githubusercontent.com/sportsdataverse/wehoop-wbb-raw/main/wbb/json/final/401819657.json,2026-01-08T20:00Z,TRUE,,
401825632,2026-01-08T16:30Z,Villanova,Xavier,Home,W,67,50,https://a.espncdn.com/i/teamlogos/ncaa/500/222.png,https://a.espncdn.com/i/teamlogos/ncaa/500/2752.png,99,99,4,4,,,TRUE,1,,STATUS_FINAL,4,TRUE,99,"[{'abbreviation': 'Game', 'name': 'overall', 'summary': '13-3', 'type': 'total'}
 {'abbreviation': None, 'name': 'Home', 'summary': '7-2', 'type': 'home'}
 {'abbreviation': None, 'name': 'Road', 'summary': '5-1', 'type': 'road'}
 {'abbreviation': None, 'name': 'vs. Conf.', 'summary': '6-1', 'type': 'vsconf'}]",4,FALSE,99,"[{'abbreviation': 'Game', 'name': 'overall', 'summary': '9-7', 'type': 'total'}
 {'abbreviation': None, 'name': 'Home', 'summary': '6-4', 'type': 'home'}
 {'abbreviation': None, 'name': 'Road', 'summary': '3-3', 'type': 'road'}
 {'abbreviation': None, 'name': 'vs. Conf.', 'summary': '2-5', 'type': 'vsconf'}]",4,Big East,VILL,XAV,00205b,21304e,13b5ea,a5a7a8,VILL,00205b,13b5ea,XAV,21304e,a5a7a8,https://raw.githubusercontent.com/sportsdataverse/wehoop-wbb-raw/main/wbb/json/final/401825632.json,2026-01-08T16:30Z,TRUE,,
401827318,2026-01-08T00:30Z,TCU,Oklahoma State,Home,W,69,61,https://a.espncdn.com/i/teamlogos/ncaa/500/2628.png,https://a.espncdn.com/i/teamlogos/ncaa/500/197.png,13,99,8,8,,,TRUE,1,,STATUS_FINAL,8,TRUE,13,"[{'abbreviation': 'Game', 'name': 'overall', 'summary': '15-1', 'type': 'total'}
 {'abbreviation': None, 'name': 'Home', 'summary': '11-0', 'type': 'home'}
 {'abbreviation': None, 'name': 'Road', 'summary': '2-1', 'type': 'road'}
 {'abbreviation': None, 'name': 'vs. Conf.', 'summary': '3-1', 'type': 'vsconf'}]",8,FALSE,99,"[{'abbreviation': 'Game', 'name': 'overall', 'summary': '13-4', 'type': 'total'}
 {'abbreviation': None, 'name': 'Home', 'summary': '9-1', 'type': 'home'}
 {'abbreviation': None, 'name': 'Road', 'summary': '2-2', 'type': 'road'}
 {'abbreviation': None, 'name': 'vs. Conf.', 'summary': '2-2', 'type': 'vsconf'}]",8,Big 12,TCU,OKST,4d1979,fe5c00,ffffff,0,TCU,4d1979,ffffff,OKST,fe5c00,0,https://raw.githubusercontent.com/sportsdataverse/wehoop-wbb-raw/main/wbb/json/final/401827318.json,2026-01-08T00:30Z,TRUE,,
401825629,2026-01-08T00:30Z,UConn,St. John's,Home,W,88,43,https://a.espncdn.com/i/teamlogos/ncaa/500/41.png,https://a.espncdn.com/i/teamlogos/ncaa/500/2599.png,1,99,4,4,,,TRUE,1,,STATUS_FINAL,4,TRUE,1,"[{'abbreviation': 'Game', 'name': 'overall', 'summary': '16-0', 'type': 'total'}
 {'abbreviation': None, 'name': 'Home', 'summary': '7-0', 'type': 'home'}
 {'abbreviation': None, 'name': 'Road', 'summary': '5-0', 'type': 'road'}
 {'abbreviation': None, 'name': 'vs. Conf.', 'summary': '7-0', 'type': 'vsconf'}]",4,FALSE,99,"[{'abbreviation': 'Game', 'name': 'overall', 'summary': '13-4', 'type': 'total'}
 {'abbreviation': None, 'name': 'Home', 'summary': '7-1', 'type': 'home'}
 {'abbreviation': None, 'name': 'Road', 'summary': '4-3', 'type': 'road'}
 {'abbreviation': None, 'name': 'vs. Conf.', 'summary': '3-3', 'type': 'vsconf'}]",4,Big East,CONN,SJU,0c2340,d10000,a2aaad,101010,CONN,0c2340,a2aaad,SJU,d10000,101010,https://raw.githubusercontent.com/sportsdataverse/wehoop-wbb-raw/main/wbb/json/final/401825629.json,2026-01-08T00:30Z,TRUE,,
401827318,2026-01-08T00:30Z,Oklahoma State,TCU,Away,L,61,69,https://a.espncdn.com/i/teamlogos/ncaa/500/197.png,https://a.espncdn.com/i/teamlogos/ncaa/500/2628.png,99,13,8,8,,,TRUE,1,,STATUS_FINAL,8,TRUE,13,"[{'abbreviation': 'Game', 'name': 'overall', 'summary': '15-1', 'type': 'total'}
 {'abbreviation': None, 'name': 'Home', 'summary': '11-0', 'type': 'home'}
 {'abbreviation': None, 'name': 'Road', 'summary': '2-1', 'type': 'road'}
 {'abbreviation': None, 'name': 'vs. Conf.', 'summary': '3-1', 'type': 'vsconf'}]",8,FALSE,99,"[{'abbreviation': 'Game', 'name': 'overall', 'summary': '13-4', 'type': 'total'}
 {'abbreviation': None, 'name': 'Home', 'summary': '9-1', 'type': 'home'}
 {'abbreviation': None, 'name': 'Road', 'summary': '2-2', 'type': 'road'}
 {'abbreviation': None, 'name': 'vs. Conf.', 'summary': '2-2', 'type': 'vsconf'}]",8,Big 12,OKST,TCU,fe5c00,4d1979,0,ffffff,TCU,4d1979,ffffff,OKST,fe5c00,0,https://raw.githubusercontent.com/sportsdataverse/wehoop-wbb-raw/main/wbb/json/final/401827318.json,2026-01-08T00:30Z,TRUE,,
401827319,2026-01-08T00:00Z,Texas Tech,West Virginia,Away,W,71,66,https://a.espncdn.com/i/teamlogos/ncaa/500/2641.png,https://a.espncdn.com/i/teamlogos/ncaa/500/277.png,17,99,8,8,,,TRUE,1,,STATUS_FINAL,8,FALSE,99,"[{'abbreviation': 'Game', 'name': 'overall', 'summary': '13-3', 'type': 'total'}
 {'abbreviation': None, 'name': 'Home', 'summary': '8-2', 'type': 'home'}
 {'abbreviation': None, 'name': 'Road', 'summary': '3-0', 'type': 'road'}
 {'abbreviation': None, 'name': 'vs. Conf.', 'summary': '3-1', 'type': 'vsconf'}]",8,TRUE,17,"[{'abbreviation': 'Game', 'name': 'overall', 'summary': '17-0', 'type': 'total'}
 {'abbreviation': None, 'name': 'Home', 'summary': '10-0', 'type': 'home'}
 {'abbreviation': None, 'name': 'Road', 'summary': '4-0', 'type': 'road'}
 {'abbreviation': None, 'name': 'vs. Conf.', 'summary': '4-0', 'type': 'vsconf'}]",8,Big 12,TTU,WVU,da291c,eaaa00,0,2855,WVU,eaaa00,2855,TTU,da291c,0,https://raw.githubusercontent.com/sportsdataverse/wehoop-wbb-raw/main/wbb/json/final/401827319.json,2026-01-08T00:00Z,TRUE,,
401825254,2026-01-08T00:00Z,Ohio State,Illinois,Away,W,78,69,https://a.espncdn.com/i/teamlogos/ncaa/500/194.png,https://a.espncdn.com/i/teamlogos/ncaa/500/356.png,19,99,7,7,,,TRUE,1,,STATUS_FINAL,7,FALSE,99,"[{'abbreviation': 'Game', 'name': 'overall', 'summary': '13-3', 'type': 'total'}
 {'abbreviation': None, 'name': 'Home', 'summary': '10-1', 'type': 'home'}
 {'abbreviation': None, 'name': 'Road', 'summary': '3-2', 'type': 'road'}
 {'abbreviation': None, 'name': 'vs. Conf.', 'summary': '3-2', 'type': 'vsconf'}]",7,TRUE,19,"[{'abbreviation': 'Game', 'name': 'overall', 'summary': '14-2', 'type': 'total'}
 {'abbreviation': None, 'name': 'Home', 'summary': '9-1', 'type': 'home'}
 {'abbreviation': None, 'name': 'Road', 'summary': '3-1', 'type': 'road'}
 {'abbreviation': None, 'name': 'vs. Conf.', 'summary': '4-1', 'type': 'vsconf'}]",7,Big Ten,OSU,ILL,ba0c2f,ff5f05,a8adb4,13294b,ILL,ff5f05,13294b,OSU,ba0c2f,a8adb4,https://raw.githubusercontent.com/sportsdataverse/wehoop-wbb-raw/main/wbb/json/final/401825254.json,2026-01-08T00:00Z,TRUE,,
401825254,2026-01-08T00:00Z,Illinois,Ohio State,Home,L,69,7.80E+01,https://a.espncdn.com/i/teamlogos/ncaa/500/356.png,https://a.espncdn.com/i/teamlogos/ncaa/500/194.png,99,19,7,7,,,TRUE,1,,STATUS_FINAL,7,FALSE,99,"[{'abbreviation': 'Game', 'name': 'overall', 'summary': '13-3', 'type': 'total'}
 {'abbreviation': None, 'name': 'Home', 'summary': '10-1', 'type': 'home'}
 {'abbreviation': None, 'name': 'Road', 'summary': '3-2', 'type': 'road'}
 {'abbreviation': None, 'name': 'vs. Conf.', 'summary': '3-2', 'type': 'vsconf'}]",7,TRUE,19,"[{'abbreviation': 'Game', 'name': 'overall', 'summary': '14-2', 'type': 'total'}
 {'abbreviation': None, 'name': 'Home', 'summary': '9-1', 'type': 'home'}
 {'abbreviation': None, 'name': 'Road', 'summary': '3-1', 'type': 'road'}
 {'abbreviation': None, 'name': 'vs. Conf.', 'summary': '4-1', 'type': 'vsconf'}]",7,Big Ten,ILL,OSU,ff5f05,ba0c2f,13294b,a8adb4,ILL,ff5f05,13294b,OSU,ba0c2f,a8adb4,https://raw.githubusercontent.com/sportsdataverse/wehoop-wbb-raw/main/wbb/json/final/401825254.json,2026-01-08T00:00Z,TRUE,,
401827319,2026-01-08T00:00Z,West Virginia,Texas Tech,Home,L,66,71,https://a.espncdn.com/i/teamlogos/ncaa/500/277.png,https://a.espncdn.com/i/teamlogos/ncaa/500/2641.png,99,17,8,8,,,TRUE,1,,STATUS_FINAL,8,FALSE,99,"[{'abbreviation': 'Game', 'name': 'overall', 'summary': '13-3', 'type': 'total'}
 {'abbreviation': None, 'name': 'Home', 'summary': '8-2', 'type': 'home'}
 {'abbreviation': None, 'name': 'Road', 'summary': '3-0', 'type': 'road'}
 {'abbreviation': None, 'name': 'vs. Conf.', 'summary': '3-1', 'type': 'vsconf'}]",8,TRUE,17,"[{'abbreviation': 'Game', 'name': 'overall', 'summary': '17-0', 'type': 'total'}
 {'abbreviation': None, 'name': 'Home', 'summary': '10-0', 'type': 'home'}
 {'abbreviation': None, 'name': 'Road', 'summary': '4-0', 'type': 'road'}
 {'abbreviation': None, 'name': 'vs. Conf.', 'summary': '4-0', 'type': 'vsconf'}]",8,Big 12,WVU,TTU,eaaa00,da291c,2855,0,WVU,eaaa00,2855,TTU,da291c,0,https://raw.githubusercontent.com/sportsdataverse/wehoop-wbb-raw/main/wbb/json/final/401827319.json,2026-01-08T00:00Z,TRUE,,
401827315,2026-01-07T23:30Z,Iowa State,Cincinnati,Away,L,63,7.10E+01,https://a.espncdn.com/i/teamlogos/ncaa/500/66.png,https://a.espncdn.com/i/teamlogos/ncaa/500/2132.png,11,99,8,8,,,TRUE,1,,STATUS_FINAL,8,TRUE,99,"[{'abbreviation': 'Game', 'name': 'overall', 'summary': '6-10', 'type': 'total'}
 {'abbreviation': None, 'name': 'Home', 'summary': '4-5', 'type': 'home'}
 {'abbreviation': None, 'name': 'Road', 'summary': '0-5', 'type': 'road'}
 {'abbreviation': None, 'name': 'vs. Conf.', 'summary': '1-3', 'type': 'vsconf'}]",8,FALSE,11,"[{'abbreviation': 'Game', 'name': 'overall', 'summary': '14-2', 'type': 'total'}
 {'abbreviation': None, 'name': 'Home', 'summary': '10-1', 'type': 'home'}
 {'abbreviation': None, 'name': 'Road', 'summary': '2-1', 'type': 'road'}
 {'abbreviation': None, 'name': 'vs. Conf.', 'summary': '2-2', 'type': 'vsconf'}]",8,Big 12,ISU,CIN,ae192d,0,ffc72a,e00122,CIN,0,e00122,ISU,ae192d,ffc72a,https://raw.githubusercontent.com/sportsdataverse/wehoop-wbb-raw/main/wbb/json/final/401827315.json,2026-01-07T23:30Z,TRUE,,
401829058,2026-01-07T23:00Z,Richmond,Fordham,Home,W,84,65,https://a.espncdn.com/i/teamlogos/ncaa/500/257.png,https://a.espncdn.com/i/teamlogos/ncaa/500/2230.png,99,99,3,3,,,TRUE,1,,STATUS_FINAL,3,TRUE,99,"[{'abbreviation': 'Game', 'name': 'overall', 'summary': '13-4', 'type': 'total'}
 {'abbreviation': None, 'name': 'Home', 'summary': '6-1', 'type': 'home'}
 {'abbreviation': None, 'name': 'Road', 'summary': '4-2', 'type': 'road'}
 {'abbreviation': None, 'name': 'vs. Conf.', 'summary': '3-1', 'type': 'vsconf'}]",3,FALSE,99,"[{'abbreviation': 'Game', 'name': 'overall', 'summary': '8-7', 'type': 'total'}
 {'abbreviation': None, 'name': 'Home', 'summary': '6-3', 'type': 'home'}
 {'abbreviation': None, 'name': 'Road', 'summary': '2-4', 'type': 'road'}
 {'abbreviation': None, 'name': 'vs. Conf.', 'summary': '0-4', 'type': 'vsconf'}]",3,A-10,RICH,FOR,9e0712,830032,b90b2e,909090,RICH,9e0712,b90b2e,FOR,830032,909090,https://raw.githubusercontent.com/sportsdataverse/wehoop-wbb-raw/main/wbb/json/final/401829058.json,2026-01-07T23:00Z,TRUE,,
401808783,2026-01-07T23:00Z,James Madison,Georgia Southern,Away,L,70,78,https://a.espncdn.com/i/teamlogos/ncaa/500/256.png,https://a.espncdn.com/i/teamlogos/ncaa/500/290.png,99,99,27,27,,,TRUE,1,,STATUS_FINAL,27,TRUE,99,"[{'abbreviation': 'Game', 'name': 'overall', 'summary': '11-4', 'type': 'total'}
 {'abbreviation': None, 'name': 'Home', 'summary': '8-1', 'type': 'home'}
 {'abbreviation': None, 'name': 'Road', 'summary': '3-3', 'type': 'road'}
 {'abbreviation': None, 'name': 'vs. Conf.', 'summary': '4-1', 'type': 'vsconf'}]",27,FALSE,99,"[{'abbreviation': 'Game', 'name': 'overall', 'summary': '11-6', 'type': 'total'}
 {'abbreviation': None, 'name': 'Home', 'summary': '7-3', 'type': 'home'}
 {'abbreviation': None, 'name': 'Road', 'summary': '2-3', 'type': 'road'}
 {'abbreviation': None, 'name': 'vs. Conf.', 'summary': '3-2', 'type': 'vsconf'}]",27,Sun Belt,JMU,GASO,450084,4.10E+43,cbb677,a3aaae,GASO,4.10E+43,a3aaae,JMU,450084,cbb677,https://raw.githubusercontent.com/sportsdataverse/wehoop-wbb-raw/main/wbb/json/final/401808783.json,2026-01-07T23:00Z,TRUE,,
401829061,2026-01-07T16:00Z,Rhode Island,George Washington,Away,W,79,70,https://a.espncdn.com/i/teamlogos/ncaa/500/227.png,https://a.espncdn.com/i/teamlogos/ncaa/500/45.png,99,99,3,3,,,TRUE,1,,STATUS_FINAL,3,FALSE,99,"[{'abbreviation': 'Game', 'name': 'overall', 'summary': '9-8', 'type': 'total'}
 {'abbreviation': None, 'name': 'Home', 'summary': '7-2', 'type': 'home'}
 {'abbreviation': None, 'name': 'Road', 'summary': '1-5', 'type': 'road'}
 {'abbreviation': None, 'name': 'vs. Conf.', 'summary': '1-3', 'type': 'vsconf'}]",3,TRUE,99,"[{'abbreviation': 'Game', 'name': 'overall', 'summary': '13-2', 'type': 'total'}
 {'abbreviation': None, 'name': 'Home', 'summary': '6-1', 'type': 'home'}
 {'abbreviation': None, 'name': 'Road', 'summary': '7-1', 'type': 'road'}
 {'abbreviation': None, 'name': 'vs. Conf.', 'summary': '4-0', 'type': 'vsconf'}]",3,A-10,URI,GW,091f3f,2843,5ab3e8,e8d2a1,GW,2843,e8d2a1,URI,091f3f,5ab3e8,https://raw.githubusercontent.com/sportsdataverse/wehoop-wbb-raw/main/wbb/json/final/401829061.json,2026-01-07T16:00Z,TRUE,,
401825253,2026-01-07T03:00Z,Oregon,USC,Away,W,71,66,https://a.espncdn.com/i/teamlogos/ncaa/500/2483.png,https://a.espncdn.com/i/teamlogos/ncaa/500/30.png,99,21,7,7,,,TRUE,1,,STATUS_FINAL,7,FALSE,21,"[{'abbreviation': 'Game', 'name': 'overall', 'summary': '10-5', 'type': 'total'}
 {'abbreviation': None, 'name': 'Home', 'summary': '7-2', 'type': 'home'}
 {'abbreviation': None, 'name': 'Road', 'summary': '1-2', 'type': 'road'}
 {'abbreviation': None, 'name': 'vs. Conf.', 'summary': '2-2', 'type': 'vsconf'}]",7,TRUE,99,"[{'abbreviation': 'Game', 'name': 'overall', 'summary': '14-3', 'type': 'total'}
 {'abbreviation': None, 'name': 'Home', 'summary': '9-1', 'type': 'home'}
 {'abbreviation': None, 'name': 'Road', 'summary': '3-1', 'type': 'road'}
 {'abbreviation': None, 'name': 'vs. Conf.', 'summary': '2-2', 'type': 'vsconf'}]",7,Big Ten,ORE,USC,00934b,9d2235,fff41b,ffc72c,USC,9d2235,ffc72c,ORE,00934b,fff41b,https://raw.githubusercontent.com/sportsdataverse/wehoop-wbb-raw/main/wbb/json/final/401825253.json,2026-01-07T03:00Z,TRUE,,
401825253,2026-01-07T03:00Z,USC,Oregon,Home,L,66,71,https://a.espncdn.com/i/teamlogos/ncaa/500/30.png,https://a.espncdn.com/i/teamlogos/ncaa/500/2483.png,21,99,7,7,,,TRUE,1,,STATUS_FINAL,7,FALSE,21,"[{'abbreviation': 'Game', 'name': 'overall', 'summary': '10-5', 'type': 'total'}
 {'abbreviation': None, 'name': 'Home', 'summary': '7-2', 'type': 'home'}
 {'abbreviation': None, 'name': 'Road', 'summary': '1-2', 'type': 'road'}
 {'abbreviation': None, 'name': 'vs. Conf.', 'summary': '2-2', 'type': 'vsconf'}]",7,TRUE,99,"[{'abbreviation': 'Game', 'name': 'overall', 'summary': '14-3', 'type': 'total'}
 {'abbreviation': None, 'name': 'Home', 'summary': '9-1', 'type': 'home'}
 {'abbreviation': None, 'name': 'Road', 'summary': '3-1', 'type': 'road'}
 {'abbreviation': None, 'name': 'vs. Conf.', 'summary': '2-2', 'type': 'vsconf'}]",7,Big Ten,USC,ORE,9d2235,00934b,ffc72c,fff41b,USC,9d2235,ffc72c,ORE,00934b,fff41b,https://raw.githubusercontent.com/sportsdataverse/wehoop-wbb-raw/main/wbb/json/final/401825253.json,2026-01-07T03:00Z,TRUE,,
401825251,2026-01-06T01:30Z,Iowa,Northwestern,Away,W,67,58,https://a.espncdn.com/i/teamlogos/ncaa/500/2294.png,https://a.espncdn.com/i/teamlogos/ncaa/500/77.png,14,99,7,7,,,TRUE,1,,STATUS_FINAL,7,FALSE,99,"[{'abbreviation': 'Game', 'name': 'overall', 'summary': '6-9', 'type': 'total'}
 {'abbreviation': None, 'name': 'Home', 'summary': '4-4', 'type': 'home'}
 {'abbreviation': None, 'name': 'Road', 'summary': '1-4', 'type': 'road'}
 {'abbreviation': None, 'name': 'vs. Conf.', 'summary': '0-4', 'type': 'vsconf'}]",7,TRUE,14,"[{'abbreviation': 'Game', 'name': 'overall', 'summary': '13-2', 'type': 'total'}
 {'abbreviation': None, 'name': 'Home', 'summary': '8-0', 'type': 'home'}
 {'abbreviation': None, 'name': 'Road', 'summary': '3-1', 'type': 'road'}
 {'abbreviation': None, 'name': 'vs. Conf.', 'summary': '4-0', 'type': 'vsconf'}]",7,Big Ten,IOWA,NU,231f20,492f92,fcd116,ffffff,NU,492f92,ffffff,IOWA,231f20,fcd116,https://raw.githubusercontent.com/sportsdataverse/wehoop-wbb-raw/main/wbb/json/final/401825251.json,2026-01-06T01:30Z,TRUE,,
401825252,2026-01-05T23:30Z,Michigan,Minnesota,Home,W,70,60,https://a.espncdn.com/i/teamlogos/ncaa/500/130.png,https://a.espncdn.com/i/teamlogos/ncaa/500/135.png,9,99,7,7,,,TRUE,1,,STATUS_FINAL,7,TRUE,9,"[{'abbreviation': 'Game', 'name': 'overall', 'summary': '12-2', 'type': 'total'}
 {'abbreviation': None, 'name': 'Home', 'summary': '8-0', 'type': 'home'}
 {'abbreviation': None, 'name': 'Road', 'summary': '2-1', 'type': 'road'}
 {'abbreviation': None, 'name': 'vs. Conf.', 'summary': '3-1', 'type': 'vsconf'}]",7,FALSE,99,"[{'abbreviation': 'Game', 'name': 'overall', 'summary': '10-4', 'type': 'total'}
 {'abbreviation': None, 'name': 'Home', 'summary': '7-1', 'type': 'home'}
 {'abbreviation': None, 'name': 'Road', 'summary': '2-2', 'type': 'road'}
 {'abbreviation': None, 'name': 'vs. Conf.', 'summary': '1-2', 'type': 'vsconf'}]",7,Big Ten,MICH,MINN,00274c,5e0a2f,ffcb05,fab41c,MICH,00274c,ffcb05,MINN,5e0a2f,fab41c,https://raw.githubusercontent.com/sportsdataverse/wehoop-wbb-raw/main/wbb/json/final/401825252.json,2026-01-05T23:30Z,TRUE,,
401825252,2026-01-05T23:30Z,Minnesota,Michigan,Away,L,60,70,https://a.espncdn.com/i/teamlogos/ncaa/500/135.png,https://a.espncdn.com/i/teamlogos/ncaa/500/130.png,99,9,7,7,,,TRUE,1,,STATUS_FINAL,7,TRUE,9,"[{'abbreviation': 'Game', 'name': 'overall', 'summary': '12-2', 'type': 'total'}
 {'abbreviation': None, 'name': 'Home', 'summary': '8-0', 'type': 'home'}
 {'abbreviation': None, 'name': 'Road', 'summary': '2-1', 'type': 'road'}
 {'abbreviation': None, 'name': 'vs. Conf.', 'summary': '3-1', 'type': 'vsconf'}]",7,FALSE,99,"[{'abbreviation': 'Game', 'name': 'overall', 'summary': '10-4', 'type': 'total'}
 {'abbreviation': None, 'name': 'Home', 'summary': '7-1', 'type': 'home'}
 {'abbreviation': None, 'name': 'Road', 'summary': '2-2', 'type': 'road'}
 {'abbreviation': None, 'name': 'vs. Conf.', 'summary': '1-2', 'type': 'vsconf'}]",7,Big Ten,MINN,MICH,5e0a2f,00274c,fab41c,ffcb05,MICH,00274c,ffcb05,MINN,5e0a2f,fab41c,https://raw.githubusercontent.com/sportsdataverse/wehoop-wbb-raw/main/wbb/json/final/401825252.json,2026-01-05T23:30Z,TRUE,,
401825247,2026-01-04T23:00Z,Maryland,Indiana,Home,W,82,67,https://a.espncdn.com/i/teamlogos/ncaa/500/120.png,https://a.espncdn.com/i/teamlogos/ncaa/500/84.png,7,99,7,7,,,TRUE,1,,STATUS_FINAL,7,TRUE,7,"[{'abbreviation': 'Game', 'name': 'overall', 'summary': '15-1', 'type': 'total'}
 {'abbreviation': None, 'name': 'Home', 'summary': '12-0', 'type': 'home'}
 {'abbreviation': None, 'name': 'Road', 'summary': '1-1', 'type': 'road'}
 {'abbreviation': None, 'name': 'vs. Conf.', 'summary': '3-1', 'type': 'vsconf'}]",7,FALSE,99,"[{'abbreviation': 'Game', 'name': 'overall', 'summary': '11-5', 'type': 'total'}
 {'abbreviation': None, 'name': 'Home', 'summary': '8-2', 'type': 'home'}
 {'abbreviation': None, 'name': 'Road', 'summary': '2-2', 'type': 'road'}
 {'abbreviation': None, 'name': 'vs. Conf.', 'summary': '0-4', 'type': 'vsconf'}]",7,Big Ten,MD,IU,ce1126,970310,ffffff,ffffff,MD,ce1126,ffffff,IU,970310,ffffff,https://raw.githubusercontent.com/sportsdataverse/wehoop-wbb-raw/main/wbb/json/final/401825247.json,2026-01-04T23:00Z,TRUE,,
401807541,2026-01-04T22:00Z,Vanderbilt,LSU,Home,W,65,61,https://a.espncdn.com/i/teamlogos/ncaa/500/238.png,https://a.espncdn.com/i/teamlogos/ncaa/500/99.png,12,5,23,23,,,TRUE,1,,STATUS_FINAL,23,TRUE,12,"[{'abbreviation': 'Game', 'name': 'overall', 'summary': '15-0', 'type': 'total'}
 {'abbreviation': None, 'name': 'Home', 'summary': '9-0', 'type': 'home'}
 {'abbreviation': None, 'name': 'Road', 'summary': '3-0', 'type': 'road'}
 {'abbreviation': None, 'name': 'vs. Conf.', 'summary': '2-0', 'type': 'vsconf'}]",23,FALSE,5,"[{'abbreviation': 'Game', 'name': 'overall', 'summary': '14-2', 'type': 'total'}
 {'abbreviation': None, 'name': 'Home', 'summary': '7-1', 'type': 'home'}
 {'abbreviation': None, 'name': 'Road', 'summary': '4-1', 'type': 'road'}
 {'abbreviation': None, 'name': 'vs. Conf.', 'summary': '0-2', 'type': 'vsconf'}]",23,SEC,VAN,LSU,0,461d76,cfae70,fdd023,VAN,0,cfae70,LSU,461d76,fdd023,https://raw.githubusercontent.com/sportsdataverse/wehoop-wbb-raw/main/wbb/json/final/401807541.json,2026-01-04T22:00Z,TRUE,,
401807541,2026-01-04T22:00Z,LSU,Vanderbilt,Away,L,61,65,https://a.espncdn.com/i/teamlogos/ncaa/500/99.png,https://a.espncdn.com/i/teamlogos/ncaa/500/238.png,5,12,23,23,,,TRUE,1,,STATUS_FINAL,23,TRUE,12,"[{'abbreviation': 'Game', 'name': 'overall', 'summary': '15-0', 'type': 'total'}
 {'abbreviation': None, 'name': 'Home', 'summary': '9-0', 'type': 'home'}
 {'abbreviation': None, 'name': 'Road', 'summary': '3-0', 'type': 'road'}
 {'abbreviation': None, 'name': 'vs. Conf.', 'summary': '2-0', 'type': 'vsconf'}]",23,FALSE,5,"[{'abbreviation': 'Game', 'name': 'overall', 'summary': '14-2', 'type': 'total'}
 {'abbreviation': None, 'name': 'Home', 'summary': '7-1', 'type': 'home'}
 {'abbreviation': None, 'name': 'Road', 'summary': '4-1', 'type': 'road'}
 {'abbreviation': None, 'name': 'vs. Conf.', 'summary': '0-2', 'type': 'vsconf'}]",23,SEC,LSU,VAN,461d76,0,fdd023,cfae70,VAN,0,cfae70,LSU,461d76,fdd023,https://raw.githubusercontent.com/sportsdataverse/wehoop-wbb-raw/main/wbb/json/final/401807541.json,2026-01-04T22:00Z,TRUE,,
401807538,2026-01-04T21:00Z,Tennessee,Auburn,Away,W,73,56,https://a.espncdn.com/i/teamlogos/ncaa/500/2633_ncw.png,https://a.espncdn.com/i/teamlogos/ncaa/500/2.png,23,99,23,23,,,TRUE,1,,STATUS_FINAL,23,FALSE,99,"[{'abbreviation': 'Game', 'name': 'overall', 'summary': '11-5', 'type': 'total'}
 {'abbreviation': None, 'name': 'Home', 'summary': '7-2', 'type': 'home'}
 {'abbreviation': None, 'name': 'Road', 'summary': '2-3', 'type': 'road'}
 {'abbreviation': None, 'name': 'vs. Conf.', 'summary': '0-2', 'type': 'vsconf'}]",23,TRUE,23,"[{'abbreviation': 'Game', 'name': 'overall', 'summary': '10-3', 'type': 'total'}
 {'abbreviation': None, 'name': 'Home', 'summary': '6-0', 'type': 'home'}
 {'abbreviation': None, 'name': 'Road', 'summary': '4-1', 'type': 'road'}
 {'abbreviation': None, 'name': 'vs. Conf.', 'summary': '2-0', 'type': 'vsconf'}]",23,SEC,TENN,AUB,ff8200,002b5c,ffffff,f26522,AUB,002b5c,f26522,TENN,ff8200,ffffff,https://raw.githubusercontent.com/sportsdataverse/wehoop-wbb-raw/main/wbb/json/final/401807538.json,2026-01-04T21:00Z,TRUE,,
401825626,2026-01-04T21:00Z,Villanova,Marquette,Away,L,69,85,https://a.espncdn.com/i/teamlogos/ncaa/500/222.png,https://a.espncdn.com/i/teamlogos/ncaa/500/269.png,99,99,4,4,,,TRUE,1,,STATUS_FINAL,4,TRUE,99,"[{'abbreviation': 'Game', 'name': 'overall', 'summary': '10-5', 'type': 'total'}
 {'abbreviation': None, 'name': 'Home', 'summary': '7-1', 'type': 'home'}
 {'abbreviation': None, 'name': 'Road', 'summary': '3-2', 'type': 'road'}
 {'abbreviation': None, 'name': 'vs. Conf.', 'summary': '4-2', 'type': 'vsconf'}]",4,FALSE,99,"[{'abbreviation': 'Game', 'name': 'overall', 'summary': '12-3', 'type': 'total'}
 {'abbreviation': None, 'name': 'Home', 'summary': '6-2', 'type': 'home'}
 {'abbreviation': None, 'name': 'Road', 'summary': '5-1', 'type': 'road'}
 {'abbreviation': None, 'name': 'vs. Conf.', 'summary': '5-1', 'type': 'vsconf'}]",4,Big East,VILL,MARQ,00205b,3366,13b5ea,ffcc00,MARQ,3366,ffcc00,VILL,00205b,13b5ea,https://raw.githubusercontent.com/sportsdataverse/wehoop-wbb-raw/main/wbb/json/final/401825626.json,2026-01-04T21:00Z,TRUE,,
401819654,2026-01-04T21:00Z,Louisville,Virginia Tech,Home,W,85,60,https://a.espncdn.com/i/teamlogos/ncaa/500/97.png,https://a.espncdn.com/i/teamlogos/ncaa/500/259.png,13,99,2,2,,,TRUE,1,,STATUS_FINAL,2,TRUE,13,"[{'abbreviation': 'Game', 'name': 'overall', 'summary': '14-3', 'type': 'total'}
 {'abbreviation': None, 'name': 'Home', 'summary': '10-2', 'type': 'home'}
 {'abbreviation': None, 'name': 'Road', 'summary': '2-0', 'type': 'road'}
 {'abbreviation': None, 'name': 'vs. Conf.', 'summary': '4-0', 'type': 'vsconf'}]",2,FALSE,99,"[{'abbreviation': 'Game', 'name': 'overall', 'summary': '11-5', 'type': 'total'}
 {'abbreviation': None, 'name': 'Home', 'summary': '9-2', 'type': 'home'}
 {'abbreviation': None, 'name': 'Road', 'summary': '1-2', 'type': 'road'}
 {'abbreviation': None, 'name': 'vs. Conf.', 'summary': '1-3', 'type': 'vsconf'}]",2,ACC,LOU,VT,c9001f,6a2c3e,ffffff,cf4520,LOU,c9001f,ffffff,VT,6a2c3e,cf4520,https://raw.githubusercontent.com/sportsdataverse/wehoop-wbb-raw/main/wbb/json/final/401819654.json,2026-01-04T21:00Z,TRUE,,
401819654,2026-01-04T21:00Z,Virginia Tech,Louisville,Away,L,60,85,https://a.espncdn.com/i/teamlogos/ncaa/500/259.png,https://a.espncdn.com/i/teamlogos/ncaa/500/97.png,99,13,2,2,,,TRUE,1,,STATUS_FINAL,2,TRUE,13,"[{'abbreviation': 'Game', 'name': 'overall', 'summary': '14-3', 'type': 'total'}
 {'abbreviation': None, 'name': 'Home', 'summary': '10-2', 'type': 'home'}
 {'abbreviation': None, 'name': 'Road', 'summary': '2-0', 'type': 'road'}
 {'abbreviation': None, 'name': 'vs. Conf.', 'summary': '4-0', 'type': 'vsconf'}]",2,FALSE,99,"[{'abbreviation': 'Game', 'name': 'overall', 'summary': '11-5', 'type': 'total'}
 {'abbreviation': None, 'name': 'Home', 'summary': '9-2', 'type': 'home'}
 {'abbreviation': None, 'name': 'Road', 'summary': '1-2', 'type': 'road'}
 {'abbreviation': None, 'name': 'vs. Conf.', 'summary': '1-3', 'type': 'vsconf'}]",2,ACC,VT,LOU,6a2c3e,c9001f,cf4520,ffffff,LOU,c9001f,ffffff,VT,6a2c3e,cf4520,https://raw.githubusercontent.com/sportsdataverse/wehoop-wbb-raw/main/wbb/json/final/401819654.json,2026-01-04T21:00Z,TRUE,,
401825249,2026-01-04T20:00Z,Nebraska,Purdue,Home,W,78,62,https://a.espncdn.com/i/teamlogos/ncaa/500/158.png,https://a.espncdn.com/i/teamlogos/ncaa/500/2509.png,20,99,7,7,,,TRUE,1,,STATUS_FINAL,7,TRUE,20,"[{'abbreviation': 'Game', 'name': 'overall', 'summary': '13-2', 'type': 'total'}
 {'abbreviation': None, 'name': 'Home', 'summary': '9-1', 'type': 'home'}
 {'abbreviation': None, 'name': 'Road', 'summary': '1-1', 'type': 'road'}
 {'abbreviation': None, 'name': 'vs. Conf.', 'summary': '2-2', 'type': 'vsconf'}]",7,FALSE,99,"[{'abbreviation': 'Game', 'name': 'overall', 'summary': '8-7', 'type': 'total'}
 {'abbreviation': None, 'name': 'Home', 'summary': '8-2', 'type': 'home'}
 {'abbreviation': None, 'name': 'Road', 'summary': '0-5', 'type': 'road'}
 {'abbreviation': None, 'name': 'vs. Conf.', 'summary': '0-4', 'type': 'vsconf'}]",7,Big Ten,NEB,PUR,e31937,ceb888,ffffff,0,NEB,e31937,ffffff,PUR,ceb888,0,https://raw.githubusercontent.com/sportsdataverse/wehoop-wbb-raw/main/wbb/json/final/401825249.json,2026-01-04T20:00Z,TRUE,,
401827311,2026-01-04T20:00Z,Baylor,Iowa State,Away,W,72,70,https://a.espncdn.com/i/teamlogos/ncaa/500/239.png,https://a.espncdn.com/i/teamlogos/ncaa/500/66.png,22,10,8,8,,,TRUE,1,,STATUS_FINAL,8,FALSE,10,"[{'abbreviation': 'Game', 'name': 'overall', 'summary': '14-1', 'type': 'total'}
 {'abbreviation': None, 'name': 'Home', 'summary': '10-1', 'type': 'home'}
 {'abbreviation': None, 'name': 'Road', 'summary': '2-0', 'type': 'road'}
 {'abbreviation': None, 'name': 'vs. Conf.', 'summary': '2-1', 'type': 'vsconf'}]",8,TRUE,22,"[{'abbreviation': 'Game', 'name': 'overall', 'summary': '13-3', 'type': 'total'}
 {'abbreviation': None, 'name': 'Home', 'summary': '8-1', 'type': 'home'}
 {'abbreviation': None, 'name': 'Road', 'summary': '3-0', 'type': 'road'}
 {'abbreviation': None, 'name': 'vs. Conf.', 'summary': '2-1', 'type': 'vsconf'}]",8,Big 12,BAY,ISU,154734,ae192d,ffb81c,ffc72a,ISU,ae192d,ffc72a,BAY,154734,ffb81c,https://raw.githubusercontent.com/sportsdataverse/wehoop-wbb-raw/main/wbb/json/final/401827311.json,2026-01-04T20:00Z,TRUE,,
401807544,2026-01-04T20:00Z,Mississippi State,Oklahoma,Away,L,47,95,https://a.espncdn.com/i/teamlogos/ncaa/500/344.png,https://a.espncdn.com/i/teamlogos/ncaa/500/201.png,99,8,23,23,,,TRUE,1,,STATUS_FINAL,23,TRUE,8,"[{'abbreviation': 'Game', 'name': 'overall', 'summary': '14-1', 'type': 'total'}
 {'abbreviation': None, 'name': 'Home', 'summary': '9-0', 'type': 'home'}
 {'abbreviation': None, 'name': 'Road', 'summary': '2-0', 'type': 'road'}
 {'abbreviation': None, 'name': 'vs. Conf.', 'summary': '2-0', 'type': 'vsconf'}]",23,FALSE,99,"[{'abbreviation': 'Game', 'name': 'overall', 'summary': '14-2', 'type': 'total'}
 {'abbreviation': None, 'name': 'Home', 'summary': '12-0', 'type': 'home'}
 {'abbreviation': None, 'name': 'Road', 'summary': '1-2', 'type': 'road'}
 {'abbreviation': None, 'name': 'vs. Conf.', 'summary': '1-1', 'type': 'vsconf'}]",23,SEC,MSST,OU,5d1725,990000,c1c6c8,ffffff,OU,990000,ffffff,MSST,5d1725,c1c6c8,https://raw.githubusercontent.com/sportsdataverse/wehoop-wbb-raw/main/wbb/json/final/401807544.json,2026-01-04T20:00Z,TRUE,,
401807539,2026-01-04T20:00Z,Texas,Ole Miss,Home,W,67,64,https://a.espncdn.com/i/teamlogos/ncaa/500/251.png,https://a.espncdn.com/i/teamlogos/ncaa/500/145.png,2,15,23,23,,,TRUE,1,,STATUS_FINAL,23,TRUE,2,"[{'abbreviation': 'Game', 'name': 'overall', 'summary': '17-0', 'type': 'total'}
 {'abbreviation': None, 'name': 'Home', 'summary': '11-0', 'type': 'home'}
 {'abbreviation': None, 'name': 'Road', 'summary': '3-0', 'type': 'road'}
 {'abbreviation': None, 'name': 'vs. Conf.', 'summary': '2-0', 'type': 'vsconf'}]",23,FALSE,15,"[{'abbreviation': 'Game', 'name': 'overall', 'summary': '14-3', 'type': 'total'}
 {'abbreviation': None, 'name': 'Home', 'summary': '9-0', 'type': 'home'}
 {'abbreviation': None, 'name': 'Road', 'summary': '2-1', 'type': 'road'}
 {'abbreviation': None, 'name': 'vs. Conf.', 'summary': '1-1', 'type': 'vsconf'}]",23,SEC,TEX,MISS,af5c37,13294b,ffffff,cf142b,TEX,af5c37,ffffff,MISS,13294b,cf142b,https://raw.githubusercontent.com/sportsdataverse/wehoop-wbb-raw/main/wbb/json/final/401807539.json,2026-01-04T20:00Z,TRUE,,
401807537,2026-01-04T20:00Z,Alabama,Arkansas,Home,W,77,48,https://a.espncdn.com/i/teamlogos/ncaa/500/333.png,https://a.espncdn.com/i/teamlogos/ncaa/500/8.png,99,99,23,23,,,TRUE,1,,STATUS_FINAL,23,TRUE,99,"[{'abbreviation': 'Game', 'name': 'overall', 'summary': '15-1', 'type': 'total'}
 {'abbreviation': None, 'name': 'Home', 'summary': '13-0', 'type': 'home'}
 {'abbreviation': None, 'name': 'Road', 'summary': '0-1', 'type': 'road'}
 {'abbreviation': None, 'name': 'vs. Conf.', 'summary': '1-1', 'type': 'vsconf'}]",23,FALSE,99,"[{'abbreviation': 'Game', 'name': 'overall', 'summary': '11-6', 'type': 'total'}
 {'abbreviation': None, 'name': 'Home', 'summary': '8-3', 'type': 'home'}
 {'abbreviation': None, 'name': 'Road', 'summary': '1-3', 'type': 'road'}
 {'abbreviation': None, 'name': 'vs. Conf.', 'summary': '0-2', 'type': 'vsconf'}]",23,SEC,ALA,ARK,9e1b32,a32136,ffffff,ffffff,ALA,9e1b32,ffffff,ARK,a32136,ffffff,https://raw.githubusercontent.com/sportsdataverse/wehoop-wbb-raw/main/wbb/json/final/401807537.json,2026-01-04T20:00Z,TRUE,,
401827311,2026-01-04T20:00Z,Iowa State,Baylor,Home,L,70,72,https://a.espncdn.com/i/teamlogos/ncaa/500/66.png,https://a.espncdn.com/i/teamlogos/ncaa/500/239.png,10,22,8,8,,,TRUE,1,,STATUS_FINAL,8,FALSE,10,"[{'abbreviation': 'Game', 'name': 'overall', 'summary': '14-1', 'type': 'total'}
 {'abbreviation': None, 'name': 'Home', 'summary': '10-1', 'type': 'home'}
 {'abbreviation': None, 'name': 'Road', 'summary': '2-0', 'type': 'road'}
 {'abbreviation': None, 'name': 'vs. Conf.', 'summary': '2-1', 'type': 'vsconf'}]",8,TRUE,22,"[{'abbreviation': 'Game', 'name': 'overall', 'summary': '13-3', 'type': 'total'}
 {'abbreviation': None, 'name': 'Home', 'summary': '8-1', 'type': 'home'}
 {'abbreviation': None, 'name': 'Road', 'summary': '3-0', 'type': 'road'}
 {'abbreviation': None, 'name': 'vs. Conf.', 'summary': '2-1', 'type': 'vsconf'}]",8,Big 12,ISU,BAY,ae192d,154734,ffc72a,ffb81c,ISU,ae192d,ffc72a,BAY,154734,ffb81c,https://raw.githubusercontent.com/sportsdataverse/wehoop-wbb-raw/main/wbb/json/final/401827311.json,2026-01-04T20:00Z,TRUE,,
401807544,2026-01-04T20:00Z,Oklahoma,Mississippi State,Home,W,95,47,https://a.espncdn.com/i/teamlogos/ncaa/500/201.png,https://a.espncdn.com/i/teamlogos/ncaa/500/344.png,8,99,23,23,,,TRUE,1,,STATUS_FINAL,23,TRUE,8,"[{'abbreviation': 'Game', 'name': 'overall', 'summary': '14-1', 'type': 'total'}
 {'abbreviation': None, 'name': 'Home', 'summary': '9-0', 'type': 'home'}
 {'abbreviation': None, 'name': 'Road', 'summary': '2-0', 'type': 'road'}
 {'abbreviation': None, 'name': 'vs. Conf.', 'summary': '2-0', 'type': 'vsconf'}]",23,FALSE,99,"[{'abbreviation': 'Game', 'name': 'overall', 'summary': '14-2', 'type': 'total'}
 {'abbreviation': None, 'name': 'Home', 'summary': '12-0', 'type': 'home'}
 {'abbreviation': None, 'name': 'Road', 'summary': '1-2', 'type': 'road'}
 {'abbreviation': None, 'name': 'vs. Conf.', 'summary': '1-1', 'type': 'vsconf'}]",23,SEC,OU,MSST,990000,5d1725,ffffff,c1c6c8,OU,990000,ffffff,MSST,5d1725,c1c6c8,https://raw.githubusercontent.com/sportsdataverse/wehoop-wbb-raw/main/wbb/json/final/401807544.json,2026-01-04T20:00Z,TRUE,,
401807539,2026-01-04T20:00Z,Ole Miss,Texas,Away,L,64,67,https://a.espncdn.com/i/teamlogos/ncaa/500/145.png,https://a.espncdn.com/i/teamlogos/ncaa/500/251.png,15,2,23,23,,,TRUE,1,,STATUS_FINAL,23,TRUE,2,"[{'abbreviation': 'Game', 'name': 'overall', 'summary': '17-0', 'type': 'total'}
 {'abbreviation': None, 'name': 'Home', 'summary': '11-0', 'type': 'home'}
 {'abbreviation': None, 'name': 'Road', 'summary': '3-0', 'type': 'road'}
 {'abbreviation': None, 'name': 'vs. Conf.', 'summary': '2-0', 'type': 'vsconf'}]",23,FALSE,15,"[{'abbreviation': 'Game', 'name': 'overall', 'summary': '14-3', 'type': 'total'}
 {'abbreviation': None, 'name': 'Home', 'summary': '9-0', 'type': 'home'}
 {'abbreviation': None, 'name': 'Road', 'summary': '2-1', 'type': 'road'}
 {'abbreviation': None, 'name': 'vs. Conf.', 'summary': '1-1', 'type': 'vsconf'}]",23,SEC,MISS,TEX,13294b,af5c37,cf142b,ffffff,TEX,af5c37,ffffff,MISS,13294b,cf142b,https://raw.githubusercontent.com/sportsdataverse/wehoop-wbb-raw/main/wbb/json/final/401807539.json,2026-01-04T20:00Z,TRUE,,
401819563,2026-01-04T19:00Z,NC State,California,Home,W,71,60,https://a.espncdn.com/i/teamlogos/ncaa/500/152.png,https://a.espncdn.com/i/teamlogos/ncaa/500/25.png,99,99,2,2,,,TRUE,1,,STATUS_FINAL,2,TRUE,99,"[{'abbreviation': 'Game', 'name': 'overall', 'summary': '11-4', 'type': 'total'}
 {'abbreviation': None, 'name': 'Home', 'summary': '6-2', 'type': 'home'}
 {'abbreviation': None, 'name': 'Road', 'summary': '2-1', 'type': 'road'}
 {'abbreviation': None, 'name': 'vs. Conf.', 'summary': '4-0', 'type': 'vsconf'}]",2,FALSE,99,"[{'abbreviation': 'Game', 'name': 'overall', 'summary': '9-7', 'type': 'total'}
 {'abbreviation': None, 'name': 'Home', 'summary': '8-0', 'type': 'home'}
 {'abbreviation': None, 'name': 'Road', 'summary': '0-4', 'type': 'road'}
 {'abbreviation': None, 'name': 'vs. Conf.', 'summary': '0-3', 'type': 'vsconf'}]",2,ACC,NCSU,CAL,cc0000,4.10E+43,ffffff,ffc72c,NCSU,cc0000,ffffff,CAL,4.10E+43,ffc72c,https://raw.githubusercontent.com/sportsdataverse/wehoop-wbb-raw/main/wbb/json/final/401819563.json,2026-01-04T19:00Z,TRUE,,
401827312,2026-01-04T19:00Z,West Virginia,Kansas State,Away,W,60,58,https://a.espncdn.com/i/teamlogos/ncaa/500/277.png,https://a.espncdn.com/i/teamlogos/ncaa/500/2306.png,99,99,8,8,,,TRUE,1,,STATUS_FINAL,8,FALSE,99,"[{'abbreviation': 'Game', 'name': 'overall', 'summary': '8-8', 'type': 'total'}
 {'abbreviation': None, 'name': 'Home', 'summary': '4-4', 'type': 'home'}
 {'abbreviation': None, 'name': 'Road', 'summary': '2-2', 'type': 'road'}
 {'abbreviation': None, 'name': 'vs. Conf.', 'summary': '1-2', 'type': 'vsconf'}]",8,TRUE,99,"[{'abbreviation': 'Game', 'name': 'overall', 'summary': '13-2', 'type': 'total'}
 {'abbreviation': None, 'name': 'Home', 'summary': '8-1', 'type': 'home'}
 {'abbreviation': None, 'name': 'Road', 'summary': '3-0', 'type': 'road'}
 {'abbreviation': None, 'name': 'vs. Conf.', 'summary': '3-0', 'type': 'vsconf'}]",8,Big 12,WVU,KSU,eaaa00,330a57,2855,e2e3e4,KSU,330a57,e2e3e4,WVU,eaaa00,2855,https://raw.githubusercontent.com/sportsdataverse/wehoop-wbb-raw/main/wbb/json/final/401827312.json,2026-01-04T19:00Z,TRUE,,
401807543,2026-01-04T19:00Z,Georgia,Texas A&M,Home,W,64,56,https://a.espncdn.com/i/teamlogos/ncaa/500/61.png,https://a.espncdn.com/i/teamlogos/ncaa/500/245.png,99,99,23,23,,,TRUE,1,,STATUS_FINAL,23,TRUE,99,"[{'abbreviation': 'Game', 'name': 'overall', 'summary': '15-1', 'type': 'total'}
 {'abbreviation': None, 'name': 'Home', 'summary': '9-0', 'type': 'home'}
 {'abbreviation': None, 'name': 'Road', 'summary': '2-1', 'type': 'road'}
 {'abbreviation': None, 'name': 'vs. Conf.', 'summary': '1-1', 'type': 'vsconf'}]",23,FALSE,99,"[{'abbreviation': 'Game', 'name': 'overall', 'summary': '7-4', 'type': 'total'}
 {'abbreviation': None, 'name': 'Home', 'summary': '4-2', 'type': 'home'}
 {'abbreviation': None, 'name': 'Road', 'summary': '1-1', 'type': 'road'}
 {'abbreviation': None, 'name': 'vs. Conf.', 'summary': '0-2', 'type': 'vsconf'}]",23,SEC,UGA,TA&M,ba0c2f,500000,2c2a29,ffffff,UGA,ba0c2f,2c2a29,TA&M,500000,ffffff,https://raw.githubusercontent.com/sportsdataverse/wehoop-wbb-raw/main/wbb/json/final/401807543.json,2026-01-04T19:00Z,TRUE,,
401807542,2026-01-04T19:00Z,South Carolina,Florida,Away,W,74,63,https://a.espncdn.com/i/teamlogos/ncaa/500/2579.png,https://a.espncdn.com/i/teamlogos/ncaa/500/57.png,3,99,23,23,,,TRUE,1,,STATUS_FINAL,23,FALSE,99,"[{'abbreviation': 'Game', 'name': 'overall', 'summary': '12-5', 'type': 'total'}
 {'abbreviation': None, 'name': 'Home', 'summary': '9-2', 'type': 'home'}
 {'abbreviation': None, 'name': 'Road', 'summary': '1-3', 'type': 'road'}
 {'abbreviation': None, 'name': 'vs. Conf.', 'summary': '0-2', 'type': 'vsconf'}]",23,TRUE,3,"[{'abbreviation': 'Game', 'name': 'overall', 'summary': '15-1', 'type': 'total'}
 {'abbreviation': None, 'name': 'Home', 'summary': '9-0', 'type': 'home'}
 {'abbreviation': None, 'name': 'Road', 'summary': '4-0', 'type': 'road'}
 {'abbreviation': None, 'name': 'vs. Conf.', 'summary': '2-0', 'type': 'vsconf'}]",23,SEC,SC,FLA,73000a,0021a5,0,fa4616,FLA,0021a5,fa4616,SC,73000a,0,https://raw.githubusercontent.com/sportsdataverse/wehoop-wbb-raw/main/wbb/json/final/401807542.json,2026-01-04T19:00Z,TRUE,,
401807542,2026-01-04T19:00Z,Florida,South Carolina,Home,L,63,74,https://a.espncdn.com/i/teamlogos/ncaa/500/57.png,https://a.espncdn.com/i/teamlogos/ncaa/500/2579.png,99,3,23,23,,,TRUE,1,,STATUS_FINAL,23,FALSE,99,"[{'abbreviation': 'Game', 'name': 'overall', 'summary': '12-5', 'type': 'total'}
 {'abbreviation': None, 'name': 'Home', 'summary': '9-2', 'type': 'home'}
 {'abbreviation': None, 'name': 'Road', 'summary': '1-3', 'type': 'road'}
 {'abbreviation': None, 'name': 'vs. Conf.', 'summary': '0-2', 'type': 'vsconf'}]",23,TRUE,3,"[{'abbreviation': 'Game', 'name': 'overall', 'summary': '15-1', 'type': 'total'}
 {'abbreviation': None, 'name': 'Home', 'summary': '9-0', 'type': 'home'}
 {'abbreviation': None, 'name': 'Road', 'summary': '4-0', 'type': 'road'}
 {'abbreviation': None, 'name': 'vs. Conf.', 'summary': '2-0', 'type': 'vsconf'}]",23,SEC,FLA,SC,0021a5,73000a,fa4616,0,FLA,0021a5,fa4616,SC,73000a,0,https://raw.githubusercontent.com/sportsdataverse/wehoop-wbb-raw/main/wbb/json/final/401807542.json,2026-01-04T19:00Z,TRUE,,
401825250,2026-01-04T19:00Z,Ohio State,Rutgers,Home,W,71,49,https://a.espncdn.com/i/teamlogos/ncaa/500/194.png,https://a.espncdn.com/i/teamlogos/ncaa/500/164.png,19,99,7,7,,,TRUE,1,,STATUS_FINAL,7,TRUE,19,"[{'abbreviation': 'Game', 'name': 'overall', 'summary': '13-2', 'type': 'total'}
 {'abbreviation': None, 'name': 'Home', 'summary': '9-1', 'type': 'home'}
 {'abbreviation': None, 'name': 'Road', 'summary': '2-1', 'type': 'road'}
 {'abbreviation': None, 'name': 'vs. Conf.', 'summary': '3-1', 'type': 'vsconf'}]",7,FALSE,99,"[{'abbreviation': 'Game', 'name': 'overall', 'summary': '8-7', 'type': 'total'}
 {'abbreviation': None, 'name': 'Home', 'summary': '8-3', 'type': 'home'}
 {'abbreviation': None, 'name': 'Road', 'summary': '0-4', 'type': 'road'}
 {'abbreviation': None, 'name': 'vs. Conf.', 'summary': '0-4', 'type': 'vsconf'}]",7,Big Ten,OSU,RUTG,ba0c2f,ce0e2d,a8adb4,ffffff,OSU,ba0c2f,a8adb4,RUTG,ce0e2d,ffffff,https://raw.githubusercontent.com/sportsdataverse/wehoop-wbb-raw/main/wbb/json/final/401825250.json,2026-01-04T19:00Z,TRUE,,
401819589,2026-01-04T19:00Z,Clemson,Miami (FL),Away,W,70,55,https://a.espncdn.com/i/teamlogos/ncaa/500/228.png,https://a.espncdn.com/i/teamlogos/ncaa/500/2390.png,99,99,2,2,,,TRUE,1,,STATUS_FINAL,2,FALSE,99,"[{'abbreviation': 'Game', 'name': 'overall', 'summary': '10-5', 'type': 'total'}
 {'abbreviation': None, 'name': 'Home', 'summary': '6-3', 'type': 'home'}
 {'abbreviation': None, 'name': 'Road', 'summary': '2-0', 'type': 'road'}
 {'abbreviation': None, 'name': 'vs. Conf.', 'summary': '2-2', 'type': 'vsconf'}]",2,TRUE,99,"[{'abbreviation': 'Game', 'name': 'overall', 'summary': '11-5', 'type': 'total'}
 {'abbreviation': None, 'name': 'Home', 'summary': '5-1', 'type': 'home'}
 {'abbreviation': None, 'name': 'Road', 'summary': '5-3', 'type': 'road'}
 {'abbreviation': None, 'name': 'vs. Conf.', 'summary': '2-2', 'type': 'vsconf'}]",2,ACC,CLEM,MIA,f56600,f47423,ffffff,35131,MIA,f47423,35131,CLEM,f56600,ffffff,https://raw.githubusercontent.com/sportsdataverse/wehoop-wbb-raw/main/wbb/json/final/401819589.json,2026-01-04T19:00Z,TRUE,,
401819652,2026-01-04T19:00Z,Syracuse,Wake Forest,Away,W,73,58,https://a.espncdn.com/i/teamlogos/ncaa/500/183.png,https://a.espncdn.com/i/teamlogos/ncaa/500/154.png,99,99,2,2,,,TRUE,1,,STATUS_FINAL,2,FALSE,99,"[{'abbreviation': 'Game', 'name': 'overall', 'summary': '12-4', 'type': 'total'}
 {'abbreviation': None, 'name': 'Home', 'summary': '8-4', 'type': 'home'}
 {'abbreviation': None, 'name': 'Road', 'summary': '1-0', 'type': 'road'}
 {'abbreviation': None, 'name': 'vs. Conf.', 'summary': '2-2', 'type': 'vsconf'}]",2,TRUE,99,"[{'abbreviation': 'Game', 'name': 'overall', 'summary': '13-2', 'type': 'total'}
 {'abbreviation': None, 'name': 'Home', 'summary': '10-1', 'type': 'home'}
 {'abbreviation': None, 'name': 'Road', 'summary': '2-0', 'type': 'road'}
 {'abbreviation': None, 'name': 'vs. Conf.', 'summary': '3-1', 'type': 'vsconf'}]",2,ACC,SYR,WAKE,0.00E+00,ceb888,ff431b,2c2a29,WAKE,ceb888,2c2a29,SYR,0.00E+00,ff431b,https://raw.githubusercontent.com/sportsdataverse/wehoop-wbb-raw/main/wbb/json/final/401819652.json,2026-01-04T19:00Z,TRUE,,
401819653,2026-01-04T19:00Z,Virginia,Florida State,Away,W,91,87,https://a.espncdn.com/i/teamlogos/ncaa/500/258.png,https://a.espncdn.com/i/teamlogos/ncaa/500/52.png,99,99,2,2,,,TRUE,1,,STATUS_FINAL,2,FALSE,99,"[{'abbreviation': 'Game', 'name': 'overall', 'summary': '5-11', 'type': 'total'}
 {'abbreviation': None, 'name': 'Home', 'summary': '4-7', 'type': 'home'}
 {'abbreviation': None, 'name': 'Road', 'summary': '0-3', 'type': 'road'}
 {'abbreviation': None, 'name': 'vs. Conf.', 'summary': '0-4', 'type': 'vsconf'}]",2,TRUE,99,"[{'abbreviation': 'Game', 'name': 'overall', 'summary': '12-3', 'type': 'total'}
 {'abbreviation': None, 'name': 'Home', 'summary': '9-1', 'type': 'home'}
 {'abbreviation': None, 'name': 'Road', 'summary': '2-1', 'type': 'road'}
 {'abbreviation': None, 'name': 'vs. Conf.', 'summary': '4-0', 'type': 'vsconf'}]",2,ACC,UVA,FSU,f84c1e,782f40,232d4b,ceb888,FSU,782f40,ceb888,UVA,f84c1e,232d4b,https://raw.githubusercontent.com/sportsdataverse/wehoop-wbb-raw/main/wbb/json/final/401819653.json,2026-01-04T19:00Z,TRUE,,
401819615,2026-01-04T18:00Z,Stanford,UNC,Away,W,77,71,https://a.espncdn.com/i/teamlogos/ncaa/500/24.png,https://a.espncdn.com/i/teamlogos/ncaa/500/153.png,99,16,2,2,,,TRUE,1,,STATUS_FINAL,2,FALSE,16,"[{'abbreviation': 'Game', 'name': 'overall', 'summary': '13-4', 'type': 'total'}
 {'abbreviation': None, 'name': 'Home', 'summary': '7-2', 'type': 'home'}
 {'abbreviation': None, 'name': 'Road', 'summary': '2-1', 'type': 'road'}
 {'abbreviation': None, 'name': 'vs. Conf.', 'summary': '2-2', 'type': 'vsconf'}]",2,TRUE,99,"[{'abbreviation': 'Game', 'name': 'overall', 'summary': '13-3', 'type': 'total'}
 {'abbreviation': None, 'name': 'Home', 'summary': '8-1', 'type': 'home'}
 {'abbreviation': None, 'name': 'Road', 'summary': '3-1', 'type': 'road'}
 {'abbreviation': None, 'name': 'vs. Conf.', 'summary': '2-1', 'type': 'vsconf'}]",2,ACC,STAN,UNC,8c1515,7bafd4,ffffff,13294b,UNC,7bafd4,13294b,STAN,8c1515,ffffff,https://raw.githubusercontent.com/sportsdataverse/wehoop-wbb-raw/main/wbb/json/final/401819615.json,2026-01-04T18:00Z,TRUE,,
401819615,2026-01-04T18:00Z,UNC,Stanford,Home,L,71,77,https://a.espncdn.com/i/teamlogos/ncaa/500/153.png,https://a.espncdn.com/i/teamlogos/ncaa/500/24.png,16,99,2,2,,,TRUE,1,,STATUS_FINAL,2,FALSE,16,"[{'abbreviation': 'Game', 'name': 'overall', 'summary': '13-4', 'type': 'total'}
 {'abbreviation': None, 'name': 'Home', 'summary': '7-2', 'type': 'home'}
 {'abbreviation': None, 'name': 'Road', 'summary': '2-1', 'type': 'road'}
 {'abbreviation': None, 'name': 'vs. Conf.', 'summary': '2-2', 'type': 'vsconf'}]",2,TRUE,99,"[{'abbreviation': 'Game', 'name': 'overall', 'summary': '13-3', 'type': 'total'}
 {'abbreviation': None, 'name': 'Home', 'summary': '8-1', 'type': 'home'}
 {'abbreviation': None, 'name': 'Road', 'summary': '3-1', 'type': 'road'}
 {'abbreviation': None, 'name': 'vs. Conf.', 'summary': '2-1', 'type': 'vsconf'}]",2,ACC,UNC,STAN,7bafd4,8c1515,13294b,ffffff,UNC,7bafd4,13294b,STAN,8c1515,ffffff,https://raw.githubusercontent.com/sportsdataverse/wehoop-wbb-raw/main/wbb/json/final/401819615.json,2026-01-04T18:00Z,TRUE,,
401807540,2026-01-04T17:00Z,Kentucky,Missouri,Home,W,74,52,https://a.espncdn.com/i/teamlogos/ncaa/500/96.png,https://a.espncdn.com/i/teamlogos/ncaa/500/142.png,11,99,23,23,,,TRUE,1,,STATUS_FINAL,23,TRUE,11,"[{'abbreviation': 'Game', 'name': 'overall', 'summary': '15-1', 'type': 'total'}
 {'abbreviation': None, 'name': 'Home', 'summary': '8-0', 'type': 'home'}
 {'abbreviation': None, 'name': 'Road', 'summary': '6-0', 'type': 'road'}
 {'abbreviation': None, 'name': 'vs. Conf.', 'summary': '2-0', 'type': 'vsconf'}]",23,FALSE,99,"[{'abbreviation': 'Game', 'name': 'overall', 'summary': '12-5', 'type': 'total'}
 {'abbreviation': None, 'name': 'Home', 'summary': '7-3', 'type': 'home'}
 {'abbreviation': None, 'name': 'Road', 'summary': '2-1', 'type': 'road'}
 {'abbreviation': None, 'name': 'vs. Conf.', 'summary': '0-2', 'type': 'vsconf'}]",23,SEC,UK,MIZ,0033a0,f1b82d,ffffff,0,UK,0033a0,ffffff,MIZ,f1b82d,0,https://raw.githubusercontent.com/sportsdataverse/wehoop-wbb-raw/main/wbb/json/final/401807540.json,2026-01-04T17:00Z,TRUE,,
401825246,2026-01-04T17:00Z,Michigan State,Illinois,Home,W,81,75,https://a.espncdn.com/i/teamlogos/ncaa/500/127.png,https://a.espncdn.com/i/teamlogos/ncaa/500/356.png,24,99,7,7,,,TRUE,1,,STATUS_FINAL,7,TRUE,24,"[{'abbreviation': 'Game', 'name': 'overall', 'summary': '14-1', 'type': 'total'}
 {'abbreviation': None, 'name': 'Home', 'summary': '8-0', 'type': 'home'}
 {'abbreviation': None, 'name': 'Road', 'summary': '2-1', 'type': 'road'}
 {'abbreviation': None, 'name': 'vs. Conf.', 'summary': '3-1', 'type': 'vsconf'}]",7,FALSE,99,"[{'abbreviation': 'Game', 'name': 'overall', 'summary': '13-2', 'type': 'total'}
 {'abbreviation': None, 'name': 'Home', 'summary': '10-0', 'type': 'home'}
 {'abbreviation': None, 'name': 'Road', 'summary': '3-2', 'type': 'road'}
 {'abbreviation': None, 'name': 'vs. Conf.', 'summary': '3-1', 'type': 'vsconf'}]",7,Big Ten,MSU,ILL,173f35,ff5f05,ffffff,13294b,MSU,173f35,ffffff,ILL,ff5f05,13294b,https://raw.githubusercontent.com/sportsdataverse/wehoop-wbb-raw/main/wbb/json/final/401825246.json,2026-01-04T17:00Z,TRUE,,
401819650,2026-01-04T17:00Z,Notre Dame,Duke,Away,L,68,82,https://a.espncdn.com/i/teamlogos/ncaa/500/87.png,https://a.espncdn.com/i/teamlogos/ncaa/500/150.png,18,99,2,2,,,TRUE,1,,STATUS_FINAL,2,TRUE,99,"[{'abbreviation': 'Game', 'name': 'overall', 'summary': '9-6', 'type': 'total'}
 {'abbreviation': None, 'name': 'Home', 'summary': '5-1', 'type': 'home'}
 {'abbreviation': None, 'name': 'Road', 'summary': '4-1', 'type': 'road'}
 {'abbreviation': None, 'name': 'vs. Conf.', 'summary': '4-0', 'type': 'vsconf'}]",2,FALSE,18,"[{'abbreviation': 'Game', 'name': 'overall', 'summary': '10-4', 'type': 'total'}
 {'abbreviation': None, 'name': 'Home', 'summary': '8-0', 'type': 'home'}
 {'abbreviation': None, 'name': 'Road', 'summary': '2-3', 'type': 'road'}
 {'abbreviation': None, 'name': 'vs. Conf.', 'summary': '2-2', 'type': 'vsconf'}]",2,ACC,ND,DUKE,62340,00539b,c99700,ffffff,DUKE,00539b,ffffff,ND,62340,c99700,https://raw.githubusercontent.com/sportsdataverse/wehoop-wbb-raw/main/wbb/json/final/401819650.json,2026-01-04T17:00Z,TRUE,,
401825246,2026-01-04T17:00Z,Illinois,Michigan State,Away,L,75,81,https://a.espncdn.com/i/teamlogos/ncaa/500/356.png,https://a.espncdn.com/i/teamlogos/ncaa/500/127.png,99,24,7,7,,,TRUE,1,,STATUS_FINAL,7,TRUE,24,"[{'abbreviation': 'Game', 'name': 'overall', 'summary': '14-1', 'type': 'total'}
 {'abbreviation': None, 'name': 'Home', 'summary': '8-0', 'type': 'home'}
 {'abbreviation': None, 'name': 'Road', 'summary': '2-1', 'type': 'road'}
 {'abbreviation': None, 'name': 'vs. Conf.', 'summary': '3-1', 'type': 'vsconf'}]",7,FALSE,99,"[{'abbreviation': 'Game', 'name': 'overall', 'summary': '13-2', 'type': 'total'}
 {'abbreviation': None, 'name': 'Home', 'summary': '10-0', 'type': 'home'}
 {'abbreviation': None, 'name': 'Road', 'summary': '3-2', 'type': 'road'}
 {'abbreviation': None, 'name': 'vs. Conf.', 'summary': '3-1', 'type': 'vsconf'}]",7,Big Ten,ILL,MSU,ff5f05,173f35,13294b,ffffff,MSU,173f35,ffffff,ILL,ff5f05,13294b,https://raw.githubusercontent.com/sportsdataverse/wehoop-wbb-raw/main/wbb/json/final/401825246.json,2026-01-04T17:00Z,TRUE,,
401819650,2026-01-04T17:00Z,Duke,Notre Dame,Home,W,82,68,https://a.espncdn.com/i/teamlogos/ncaa/500/150.png,https://a.espncdn.com/i/teamlogos/ncaa/500/87.png,99,18,2,2,,,TRUE,1,,STATUS_FINAL,2,TRUE,99,"[{'abbreviation': 'Game', 'name': 'overall', 'summary': '9-6', 'type': 'total'}
 {'abbreviation': None, 'name': 'Home', 'summary': '5-1', 'type': 'home'}
 {'abbreviation': None, 'name': 'Road', 'summary': '4-1', 'type': 'road'}
 {'abbreviation': None, 'name': 'vs. Conf.', 'summary': '4-0', 'type': 'vsconf'}]",2,FALSE,18,"[{'abbreviation': 'Game', 'name': 'overall', 'summary': '10-4', 'type': 'total'}
 {'abbreviation': None, 'name': 'Home', 'summary': '8-0', 'type': 'home'}
 {'abbreviation': None, 'name': 'Road', 'summary': '2-3', 'type': 'road'}
 {'abbreviation': None, 'name': 'vs. Conf.', 'summary': '2-2', 'type': 'vsconf'}]",2,ACC,DUKE,ND,00539b,62340,ffffff,c99700,DUKE,00539b,ffffff,ND,62340,c99700,https://raw.githubusercontent.com/sportsdataverse/wehoop-wbb-raw/main/wbb/json/final/401819650.json,2026-01-04T17:00Z,TRUE,,
401827309,2026-01-04T02:00Z,TCU,Utah,Away,L,77,87,https://a.espncdn.com/i/teamlogos/ncaa/500/2628.png,https://a.espncdn.com/i/teamlogos/ncaa/500/254.png,8,99,8,8,,,TRUE,1,,STATUS_FINAL,8,TRUE,99,"[{'abbreviation': 'Game', 'name': 'overall', 'summary': '11-4', 'type': 'total'}
 {'abbreviation': None, 'name': 'Home', 'summary': '7-2', 'type': 'home'}
 {'abbreviation': None, 'name': 'Road', 'summary': '4-0', 'type': 'road'}
 {'abbreviation': None, 'name': 'vs. Conf.', 'summary': '2-1', 'type': 'vsconf'}]",8,FALSE,8,"[{'abbreviation': 'Game', 'name': 'overall', 'summary': '14-1', 'type': 'total'}
 {'abbreviation': None, 'name': 'Home', 'summary': '10-0', 'type': 'home'}
 {'abbreviation': None, 'name': 'Road', 'summary': '2-1', 'type': 'road'}
 {'abbreviation': None, 'name': 'vs. Conf.', 'summary': '2-1', 'type': 'vsconf'}]",8,Big 12,TCU,UTAH,4d1979,be0000,ffffff,ffffff,UTAH,be0000,ffffff,TCU,4d1979,ffffff,https://raw.githubusercontent.com/sportsdataverse/wehoop-wbb-raw/main/wbb/json/final/401827309.json,2026-01-04T02:00Z,TRUE,,
401825245,2026-01-04T01:00Z,USC,UCLA,Away,L,46,80,https://a.espncdn.com/i/teamlogos/ncaa/500/30.png,https://a.espncdn.com/i/teamlogos/ncaa/500/26.png,17,4,7,7,,,TRUE,1,,STATUS_FINAL,7,TRUE,4,"[{'abbreviation': 'Game', 'name': 'overall', 'summary': '14-1', 'type': 'total'}
 {'abbreviation': None, 'name': 'Home', 'summary': '7-0', 'type': 'home'}
 {'abbreviation': None, 'name': 'Road', 'summary': '2-0', 'type': 'road'}
 {'abbreviation': None, 'name': 'vs. Conf.', 'summary': '4-0', 'type': 'vsconf'}]",7,FALSE,17,"[{'abbreviation': 'Game', 'name': 'overall', 'summary': '10-4', 'type': 'total'}
 {'abbreviation': None, 'name': 'Home', 'summary': '7-1', 'type': 'home'}
 {'abbreviation': None, 'name': 'Road', 'summary': '1-2', 'type': 'road'}
 {'abbreviation': None, 'name': 'vs. Conf.', 'summary': '2-1', 'type': 'vsconf'}]",7,Big Ten,USC,UCLA,9d2235,2774ae,ffc72c,f2a900,UCLA,2774ae,f2a900,USC,9d2235,ffc72c,https://raw.githubusercontent.com/sportsdataverse/wehoop-wbb-raw/main/wbb/json/final/401825245.json,2026-01-04T01:00Z,TRUE,,
401829034,2026-01-04T01:00Z,Rhode Island,Loyola Chicago,Away,W,70,58,https://a.espncdn.com/i/teamlogos/ncaa/500/227.png,https://a.espncdn.com/i/teamlogos/ncaa/500/2350.png,99,99,3,3,,,TRUE,1,,STATUS_FINAL,3,FALSE,99,"[{'abbreviation': 'Game', 'name': 'overall', 'summary': '4-10', 'type': 'total'}
 {'abbreviation': None, 'name': 'Home', 'summary': '1-7', 'type': 'home'}
 {'abbreviation': None, 'name': 'Road', 'summary': '3-3', 'type': 'road'}
 {'abbreviation': None, 'name': 'vs. Conf.', 'summary': '0-3', 'type': 'vsconf'}]",3,TRUE,99,"[{'abbreviation': 'Game', 'name': 'overall', 'summary': '12-2', 'type': 'total'}
 {'abbreviation': None, 'name': 'Home', 'summary': '6-1', 'type': 'home'}
 {'abbreviation': None, 'name': 'Road', 'summary': '6-1', 'type': 'road'}
 {'abbreviation': None, 'name': 'vs. Conf.', 'summary': '3-0', 'type': 'vsconf'}]",3,A-10,URI,LUC,091f3f,9d1244,5ab3e8,,LUC,9d1244,,URI,091f3f,5ab3e8,https://raw.githubusercontent.com/sportsdataverse/wehoop-wbb-raw/main/wbb/json/final/401829034.json,2026-01-04T01:00Z,TRUE,,
401825245,2026-01-04T01:00Z,UCLA,USC,Home,W,80,46,https://a.espncdn.com/i/teamlogos/ncaa/500/26.png,https://a.espncdn.com/i/teamlogos/ncaa/500/30.png,4,17,7,7,,,TRUE,1,,STATUS_FINAL,7,TRUE,4,"[{'abbreviation': 'Game', 'name': 'overall', 'summary': '14-1', 'type': 'total'}
 {'abbreviation': None, 'name': 'Home', 'summary': '7-0', 'type': 'home'}
 {'abbreviation': None, 'name': 'Road', 'summary': '2-0', 'type': 'road'}
 {'abbreviation': None, 'name': 'vs. Conf.', 'summary': '4-0', 'type': 'vsconf'}]",7,FALSE,17,"[{'abbreviation': 'Game', 'name': 'overall', 'summary': '10-4', 'type': 'total'}
 {'abbreviation': None, 'name': 'Home', 'summary': '7-1', 'type': 'home'}
 {'abbreviation': None, 'name': 'Road', 'summary': '1-2', 'type': 'road'}
 {'abbreviation': None, 'name': 'vs. Conf.', 'summary': '2-1', 'type': 'vsconf'}]",7,Big Ten,UCLA,USC,2774ae,9d2235,f2a900,ffc72c,UCLA,2774ae,f2a900,USC,9d2235,ffc72c,https://raw.githubusercontent.com/sportsdataverse/wehoop-wbb-raw/main/wbb/json/final/401825245.json,2026-01-04T01:00Z,TRUE,,
401827308,2026-01-04T00:00Z,Texas Tech,Arizona,Home,W,80,49,https://a.espncdn.com/i/teamlogos/ncaa/500/2641.png,https://a.espncdn.com/i/teamlogos/ncaa/500/12.png,21,99,8,8,,,TRUE,1,,STATUS_FINAL,8,TRUE,21,"[{'abbreviation': 'Game', 'name': 'overall', 'summary': '16-0', 'type': 'total'}
 {'abbreviation': None, 'name': 'Home', 'summary': '10-0', 'type': 'home'}
 {'abbreviation': None, 'name': 'Road', 'summary': '3-0', 'type': 'road'}
 {'abbreviation': None, 'name': 'vs. Conf.', 'summary': '3-0', 'type': 'vsconf'}]",8,FALSE,99,"[{'abbreviation': 'Game', 'name': 'overall', 'summary': '9-5', 'type': 'total'}
 {'abbreviation': None, 'name': 'Home', 'summary': '9-3', 'type': 'home'}
 {'abbreviation': None, 'name': 'Road', 'summary': '0-2', 'type': 'road'}
 {'abbreviation': None, 'name': 'vs. Conf.', 'summary': '0-3', 'type': 'vsconf'}]",8,Big 12,TTU,ARIZ,da291c,cc0033,0,3366,TTU,da291c,0,ARIZ,cc0033,3366,https://raw.githubusercontent.com/sportsdataverse/wehoop-wbb-raw/main/wbb/json/final/401827308.json,2026-01-04T00:00Z,TRUE,,
401827307,2026-01-03T21:00Z,Oklahoma State,Houston,Home,W,83,52,https://a.espncdn.com/i/teamlogos/ncaa/500/197.png,https://a.espncdn.com/i/teamlogos/ncaa/500/248.png,99,99,8,8,,,TRUE,1,,STATUS_FINAL,8,TRUE,99,"[{'abbreviation': 'Game', 'name': 'overall', 'summary': '13-3', 'type': 'total'}
 {'abbreviation': None, 'name': 'Home', 'summary': '9-1', 'type': 'home'}
 {'abbreviation': None, 'name': 'Road', 'summary': '2-1', 'type': 'road'}
 {'abbreviation': None, 'name': 'vs. Conf.', 'summary': '2-1', 'type': 'vsconf'}]",8,FALSE,99,"[{'abbreviation': 'Game', 'name': 'overall', 'summary': '6-8', 'type': 'total'}
 {'abbreviation': None, 'name': 'Home', 'summary': '4-3', 'type': 'home'}
 {'abbreviation': None, 'name': 'Road', 'summary': '1-4', 'type': 'road'}
 {'abbreviation': None, 'name': 'vs. Conf.', 'summary': '0-3', 'type': 'vsconf'}]",8,Big 12,OKST,HOU,fe5c00,c8102e,0,ffffff,OKST,fe5c00,0,HOU,c8102e,ffffff,https://raw.githubusercontent.com/sportsdataverse/wehoop-wbb-raw/main/wbb/json/final/401827307.json,2026-01-03T21:00Z,TRUE,,
401827306,2026-01-03T20:00Z,Colorado,Cincinnati,Home,W,79,68,https://a.espncdn.com/i/teamlogos/ncaa/500/38.png,https://a.espncdn.com/i/teamlogos/ncaa/500/2132.png,99,99,8,8,,,TRUE,1,,STATUS_FINAL,8,TRUE,99,"[{'abbreviation': 'Game', 'name': 'overall', 'summary': '11-4', 'type': 'total'}
 {'abbreviation': None, 'name': 'Home', 'summary': '9-1', 'type': 'home'}
 {'abbreviation': None, 'name': 'Road', 'summary': '0-2', 'type': 'road'}
 {'abbreviation': None, 'name': 'vs. Conf.', 'summary': '2-1', 'type': 'vsconf'}]",8,FALSE,99,"[{'abbreviation': 'Game', 'name': 'overall', 'summary': '5-10', 'type': 'total'}
 {'abbreviation': None, 'name': 'Home', 'summary': '3-5', 'type': 'home'}
 {'abbreviation': None, 'name': 'Road', 'summary': '0-5', 'type': 'road'}
 {'abbreviation': None, 'name': 'vs. Conf.', 'summary': '0-3', 'type': 'vsconf'}]",8,Big 12,COLO,CIN,cfb87c,0,0,e00122,COLO,cfb87c,0,CIN,0,e00122,https://raw.githubusercontent.com/sportsdataverse/wehoop-wbb-raw/main/wbb/json/final/401827306.json,2026-01-03T20:00Z,TRUE,,
401829055,2026-01-03T20:00Z,Richmond,St. Bonaventure,Away,W,80,60,https://a.espncdn.com/i/teamlogos/ncaa/500/257.png,https://a.espncdn.com/i/teamlogos/ncaa/500/179.png,99,99,3,3,,,TRUE,1,,STATUS_FINAL,3,FALSE,99,"[{'abbreviation': 'Game', 'name': 'overall', 'summary': '10-5', 'type': 'total'}
 {'abbreviation': None, 'name': 'Home', 'summary': '4-2', 'type': 'home'}
 {'abbreviation': None, 'name': 'Road', 'summary': '4-3', 'type': 'road'}
 {'abbreviation': None, 'name': 'vs. Conf.', 'summary': '1-2', 'type': 'vsconf'}]",3,TRUE,99,"[{'abbreviation': 'Game', 'name': 'overall', 'summary': '12-4', 'type': 'total'}
 {'abbreviation': None, 'name': 'Home', 'summary': '5-1', 'type': 'home'}
 {'abbreviation': None, 'name': 'Road', 'summary': '4-2', 'type': 'road'}
 {'abbreviation': None, 'name': 'vs. Conf.', 'summary': '2-1', 'type': 'vsconf'}]",3,A-10,RICH,SBU,9e0712,70261D,b90b2e,,SBU,70261D,,RICH,9e0712,b90b2e,https://raw.githubusercontent.com/sportsdataverse/wehoop-wbb-raw/main/wbb/json/final/401829055.json,2026-01-03T20:00Z,TRUE,,
401808808,2026-01-03T19:00Z,James Madison,Texas State,Home,W,87,52,https://a.espncdn.com/i/teamlogos/ncaa/500/256.png,https://a.espncdn.com/i/teamlogos/ncaa/500/326.png,99,99,27,27,,,TRUE,1,,STATUS_FINAL,27,TRUE,99,"[{'abbreviation': 'Game', 'name': 'overall', 'summary': '11-5', 'type': 'total'}
 {'abbreviation': None, 'name': 'Home', 'summary': '7-3', 'type': 'home'}
 {'abbreviation': None, 'name': 'Road', 'summary': '2-2', 'type': 'road'}
 {'abbreviation': None, 'name': 'vs. Conf.', 'summary': '3-1', 'type': 'vsconf'}]",27,FALSE,99,"[{'abbreviation': 'Game', 'name': 'overall', 'summary': '6-7', 'type': 'total'}
 {'abbreviation': None, 'name': 'Home', 'summary': '5-3', 'type': 'home'}
 {'abbreviation': None, 'name': 'Road', 'summary': '1-4', 'type': 'road'}
 {'abbreviation': None, 'name': 'vs. Conf.', 'summary': '2-1', 'type': 'vsconf'}]",27,Sun Belt,JMU,TXST,450084,501214,cbb677,6a5638,JMU,450084,cbb677,TXST,501214,6a5638,https://raw.githubusercontent.com/sportsdataverse/wehoop-wbb-raw/main/wbb/json/final/401808808.json,2026-01-03T19:00Z,TRUE,,
401813857,2026-01-03T19:00Z,Fairfield,Niagara,Home,W,98,42,https://a.espncdn.com/i/teamlogos/ncaa/500/2217.png,https://a.espncdn.com/i/teamlogos/ncaa/500/315.png,99,99,13,13,,,TRUE,1,,STATUS_FINAL,13,TRUE,99,"[{'abbreviation': 'Game', 'name': 'overall', 'summary': '11-3', 'type': 'total'}
 {'abbreviation': None, 'name': 'Home', 'summary': '6-0', 'type': 'home'}
 {'abbreviation': None, 'name': 'Road', 'summary': '4-2', 'type': 'road'}
 {'abbreviation': None, 'name': 'vs. Conf.', 'summary': '5-0', 'type': 'vsconf'}]",13,FALSE,99,"[{'abbreviation': 'Game', 'name': 'overall', 'summary': '0-13', 'type': 'total'}
 {'abbreviation': None, 'name': 'Home', 'summary': '0-4', 'type': 'home'}
 {'abbreviation': None, 'name': 'Road', 'summary': '0-9', 'type': 'road'}
 {'abbreviation': None, 'name': 'vs. Conf.', 'summary': '0-4', 'type': 'vsconf'}]",13,MAAC,FAIR,NIA,0,69207E,ebebeb,f0f0f0,FAIR,0,ebebeb,NIA,69207E,f0f0f0,https://raw.githubusercontent.com/sportsdataverse/wehoop-wbb-raw/main/wbb/json/final/401813857.json,2026-01-03T19:00Z,TRUE,,
401825809,2026-01-03T19:00Z,Princeton,Pennsylvania,Away,W,74,68,https://a.espncdn.com/i/teamlogos/ncaa/500/163.png,https://a.espncdn.com/i/teamlogos/ncaa/500/219.png,25,99,12,12,,,TRUE,1,,STATUS_FINAL,12,FALSE,99,"[{'abbreviation': 'Game', 'name': 'overall', 'summary': '10-4', 'type': 'total'}
 {'abbreviation': None, 'name': 'Home', 'summary': '4-2', 'type': 'home'}
 {'abbreviation': None, 'name': 'Road', 'summary': '3-2', 'type': 'road'}
 {'abbreviation': None, 'name': 'vs. Conf.', 'summary': '0-1', 'type': 'vsconf'}]",12,TRUE,25,"[{'abbreviation': 'Game', 'name': 'overall', 'summary': '13-1', 'type': 'total'}
 {'abbreviation': None, 'name': 'Home', 'summary': '5-0', 'type': 'home'}
 {'abbreviation': None, 'name': 'Road', 'summary': '6-1', 'type': 'road'}
 {'abbreviation': None, 'name': 'vs. Conf.', 'summary': '1-0', 'type': 'vsconf'}]",12,Ivy,PRIN,PENN,0,082A74,ff6000,a6163d,PENN,082A74,a6163d,PRIN,0,ff6000,https://raw.githubusercontent.com/sportsdataverse/wehoop-wbb-raw/main/wbb/json/final/401825809.json,2026-01-03T19:00Z,TRUE,,
401825623,2026-01-03T17:00Z,UConn,Seton Hall,Home,W,84,48,https://a.espncdn.com/i/teamlogos/ncaa/500/41.png,https://a.espncdn.com/i/teamlogos/ncaa/500/2550.png,1,99,4,4,,,TRUE,1,,STATUS_FINAL,4,TRUE,1,"[{'abbreviation': 'Game', 'name': 'overall', 'summary': '15-0', 'type': 'total'}
 {'abbreviation': None, 'name': 'Home', 'summary': '6-0', 'type': 'home'}
 {'abbreviation': None, 'name': 'Road', 'summary': '5-0', 'type': 'road'}
 {'abbreviation': None, 'name': 'vs. Conf.', 'summary': '6-0', 'type': 'vsconf'}]",4,FALSE,99,"[{'abbreviation': 'Game', 'name': 'overall', 'summary': '10-5', 'type': 'total'}
 {'abbreviation': None, 'name': 'Home', 'summary': '7-1', 'type': 'home'}
 {'abbreviation': None, 'name': 'Road', 'summary': '3-4', 'type': 'road'}
 {'abbreviation': None, 'name': 'vs. Conf.', 'summary': '4-2', 'type': 'vsconf'}]",4,Big East,CONN,HALL,0c2340,0857B1,a2aaad,8a8d8f,CONN,0c2340,a2aaad,HALL,0857B1,8a8d8f,https://raw.githubusercontent.com/sportsdataverse/wehoop-wbb-raw/main/wbb/json/final/401825623.json,2026-01-03T17:00Z,TRUE,,
401807535,2026-01-02T01:00Z,LSU,Kentucky,Home,L,78,80,https://a.espncdn.com/i/teamlogos/ncaa/500/99.png,https://a.espncdn.com/i/teamlogos/ncaa/500/96.png,5,11,23,23,,,TRUE,1,,STATUS_FINAL,23,FALSE,5,"[{'abbreviation': 'Game', 'name': 'overall', 'summary': '14-1', 'type': 'total'}
 {'abbreviation': None, 'name': 'Home', 'summary': '7-1', 'type': 'home'}
 {'abbreviation': None, 'name': 'Road', 'summary': '4-0', 'type': 'road'}
 {'abbreviation': None, 'name': 'vs. Conf.', 'summary': '0-1', 'type': 'vsconf'}]",23,TRUE,11,"[{'abbreviation': 'Game', 'name': 'overall', 'summary': '14-1', 'type': 'total'}
 {'abbreviation': None, 'name': 'Home', 'summary': '7-0', 'type': 'home'}
 {'abbreviation': None, 'name': 'Road', 'summary': '6-0', 'type': 'road'}
 {'abbreviation': None, 'name': 'vs. Conf.', 'summary': '1-0', 'type': 'vsconf'}]",23,SEC,LSU,UK,461d76,0033a0,fdd023,ffffff,LSU,461d76,fdd023,UK,0033a0,ffffff,https://raw.githubusercontent.com/sportsdataverse/wehoop-wbb-raw/main/wbb/json/final/401807535.json,2026-01-02T01:00Z,TRUE,,
401807536,2026-01-02T01:00Z,Oklahoma,Texas A&M,Away,W,72,50,https://a.espncdn.com/i/teamlogos/ncaa/500/201.png,https://a.espncdn.com/i/teamlogos/ncaa/500/245.png,8,99,23,23,,,TRUE,1,,STATUS_FINAL,23,FALSE,99,"[{'abbreviation': 'Game', 'name': 'overall', 'summary': '7-3', 'type': 'total'}
 {'abbreviation': None, 'name': 'Home', 'summary': '4-2', 'type': 'home'}
 {'abbreviation': None, 'name': 'Road', 'summary': '1-0', 'type': 'road'}
 {'abbreviation': None, 'name': 'vs. Conf.', 'summary': '0-1', 'type': 'vsconf'}]",23,TRUE,8,"[{'abbreviation': 'Game', 'name': 'overall', 'summary': '13-1', 'type': 'total'}
 {'abbreviation': None, 'name': 'Home', 'summary': '8-0', 'type': 'home'}
 {'abbreviation': None, 'name': 'Road', 'summary': '2-0', 'type': 'road'}
 {'abbreviation': None, 'name': 'vs. Conf.', 'summary': '1-0', 'type': 'vsconf'}]",23,SEC,OU,TA&M,990000,500000,ffffff,ffffff,TA&M,500000,ffffff,OU,990000,ffffff,https://raw.githubusercontent.com/sportsdataverse/wehoop-wbb-raw/main/wbb/json/final/401807536.json,2026-01-02T01:00Z,TRUE,,
401807535,2026-01-02T01:00Z,Kentucky,LSU,Away,W,80,78,https://a.espncdn.com/i/teamlogos/ncaa/500/96.png,https://a.espncdn.com/i/teamlogos/ncaa/500/99.png,11,5,23,23,,,TRUE,1,,STATUS_FINAL,23,FALSE,5,"[{'abbreviation': 'Game', 'name': 'overall', 'summary': '14-1', 'type': 'total'}
 {'abbreviation': None, 'name': 'Home', 'summary': '7-1', 'type': 'home'}
 {'abbreviation': None, 'name': 'Road', 'summary': '4-0', 'type': 'road'}
 {'abbreviation': None, 'name': 'vs. Conf.', 'summary': '0-1', 'type': 'vsconf'}]",23,TRUE,11,"[{'abbreviation': 'Game', 'name': 'overall', 'summary': '14-1', 'type': 'total'}
 {'abbreviation': None, 'name': 'Home', 'summary': '7-0', 'type': 'home'}
 {'abbreviation': None, 'name': 'Road', 'summary': '6-0', 'type': 'road'}
 {'abbreviation': None, 'name': 'vs. Conf.', 'summary': '1-0', 'type': 'vsconf'}]",23,SEC,UK,LSU,0033a0,461d76,ffffff,fdd023,LSU,461d76,fdd023,UK,0033a0,ffffff,https://raw.githubusercontent.com/sportsdataverse/wehoop-wbb-raw/main/wbb/json/final/401807535.json,2026-01-02T01:00Z,TRUE,,
401807510,2026-01-02T00:30Z,Mississippi State,Auburn,Home,W,75,53,https://a.espncdn.com/i/teamlogos/ncaa/500/344.png,https://a.espncdn.com/i/teamlogos/ncaa/500/2.png,99,99,23,23,,,TRUE,1,,STATUS_FINAL,23,TRUE,99,"[{'abbreviation': 'Game', 'name': 'overall', 'summary': '14-1', 'type': 'total'}
 {'abbreviation': None, 'name': 'Home', 'summary': '12-0', 'type': 'home'}
 {'abbreviation': None, 'name': 'Road', 'summary': '1-1', 'type': 'road'}
 {'abbreviation': None, 'name': 'vs. Conf.', 'summary': '1-0', 'type': 'vsconf'}]",23,FALSE,99,"[{'abbreviation': 'Game', 'name': 'overall', 'summary': '11-4', 'type': 'total'}
 {'abbreviation': None, 'name': 'Home', 'summary': '7-1', 'type': 'home'}
 {'abbreviation': None, 'name': 'Road', 'summary': '2-3', 'type': 'road'}
 {'abbreviation': None, 'name': 'vs. Conf.', 'summary': '0-1', 'type': 'vsconf'}]",23,SEC,MSST,AUB,5d1725,002b5c,c1c6c8,f26522,MSST,5d1725,c1c6c8,AUB,002b5c,f26522,https://raw.githubusercontent.com/sportsdataverse/wehoop-wbb-raw/main/wbb/json/final/401807510.json,2026-01-02T00:30Z,TRUE,,
401807534,2026-01-02T00:30Z,Texas,Missouri,Away,W,89,71,https://a.espncdn.com/i/teamlogos/ncaa/500/251.png,https://a.espncdn.com/i/teamlogos/ncaa/500/142.png,2,99,23,23,,,TRUE,1,,STATUS_FINAL,23,FALSE,99,"[{'abbreviation': 'Game', 'name': 'overall', 'summary': '12-4', 'type': 'total'}
 {'abbreviation': None, 'name': 'Home', 'summary': '7-3', 'type': 'home'}
 {'abbreviation': None, 'name': 'Road', 'summary': '2-0', 'type': 'road'}
 {'abbreviation': None, 'name': 'vs. Conf.', 'summary': '0-1', 'type': 'vsconf'}]",23,TRUE,2,"[{'abbreviation': 'Game', 'name': 'overall', 'summary': '16-0', 'type': 'total'}
 {'abbreviation': None, 'name': 'Home', 'summary': '10-0', 'type': 'home'}
 {'abbreviation': None, 'name': 'Road', 'summary': '3-0', 'type': 'road'}
 {'abbreviation': None, 'name': 'vs. Conf.', 'summary': '1-0', 'type': 'vsconf'}]",23,SEC,TEX,MIZ,af5c37,f1b82d,ffffff,0,MIZ,f1b82d,0,TEX,af5c37,ffffff,https://raw.githubusercontent.com/sportsdataverse/wehoop-wbb-raw/main/wbb/json/final/401807534.json,2026-01-02T00:30Z,TRUE,,
401819588,2026-01-02T00:00Z,Virginia,Clemson,Home,W,73,63,https://a.espncdn.com/i/teamlogos/ncaa/500/258.png,https://a.espncdn.com/i/teamlogos/ncaa/500/228.png,99,99,2,2,,,TRUE,1,,STATUS_FINAL,2,TRUE,99,"[{'abbreviation': 'Game', 'name': 'overall', 'summary': '11-3', 'type': 'total'}
 {'abbreviation': None, 'name': 'Home', 'summary': '9-1', 'type': 'home'}
 {'abbreviation': None, 'name': 'Road', 'summary': '1-1', 'type': 'road'}
 {'abbreviation': None, 'name': 'vs. Conf.', 'summary': '3-0', 'type': 'vsconf'}]",2,FALSE,99,"[{'abbreviation': 'Game', 'name': 'overall', 'summary': '10-5', 'type': 'total'}
 {'abbreviation': None, 'name': 'Home', 'summary': '5-1', 'type': 'home'}
 {'abbreviation': None, 'name': 'Road', 'summary': '4-3', 'type': 'road'}
 {'abbreviation': None, 'name': 'vs. Conf.', 'summary': '1-2', 'type': 'vsconf'}]",2,ACC,UVA,CLEM,f84c1e,f56600,232d4b,ffffff,UVA,f84c1e,232d4b,CLEM,f56600,ffffff,https://raw.githubusercontent.com/sportsdataverse/wehoop-wbb-raw/main/wbb/json/final/401819588.json,2026-01-02T00:00Z,TRUE,,
401819588,2026-01-02T00:00Z,Clemson,Virginia,Away,L,63,73,https://a.espncdn.com/i/teamlogos/ncaa/500/228.png,https://a.espncdn.com/i/teamlogos/ncaa/500/258.png,99,99,2,2,,,TRUE,1,,STATUS_FINAL,2,TRUE,99,"[{'abbreviation': 'Game', 'name': 'overall', 'summary': '11-3', 'type': 'total'}
 {'abbreviation': None, 'name': 'Home', 'summary': '9-1', 'type': 'home'}
 {'abbreviation': None, 'name': 'Road', 'summary': '1-1', 'type': 'road'}
 {'abbreviation': None, 'name': 'vs. Conf.', 'summary': '3-0', 'type': 'vsconf'}]",2,FALSE,99,"[{'abbreviation': 'Game', 'name': 'overall', 'summary': '10-5', 'type': 'total'}
 {'abbreviation': None, 'name': 'Home', 'summary': '5-1', 'type': 'home'}
 {'abbreviation': None, 'name': 'Road', 'summary': '4-3', 'type': 'road'}
 {'abbreviation': None, 'name': 'vs. Conf.', 'summary': '1-2', 'type': 'vsconf'}]",2,ACC,CLEM,UVA,f56600,f84c1e,ffffff,232d4b,UVA,f84c1e,232d4b,CLEM,f56600,ffffff,https://raw.githubusercontent.com/sportsdataverse/wehoop-wbb-raw/main/wbb/json/final/401819588.json,2026-01-02T00:00Z,TRUE,,
401825240,2026-01-01T23:00Z,Michigan,Washington,Away,L,52,64,https://a.espncdn.com/i/teamlogos/ncaa/500/130.png,https://a.espncdn.com/i/teamlogos/ncaa/500/264.png,6,99,7,7,,,TRUE,1,,STATUS_FINAL,7,TRUE,99,"[{'abbreviation': 'Game', 'name': 'overall', 'summary': '12-2', 'type': 'total'}
 {'abbreviation': None, 'name': 'Home', 'summary': '10-0', 'type': 'home'}
 {'abbreviation': None, 'name': 'Road', 'summary': '2-2', 'type': 'road'}
 {'abbreviation': None, 'name': 'vs. Conf.', 'summary': '2-1', 'type': 'vsconf'}]",7,FALSE,6,"[{'abbreviation': 'Game', 'name': 'overall', 'summary': '11-2', 'type': 'total'}
 {'abbreviation': None, 'name': 'Home', 'summary': '7-0', 'type': 'home'}
 {'abbreviation': None, 'name': 'Road', 'summary': '2-1', 'type': 'road'}
 {'abbreviation': None, 'name': 'vs. Conf.', 'summary': '2-1', 'type': 'vsconf'}]",7,Big Ten,MICH,WASH,00274c,33006f,ffcb05,e8d3a2,WASH,33006f,e8d3a2,MICH,00274c,ffcb05,https://raw.githubusercontent.com/sportsdataverse/wehoop-wbb-raw/main/wbb/json/final/401825240.json,2026-01-01T23:00Z,TRUE,,
401819644,2026-01-01T23:00Z,Syracuse,Florida State,Home,W,82,72,https://a.espncdn.com/i/teamlogos/ncaa/500/183.png,https://a.espncdn.com/i/teamlogos/ncaa/500/52.png,99,99,2,2,,,TRUE,1,,STATUS_FINAL,2,TRUE,99,"[{'abbreviation': 'Game', 'name': 'overall', 'summary': '12-2', 'type': 'total'}
 {'abbreviation': None, 'name': 'Home', 'summary': '10-1', 'type': 'home'}
 {'abbreviation': None, 'name': 'Road', 'summary': '1-0', 'type': 'road'}
 {'abbreviation': None, 'name': 'vs. Conf.', 'summary': '2-1', 'type': 'vsconf'}]",2,FALSE,99,"[{'abbreviation': 'Game', 'name': 'overall', 'summary': '5-10', 'type': 'total'}
 {'abbreviation': None, 'name': 'Home', 'summary': '4-6', 'type': 'home'}
 {'abbreviation': None, 'name': 'Road', 'summary': '0-3', 'type': 'road'}
 {'abbreviation': None, 'name': 'vs. Conf.', 'summary': '0-3', 'type': 'vsconf'}]",2,ACC,SYR,FSU,0.00E+00,782f40,ff431b,ceb888,SYR,0.00E+00,ff431b,FSU,782f40,ceb888,https://raw.githubusercontent.com/sportsdataverse/wehoop-wbb-raw/main/wbb/json/final/401819644.json,2026-01-01T23:00Z,TRUE,,
401819645,2026-01-01T23:00Z,Virginia Tech,Miami (FL),Home,L,67,75,https://a.espncdn.com/i/teamlogos/ncaa/500/259.png,https://a.espncdn.com/i/teamlogos/ncaa/500/2390.png,99,99,2,2,,,TRUE,1,,STATUS_FINAL,2,FALSE,99,"[{'abbreviation': 'Game', 'name': 'overall', 'summary': '11-4', 'type': 'total'}
 {'abbreviation': None, 'name': 'Home', 'summary': '9-2', 'type': 'home'}
 {'abbreviation': None, 'name': 'Road', 'summary': '1-1', 'type': 'road'}
 {'abbreviation': None, 'name': 'vs. Conf.', 'summary': '1-2', 'type': 'vsconf'}]",2,TRUE,99,"[{'abbreviation': 'Game', 'name': 'overall', 'summary': '10-4', 'type': 'total'}
 {'abbreviation': None, 'name': 'Home', 'summary': '6-2', 'type': 'home'}
 {'abbreviation': None, 'name': 'Road', 'summary': '2-0', 'type': 'road'}
 {'abbreviation': None, 'name': 'vs. Conf.', 'summary': '2-1', 'type': 'vsconf'}]",2,ACC,VT,MIA,6a2c3e,f47423,cf4520,35131,VT,6a2c3e,cf4520,MIA,f47423,35131,https://raw.githubusercontent.com/sportsdataverse/wehoop-wbb-raw/main/wbb/json/final/401819645.json,2026-01-01T23:00Z,TRUE,,
401825240,2026-01-01T23:00Z,Washington,Michigan,Home,W,64,52,https://a.espncdn.com/i/teamlogos/ncaa/500/264.png,https://a.espncdn.com/i/teamlogos/ncaa/500/130.png,99,6,7,7,,,TRUE,1,,STATUS_FINAL,7,TRUE,99,"[{'abbreviation': 'Game', 'name': 'overall', 'summary': '12-2', 'type': 'total'}
 {'abbreviation': None, 'name': 'Home', 'summary': '10-0', 'type': 'home'}
 {'abbreviation': None, 'name': 'Road', 'summary': '2-2', 'type': 'road'}
 {'abbreviation': None, 'name': 'vs. Conf.', 'summary': '2-1', 'type': 'vsconf'}]",7,FALSE,6,"[{'abbreviation': 'Game', 'name': 'overall', 'summary': '11-2', 'type': 'total'}
 {'abbreviation': None, 'name': 'Home', 'summary': '7-0', 'type': 'home'}
 {'abbreviation': None, 'name': 'Road', 'summary': '2-1', 'type': 'road'}
 {'abbreviation': None, 'name': 'vs. Conf.', 'summary': '2-1', 'type': 'vsconf'}]",7,Big Ten,WASH,MICH,33006f,00274c,e8d3a2,ffcb05,WASH,33006f,e8d3a2,MICH,00274c,ffcb05,https://raw.githubusercontent.com/sportsdataverse/wehoop-wbb-raw/main/wbb/json/final/401825240.json,2026-01-01T23:00Z,TRUE,,
401825243,2026-01-01T22:00Z,Oregon,Northwestern,Home,W,87,54,https://a.espncdn.com/i/teamlogos/ncaa/500/2483.png,https://a.espncdn.com/i/teamlogos/ncaa/500/77.png,99,99,7,7,,,TRUE,1,,STATUS_FINAL,7,TRUE,99,"[{'abbreviation': 'Game', 'name': 'overall', 'summary': '13-3', 'type': 'total'}
 {'abbreviation': None, 'name': 'Home', 'summary': '9-1', 'type': 'home'}
 {'abbreviation': None, 'name': 'Road', 'summary': '2-1', 'type': 'road'}
 {'abbreviation': None, 'name': 'vs. Conf.', 'summary': '1-2', 'type': 'vsconf'}]",7,FALSE,99,"[{'abbreviation': 'Game', 'name': 'overall', 'summary': '6-8', 'type': 'total'}
 {'abbreviation': None, 'name': 'Home', 'summary': '4-3', 'type': 'home'}
 {'abbreviation': None, 'name': 'Road', 'summary': '1-4', 'type': 'road'}
 {'abbreviation': None, 'name': 'vs. Conf.', 'summary': '0-3', 'type': 'vsconf'}]",7,Big Ten,ORE,NU,00934b,492f92,fff41b,ffffff,ORE,00934b,fff41b,NU,492f92,ffffff,https://raw.githubusercontent.com/sportsdataverse/wehoop-wbb-raw/main/wbb/json/final/401825243.json,2026-01-01T22:00Z,TRUE,,
401819646,2026-01-01T21:00Z,Notre Dame,Georgia Tech,Away,L,90,95,https://a.espncdn.com/i/teamlogos/ncaa/500/87.png,https://a.espncdn.com/i/teamlogos/ncaa/500/59.png,18,99,2,2,,,TRUE,1,,STATUS_FINAL,2,TRUE,99,"[{'abbreviation': 'Game', 'name': 'overall', 'summary': '6-9', 'type': 'total'}
 {'abbreviation': None, 'name': 'Home', 'summary': '6-2', 'type': 'home'}
 {'abbreviation': None, 'name': 'Road', 'summary': '0-5', 'type': 'road'}
 {'abbreviation': None, 'name': 'vs. Conf.', 'summary': '1-2', 'type': 'vsconf'}]",2,FALSE,18,"[{'abbreviation': 'Game', 'name': 'overall', 'summary': '10-3', 'type': 'total'}
 {'abbreviation': None, 'name': 'Home', 'summary': '8-0', 'type': 'home'}
 {'abbreviation': None, 'name': 'Road', 'summary': '2-2', 'type': 'road'}
 {'abbreviation': None, 'name': 'vs. Conf.', 'summary': '2-1', 'type': 'vsconf'}]",2,ACC,ND,GT,62340,b3a369,c99700,ffffff,GT,b3a369,ffffff,ND,62340,c99700,https://raw.githubusercontent.com/sportsdataverse/wehoop-wbb-raw/main/wbb/json/final/401819646.json,2026-01-01T21:00Z,TRUE,,
401825239,2026-01-01T21:00Z,Illinois,Maryland,Home,W,73,70,https://a.espncdn.com/i/teamlogos/ncaa/500/356.png,https://a.espncdn.com/i/teamlogos/ncaa/500/120.png,99,7,7,7,,,TRUE,1,,STATUS_FINAL,7,TRUE,99,"[{'abbreviation': 'Game', 'name': 'overall', 'summary': '13-1', 'type': 'total'}
 {'abbreviation': None, 'name': 'Home', 'summary': '10-0', 'type': 'home'}
 {'abbreviation': None, 'name': 'Road', 'summary': '3-1', 'type': 'road'}
 {'abbreviation': None, 'name': 'vs. Conf.', 'summary': '3-0', 'type': 'vsconf'}]",7,FALSE,7,"[{'abbreviation': 'Game', 'name': 'overall', 'summary': '14-1', 'type': 'total'}
 {'abbreviation': None, 'name': 'Home', 'summary': '11-0', 'type': 'home'}
 {'abbreviation': None, 'name': 'Road', 'summary': '1-1', 'type': 'road'}
 {'abbreviation': None, 'name': 'vs. Conf.', 'summary': '2-1', 'type': 'vsconf'}]",7,Big Ten,ILL,MD,ff5f05,ce1126,13294b,ffffff,ILL,ff5f05,13294b,MD,ce1126,ffffff,https://raw.githubusercontent.com/sportsdataverse/wehoop-wbb-raw/main/wbb/json/final/401825239.json,2026-01-01T21:00Z,TRUE,,
401825239,2026-01-01T21:00Z,Maryland,Illinois,Away,L,70,73,https://a.espncdn.com/i/teamlogos/ncaa/500/120.png,https://a.espncdn.com/i/teamlogos/ncaa/500/356.png,7,99,7,7,,,TRUE,1,,STATUS_FINAL,7,TRUE,99,"[{'abbreviation': 'Game', 'name': 'overall', 'summary': '13-1', 'type': 'total'}
 {'abbreviation': None, 'name': 'Home', 'summary': '10-0', 'type': 'home'}
 {'abbreviation': None, 'name': 'Road', 'summary': '3-1', 'type': 'road'}
 {'abbreviation': None, 'name': 'vs. Conf.', 'summary': '3-0', 'type': 'vsconf'}]",7,FALSE,7,"[{'abbreviation': 'Game', 'name': 'overall', 'summary': '14-1', 'type': 'total'}
 {'abbreviation': None, 'name': 'Home', 'summary': '11-0', 'type': 'home'}
 {'abbreviation': None, 'name': 'Road', 'summary': '1-1', 'type': 'road'}
 {'abbreviation': None, 'name': 'vs. Conf.', 'summary': '2-1', 'type': 'vsconf'}]",7,Big Ten,MD,ILL,ce1126,ff5f05,ffffff,13294b,ILL,ff5f05,13294b,MD,ce1126,ffffff,https://raw.githubusercontent.com/sportsdataverse/wehoop-wbb-raw/main/wbb/json/final/401825239.json,2026-01-01T21:00Z,TRUE,,
401807533,2026-01-01T20:00Z,Georgia,Ole Miss,Away,L,62,79,https://a.espncdn.com/i/teamlogos/ncaa/500/61.png,https://a.espncdn.com/i/teamlogos/ncaa/500/145.png,99,15,23,23,,,TRUE,1,,STATUS_FINAL,23,TRUE,15,"[{'abbreviation': 'Game', 'name': 'overall', 'summary': '14-2', 'type': 'total'}
 {'abbreviation': None, 'name': 'Home', 'summary': '9-0', 'type': 'home'}
 {'abbreviation': None, 'name': 'Road', 'summary': '2-0', 'type': 'road'}
 {'abbreviation': None, 'name': 'vs. Conf.', 'summary': '1-0', 'type': 'vsconf'}]",23,FALSE,99,"[{'abbreviation': 'Game', 'name': 'overall', 'summary': '14-1', 'type': 'total'}
 {'abbreviation': None, 'name': 'Home', 'summary': '8-0', 'type': 'home'}
 {'abbreviation': None, 'name': 'Road', 'summary': '2-1', 'type': 'road'}
 {'abbreviation': None, 'name': 'vs. Conf.', 'summary': '0-1', 'type': 'vsconf'}]",23,SEC,UGA,MISS,ba0c2f,13294b,2c2a29,cf142b,MISS,13294b,cf142b,UGA,ba0c2f,2c2a29,https://raw.githubusercontent.com/sportsdataverse/wehoop-wbb-raw/main/wbb/json/final/401807533.json,2026-01-01T20:00Z,TRUE,,
401807533,2026-01-01T20:00Z,Ole Miss,Georgia,Home,W,79,62,https://a.espncdn.com/i/teamlogos/ncaa/500/145.png,https://a.espncdn.com/i/teamlogos/ncaa/500/61.png,15,99,23,23,,,TRUE,1,,STATUS_FINAL,23,TRUE,15,"[{'abbreviation': 'Game', 'name': 'overall', 'summary': '14-2', 'type': 'total'}
 {'abbreviation': None, 'name': 'Home', 'summary': '9-0', 'type': 'home'}
 {'abbreviation': None, 'name': 'Road', 'summary': '2-0', 'type': 'road'}
 {'abbreviation': None, 'name': 'vs. Conf.', 'summary': '1-0', 'type': 'vsconf'}]",23,FALSE,99,"[{'abbreviation': 'Game', 'name': 'overall', 'summary': '14-1', 'type': 'total'}
 {'abbreviation': None, 'name': 'Home', 'summary': '8-0', 'type': 'home'}
 {'abbreviation': None, 'name': 'Road', 'summary': '2-1', 'type': 'road'}
 {'abbreviation': None, 'name': 'vs. Conf.', 'summary': '0-1', 'type': 'vsconf'}]",23,SEC,MISS,UGA,13294b,ba0c2f,cf142b,2c2a29,MISS,13294b,cf142b,UGA,ba0c2f,2c2a29,https://raw.githubusercontent.com/sportsdataverse/wehoop-wbb-raw/main/wbb/json/final/401807533.json,2026-01-01T20:00Z,TRUE,,
401807509,2026-01-01T19:00Z,South Carolina,Alabama,Home,W,83,57,https://a.espncdn.com/i/teamlogos/ncaa/500/2579.png,https://a.espncdn.com/i/teamlogos/ncaa/500/333.png,3,99,23,23,,,TRUE,1,,STATUS_FINAL,23,TRUE,3,"[{'abbreviation': 'Game', 'name': 'overall', 'summary': '14-1', 'type': 'total'}
 {'abbreviation': None, 'name': 'Home', 'summary': '9-0', 'type': 'home'}
 {'abbreviation': None, 'name': 'Road', 'summary': '3-0', 'type': 'road'}
 {'abbreviation': None, 'name': 'vs. Conf.', 'summary': '1-0', 'type': 'vsconf'}]",23,FALSE,99,"[{'abbreviation': 'Game', 'name': 'overall', 'summary': '14-1', 'type': 'total'}
 {'abbreviation': None, 'name': 'Home', 'summary': '12-0', 'type': 'home'}
 {'abbreviation': None, 'name': 'Road', 'summary': '0-1', 'type': 'road'}
 {'abbreviation': None, 'name': 'vs. Conf.', 'summary': '0-1', 'type': 'vsconf'}]",23,SEC,SC,ALA,73000a,9e1b32,0,ffffff,SC,73000a,0,ALA,9e1b32,ffffff,https://raw.githubusercontent.com/sportsdataverse/wehoop-wbb-raw/main/wbb/json/final/401807509.json,2026-01-01T19:00Z,TRUE,,
401819562,2026-01-01T19:00Z,NC State,Stanford,Home,W,74,46,https://a.espncdn.com/i/teamlogos/ncaa/500/152.png,https://a.espncdn.com/i/teamlogos/ncaa/500/24.png,99,99,2,2,,,TRUE,1,,STATUS_FINAL,2,TRUE,99,"[{'abbreviation': 'Game', 'name': 'overall', 'summary': '10-4', 'type': 'total'}
 {'abbreviation': None, 'name': 'Home', 'summary': '5-2', 'type': 'home'}
 {'abbreviation': None, 'name': 'Road', 'summary': '2-1', 'type': 'road'}
 {'abbreviation': None, 'name': 'vs. Conf.', 'summary': '3-0', 'type': 'vsconf'}]",2,FALSE,99,"[{'abbreviation': 'Game', 'name': 'overall', 'summary': '12-3', 'type': 'total'}
 {'abbreviation': None, 'name': 'Home', 'summary': '8-1', 'type': 'home'}
 {'abbreviation': None, 'name': 'Road', 'summary': '2-1', 'type': 'road'}
 {'abbreviation': None, 'name': 'vs. Conf.', 'summary': '1-1', 'type': 'vsconf'}]",2,ACC,NCSU,STAN,cc0000,8c1515,ffffff,ffffff,NCSU,cc0000,ffffff,STAN,8c1515,ffffff,https://raw.githubusercontent.com/sportsdataverse/wehoop-wbb-raw/main/wbb/json/final/401819562.json,2026-01-01T19:00Z,TRUE,,
401807511,2026-01-01T19:00Z,Vanderbilt,Arkansas,Away,W,88,71,https://a.espncdn.com/i/teamlogos/ncaa/500/238.png,https://a.espncdn.com/i/teamlogos/ncaa/500/8.png,12,99,23,23,,,TRUE,1,,STATUS_FINAL,23,FALSE,99,"[{'abbreviation': 'Game', 'name': 'overall', 'summary': '11-5', 'type': 'total'}
 {'abbreviation': None, 'name': 'Home', 'summary': '8-3', 'type': 'home'}
 {'abbreviation': None, 'name': 'Road', 'summary': '1-2', 'type': 'road'}
 {'abbreviation': None, 'name': 'vs. Conf.', 'summary': '0-1', 'type': 'vsconf'}]",23,TRUE,12,"[{'abbreviation': 'Game', 'name': 'overall', 'summary': '14-0', 'type': 'total'}
 {'abbreviation': None, 'name': 'Home', 'summary': '8-0', 'type': 'home'}
 {'abbreviation': None, 'name': 'Road', 'summary': '3-0', 'type': 'road'}
 {'abbreviation': None, 'name': 'vs. Conf.', 'summary': '1-0', 'type': 'vsconf'}]",23,SEC,VAN,ARK,0,a32136,cfae70,ffffff,ARK,a32136,ffffff,VAN,0,cfae70,https://raw.githubusercontent.com/sportsdataverse/wehoop-wbb-raw/main/wbb/json/final/401807511.json,2026-01-01T19:00Z,TRUE,,
401819562,2026-01-01T19:00Z,Stanford,NC State,Away,L,46,74,https://a.espncdn.com/i/teamlogos/ncaa/500/24.png,https://a.espncdn.com/i/teamlogos/ncaa/500/152.png,99,99,2,2,,,TRUE,1,,STATUS_FINAL,2,TRUE,99,"[{'abbreviation': 'Game', 'name': 'overall', 'summary': '10-4', 'type': 'total'}
 {'abbreviation': None, 'name': 'Home', 'summary': '5-2', 'type': 'home'}
 {'abbreviation': None, 'name': 'Road', 'summary': '2-1', 'type': 'road'}
 {'abbreviation': None, 'name': 'vs. Conf.', 'summary': '3-0', 'type': 'vsconf'}]",2,FALSE,99,"[{'abbreviation': 'Game', 'name': 'overall', 'summary': '12-3', 'type': 'total'}
 {'abbreviation': None, 'name': 'Home', 'summary': '8-1', 'type': 'home'}
 {'abbreviation': None, 'name': 'Road', 'summary': '2-1', 'type': 'road'}
 {'abbreviation': None, 'name': 'vs. Conf.', 'summary': '1-1', 'type': 'vsconf'}]",2,ACC,STAN,NCSU,8c1515,cc0000,ffffff,ffffff,NCSU,cc0000,ffffff,STAN,8c1515,ffffff,https://raw.githubusercontent.com/sportsdataverse/wehoop-wbb-raw/main/wbb/json/final/401819562.json,2026-01-01T19:00Z,TRUE,,
401825242,2026-01-01T19:00Z,Nebraska,Iowa,Away,L,76,86,https://a.espncdn.com/i/teamlogos/ncaa/500/158.png,https://a.espncdn.com/i/teamlogos/ncaa/500/2294.png,20,14,7,7,,,TRUE,1,,STATUS_FINAL,7,TRUE,14,"[{'abbreviation': 'Game', 'name': 'overall', 'summary': '12-2', 'type': 'total'}
 {'abbreviation': None, 'name': 'Home', 'summary': '8-0', 'type': 'home'}
 {'abbreviation': None, 'name': 'Road', 'summary': '2-1', 'type': 'road'}
 {'abbreviation': None, 'name': 'vs. Conf.', 'summary': '3-0', 'type': 'vsconf'}]",7,FALSE,20,"[{'abbreviation': 'Game', 'name': 'overall', 'summary': '12-2', 'type': 'total'}
 {'abbreviation': None, 'name': 'Home', 'summary': '8-1', 'type': 'home'}
 {'abbreviation': None, 'name': 'Road', 'summary': '1-1', 'type': 'road'}
 {'abbreviation': None, 'name': 'vs. Conf.', 'summary': '1-2', 'type': 'vsconf'}]",7,Big Ten,NEB,IOWA,e31937,231f20,ffffff,fcd116,IOWA,231f20,fcd116,NEB,e31937,ffffff,https://raw.githubusercontent.com/sportsdataverse/wehoop-wbb-raw/main/wbb/json/final/401825242.json,2026-01-01T19:00Z,TRUE,,
401813881,2026-01-01T19:00Z,Fairfield,Canisius,Home,W,72,43,https://a.espncdn.com/i/teamlogos/ncaa/500/2217.png,https://a.espncdn.com/i/teamlogos/ncaa/500/2099.png,99,99,13,13,,,TRUE,1,,STATUS_FINAL,13,TRUE,99,"[{'abbreviation': 'Game', 'name': 'overall', 'summary': '10-3', 'type': 'total'}
 {'abbreviation': None, 'name': 'Home', 'summary': '5-0', 'type': 'home'}
 {'abbreviation': None, 'name': 'Road', 'summary': '4-2', 'type': 'road'}
 {'abbreviation': None, 'name': 'vs. Conf.', 'summary': '4-0', 'type': 'vsconf'}]",13,FALSE,99,"[{'abbreviation': 'Game', 'name': 'overall', 'summary': '2-10', 'type': 'total'}
 {'abbreviation': None, 'name': 'Home', 'summary': '2-4', 'type': 'home'}
 {'abbreviation': None, 'name': 'Road', 'summary': '0-6', 'type': 'road'}
 {'abbreviation': None, 'name': 'vs. Conf.', 'summary': '0-3', 'type': 'vsconf'}]",13,MAAC,FAIR,CAN,0,004a81,ebebeb,dda50f,FAIR,0,ebebeb,CAN,004a81,dda50f,https://raw.githubusercontent.com/sportsdataverse/wehoop-wbb-raw/main/wbb/json/final/401813881.json,2026-01-01T19:00Z,TRUE,,
401807509,2026-01-01T19:00Z,Alabama,South Carolina,Away,L,57,83,https://a.espncdn.com/i/teamlogos/ncaa/500/333.png,https://a.espncdn.com/i/teamlogos/ncaa/500/2579.png,99,3,23,23,,,TRUE,1,,STATUS_FINAL,23,TRUE,3,"[{'abbreviation': 'Game', 'name': 'overall', 'summary': '14-1', 'type': 'total'}
 {'abbreviation': None, 'name': 'Home', 'summary': '9-0', 'type': 'home'}
 {'abbreviation': None, 'name': 'Road', 'summary': '3-0', 'type': 'road'}
 {'abbreviation': None, 'name': 'vs. Conf.', 'summary': '1-0', 'type': 'vsconf'}]",23,FALSE,99,"[{'abbreviation': 'Game', 'name': 'overall', 'summary': '14-1', 'type': 'total'}
 {'abbreviation': None, 'name': 'Home', 'summary': '12-0', 'type': 'home'}
 {'abbreviation': None, 'name': 'Road', 'summary': '0-1', 'type': 'road'}
 {'abbreviation': None, 'name': 'vs. Conf.', 'summary': '0-1', 'type': 'vsconf'}]",23,SEC,ALA,SC,9e1b32,73000a,ffffff,0,SC,73000a,0,ALA,9e1b32,ffffff,https://raw.githubusercontent.com/sportsdataverse/wehoop-wbb-raw/main/wbb/json/final/401807509.json,2026-01-01T19:00Z,TRUE,,
401807512,2026-01-01T19:00Z,Florida,Tennessee,Away,L,65,76,https://a.espncdn.com/i/teamlogos/ncaa/500/57.png,https://a.espncdn.com/i/teamlogos/ncaa/500/2633_ncw.png,99,23,23,23,,,TRUE,1,,STATUS_FINAL,23,TRUE,23,"[{'abbreviation': 'Game', 'name': 'overall', 'summary': '9-3', 'type': 'total'}
 {'abbreviation': None, 'name': 'Home', 'summary': '6-0', 'type': 'home'}
 {'abbreviation': None, 'name': 'Road', 'summary': '3-1', 'type': 'road'}
 {'abbreviation': None, 'name': 'vs. Conf.', 'summary': '1-0', 'type': 'vsconf'}]",23,FALSE,99,"[{'abbreviation': 'Game', 'name': 'overall', 'summary': '12-4', 'type': 'total'}
 {'abbreviation': None, 'name': 'Home', 'summary': '9-1', 'type': 'home'}
 {'abbreviation': None, 'name': 'Road', 'summary': '1-3', 'type': 'road'}
 {'abbreviation': None, 'name': 'vs. Conf.', 'summary': '0-1', 'type': 'vsconf'}]",23,SEC,FLA,TENN,0021a5,ff8200,fa4616,ffffff,TENN,ff8200,ffffff,FLA,0021a5,fa4616,https://raw.githubusercontent.com/sportsdataverse/wehoop-wbb-raw/main/wbb/json/final/401807512.json,2026-01-01T19:00Z,TRUE,,
401819647,2026-01-01T19:00Z,Louisville,SMU,Home,W,91,58,https://a.espncdn.com/i/teamlogos/ncaa/500/97.png,https://a.espncdn.com/i/teamlogos/ncaa/500/2567.png,13,99,2,2,,,TRUE,1,,STATUS_FINAL,2,TRUE,13,"[{'abbreviation': 'Game', 'name': 'overall', 'summary': '13-3', 'type': 'total'}
 {'abbreviation': None, 'name': 'Home', 'summary': '9-2', 'type': 'home'}
 {'abbreviation': None, 'name': 'Road', 'summary': '2-0', 'type': 'road'}
 {'abbreviation': None, 'name': 'vs. Conf.', 'summary': '3-0', 'type': 'vsconf'}]",2,FALSE,99,"[{'abbreviation': 'Game', 'name': 'overall', 'summary': '7-8', 'type': 'total'}
 {'abbreviation': None, 'name': 'Home', 'summary': '5-3', 'type': 'home'}
 {'abbreviation': None, 'name': 'Road', 'summary': '1-4', 'type': 'road'}
 {'abbreviation': None, 'name': 'vs. Conf.', 'summary': '0-3', 'type': 'vsconf'}]",2,ACC,LOU,SMU,c9001f,a80000,ffffff,0033a1,LOU,c9001f,ffffff,SMU,a80000,0033a1,https://raw.githubusercontent.com/sportsdataverse/wehoop-wbb-raw/main/wbb/json/final/401819647.json,2026-01-01T19:00Z,TRUE,,
401825242,2026-01-01T19:00Z,Iowa,Nebraska,Home,W,86,76,https://a.espncdn.com/i/teamlogos/ncaa/500/2294.png,https://a.espncdn.com/i/teamlogos/ncaa/500/158.png,14,20,7,7,,,TRUE,1,,STATUS_FINAL,7,TRUE,14,"[{'abbreviation': 'Game', 'name': 'overall', 'summary': '12-2', 'type': 'total'}
 {'abbreviation': None, 'name': 'Home', 'summary': '8-0', 'type': 'home'}
 {'abbreviation': None, 'name': 'Road', 'summary': '2-1', 'type': 'road'}
 {'abbreviation': None, 'name': 'vs. Conf.', 'summary': '3-0', 'type': 'vsconf'}]",7,FALSE,20,"[{'abbreviation': 'Game', 'name': 'overall', 'summary': '12-2', 'type': 'total'}
 {'abbreviation': None, 'name': 'Home', 'summary': '8-1', 'type': 'home'}
 {'abbreviation': None, 'name': 'Road', 'summary': '1-1', 'type': 'road'}
 {'abbreviation': None, 'name': 'vs. Conf.', 'summary': '1-2', 'type': 'vsconf'}]",7,Big Ten,IOWA,NEB,231f20,e31937,fcd116,ffffff,IOWA,231f20,fcd116,NEB,e31937,ffffff,https://raw.githubusercontent.com/sportsdataverse/wehoop-wbb-raw/main/wbb/json/final/401825242.json,2026-01-01T19:00Z,TRUE,,
401807512,2026-01-01T19:00Z,Tennessee,Florida,Home,W,76,65,https://a.espncdn.com/i/teamlogos/ncaa/500/2633_ncw.png,https://a.espncdn.com/i/teamlogos/ncaa/500/57.png,23,99,23,23,,,TRUE,1,,STATUS_FINAL,23,TRUE,23,"[{'abbreviation': 'Game', 'name': 'overall', 'summary': '9-3', 'type': 'total'}
 {'abbreviation': None, 'name': 'Home', 'summary': '6-0', 'type': 'home'}
 {'abbreviation': None, 'name': 'Road', 'summary': '3-1', 'type': 'road'}
 {'abbreviation': None, 'name': 'vs. Conf.', 'summary': '1-0', 'type': 'vsconf'}]",23,FALSE,99,"[{'abbreviation': 'Game', 'name': 'overall', 'summary': '12-4', 'type': 'total'}
 {'abbreviation': None, 'name': 'Home', 'summary': '9-1', 'type': 'home'}
 {'abbreviation': None, 'name': 'Road', 'summary': '1-3', 'type': 'road'}
 {'abbreviation': None, 'name': 'vs. Conf.', 'summary': '0-1', 'type': 'vsconf'}]",23,SEC,TENN,FLA,ff8200,0021a5,ffffff,fa4616,TENN,ff8200,ffffff,FLA,0021a5,fa4616,https://raw.githubusercontent.com/sportsdataverse/wehoop-wbb-raw/main/wbb/json/final/401807512.json,2026-01-01T19:00Z,TRUE,,
401808796,2026-01-01T19:00Z,James Madison,Georgia State,Home,W,84,64,https://a.espncdn.com/i/teamlogos/ncaa/500/256.png,https://a.espncdn.com/i/teamlogos/ncaa/500/2247.png,99,99,27,27,,,TRUE,1,,STATUS_FINAL,27,TRUE,99,"[{'abbreviation': 'Game', 'name': 'overall', 'summary': '10-5', 'type': 'total'}
 {'abbreviation': None, 'name': 'Home', 'summary': '6-3', 'type': 'home'}
 {'abbreviation': None, 'name': 'Road', 'summary': '2-2', 'type': 'road'}
 {'abbreviation': None, 'name': 'vs. Conf.', 'summary': '2-1', 'type': 'vsconf'}]",27,FALSE,99,"[{'abbreviation': 'Game', 'name': 'overall', 'summary': '6-9', 'type': 'total'}
 {'abbreviation': None, 'name': 'Home', 'summary': '4-2', 'type': 'home'}
 {'abbreviation': None, 'name': 'Road', 'summary': '2-7', 'type': 'road'}
 {'abbreviation': None, 'name': 'vs. Conf.', 'summary': '1-2', 'type': 'vsconf'}]",27,Sun Belt,JMU,GAST,450084,0039a6,cbb677,ffffff,JMU,450084,cbb677,GAST,0039a6,ffffff,https://raw.githubusercontent.com/sportsdataverse/wehoop-wbb-raw/main/wbb/json/final/401808796.json,2026-01-01T19:00Z,TRUE,,
401827304,2026-01-01T18:00Z,West Virginia,Kansas,Away,W,79,72,https://a.espncdn.com/i/teamlogos/ncaa/500/277.png,https://a.espncdn.com/i/teamlogos/ncaa/500/2305.png,99,99,8,8,,,TRUE,1,,STATUS_FINAL,8,FALSE,99,"[{'abbreviation': 'Game', 'name': 'overall', 'summary': '10-4', 'type': 'total'}
 {'abbreviation': None, 'name': 'Home', 'summary': '7-1', 'type': 'home'}
 {'abbreviation': None, 'name': 'Road', 'summary': '2-1', 'type': 'road'}
 {'abbreviation': None, 'name': 'vs. Conf.', 'summary': '0-2', 'type': 'vsconf'}]",8,TRUE,99,"[{'abbreviation': 'Game', 'name': 'overall', 'summary': '12-2', 'type': 'total'}
 {'abbreviation': None, 'name': 'Home', 'summary': '8-1', 'type': 'home'}
 {'abbreviation': None, 'name': 'Road', 'summary': '2-0', 'type': 'road'}
 {'abbreviation': None, 'name': 'vs. Conf.', 'summary': '2-0', 'type': 'vsconf'}]",8,Big 12,WVU,KU,eaaa00,0051ba,2855,e8000d,KU,0051ba,e8000d,WVU,eaaa00,2855,https://raw.githubusercontent.com/sportsdataverse/wehoop-wbb-raw/main/wbb/json/final/401827304.json,2026-01-01T18:00Z,TRUE,,
401819642,2026-01-01T18:00Z,Duke,Boston College,Home,W,100,49,https://a.espncdn.com/i/teamlogos/ncaa/500/150.png,https://a.espncdn.com/i/teamlogos/ncaa/500/103.png,99,99,2,2,,,TRUE,1,,STATUS_FINAL,2,TRUE,99,"[{'abbreviation': 'Game', 'name': 'overall', 'summary': '8-6', 'type': 'total'}
 {'abbreviation': None, 'name': 'Home', 'summary': '4-1', 'type': 'home'}
 {'abbreviation': None, 'name': 'Road', 'summary': '4-1', 'type': 'road'}
 {'abbreviation': None, 'name': 'vs. Conf.', 'summary': '3-0', 'type': 'vsconf'}]",2,FALSE,99,"[{'abbreviation': 'Game', 'name': 'overall', 'summary': '4-12', 'type': 'total'}
 {'abbreviation': None, 'name': 'Home', 'summary': '4-7', 'type': 'home'}
 {'abbreviation': None, 'name': 'Road', 'summary': '0-3', 'type': 'road'}
 {'abbreviation': None, 'name': 'vs. Conf.', 'summary': '0-3', 'type': 'vsconf'}]",2,ACC,DUKE,BC,00539b,8c2232,ffffff,dbcca6,DUKE,00539b,ffffff,BC,8c2232,dbcca6,https://raw.githubusercontent.com/sportsdataverse/wehoop-wbb-raw/main/wbb/json/final/401819642.json,2026-01-01T18:00Z,TRUE,,
401825241,2026-01-01T17:00Z,Michigan State,Indiana,Away,W,80,60,https://a.espncdn.com/i/teamlogos/ncaa/500/127.png,https://a.espncdn.com/i/teamlogos/ncaa/500/84.png,24,99,7,7,,,TRUE,1,,STATUS_FINAL,7,FALSE,99,"[{'abbreviation': 'Game', 'name': 'overall', 'summary': '11-4', 'type': 'total'}
 {'abbreviation': None, 'name': 'Home', 'summary': '8-2', 'type': 'home'}
 {'abbreviation': None, 'name': 'Road', 'summary': '2-1', 'type': 'road'}
 {'abbreviation': None, 'name': 'vs. Conf.', 'summary': '0-3', 'type': 'vsconf'}]",7,TRUE,24,"[{'abbreviation': 'Game', 'name': 'overall', 'summary': '13-1', 'type': 'total'}
 {'abbreviation': None, 'name': 'Home', 'summary': '7-0', 'type': 'home'}
 {'abbreviation': None, 'name': 'Road', 'summary': '2-1', 'type': 'road'}
 {'abbreviation': None, 'name': 'vs. Conf.', 'summary': '2-1', 'type': 'vsconf'}]",7,Big Ten,MSU,IU,173f35,970310,ffffff,ffffff,IU,970310,ffffff,MSU,173f35,ffffff,https://raw.githubusercontent.com/sportsdataverse/wehoop-wbb-raw/main/wbb/json/final/401825241.json,2026-01-01T17:00Z,TRUE,,
401825620,2026-01-01T17:00Z,Villanova,Creighton,Home,W,74,64,https://a.espncdn.com/i/teamlogos/ncaa/500/222.png,https://a.espncdn.com/i/teamlogos/ncaa/500/156.png,99,99,4,4,,,TRUE,1,,STATUS_FINAL,4,TRUE,99,"[{'abbreviation': 'Game', 'name': 'overall', 'summary': '12-2', 'type': 'total'}
 {'abbreviation': None, 'name': 'Home', 'summary': '6-2', 'type': 'home'}
 {'abbreviation': None, 'name': 'Road', 'summary': '5-0', 'type': 'road'}
 {'abbreviation': None, 'name': 'vs. Conf.', 'summary': '5-0', 'type': 'vsconf'}]",4,FALSE,99,"[{'abbreviation': 'Game', 'name': 'overall', 'summary': '6-8', 'type': 'total'}
 {'abbreviation': None, 'name': 'Home', 'summary': '2-4', 'type': 'home'}
 {'abbreviation': None, 'name': 'Road', 'summary': '3-4', 'type': 'road'}
 {'abbreviation': None, 'name': 'vs. Conf.', 'summary': '2-3', 'type': 'vsconf'}]",4,Big East,VILL,CREI,00205b,005ca9,13b5ea,6cadde,VILL,00205b,13b5ea,CREI,005ca9,6cadde,https://raw.githubusercontent.com/sportsdataverse/wehoop-wbb-raw/main/wbb/json/final/401825620.json,2026-01-01T17:00Z,TRUE,,
401819643,2026-01-01T17:00Z,UNC,California,Home,W,71,55,https://a.espncdn.com/i/teamlogos/ncaa/500/153.png,https://a.espncdn.com/i/teamlogos/ncaa/500/25.png,16,99,2,2,,,TRUE,1,,STATUS_FINAL,2,TRUE,16,"[{'abbreviation': 'Game', 'name': 'overall', 'summary': '13-3', 'type': 'total'}
 {'abbreviation': None, 'name': 'Home', 'summary': '7-1', 'type': 'home'}
 {'abbreviation': None, 'name': 'Road', 'summary': '2-1', 'type': 'road'}
 {'abbreviation': None, 'name': 'vs. Conf.', 'summary': '2-1', 'type': 'vsconf'}]",2,FALSE,99,"[{'abbreviation': 'Game', 'name': 'overall', 'summary': '9-6', 'type': 'total'}
 {'abbreviation': None, 'name': 'Home', 'summary': '8-0', 'type': 'home'}
 {'abbreviation': None, 'name': 'Road', 'summary': '0-3', 'type': 'road'}
 {'abbreviation': None, 'name': 'vs. Conf.', 'summary': '0-2', 'type': 'vsconf'}]",2,ACC,UNC,CAL,7bafd4,4.10E+43,13294b,ffc72c,UNC,7bafd4,13294b,CAL,4.10E+43,ffc72c,https://raw.githubusercontent.com/sportsdataverse/wehoop-wbb-raw/main/wbb/json/final/401819643.json,2026-01-01T17:00Z,TRUE,,
401827298,2026-01-01T02:00Z,Colorado,Arizona,Home,W,75,56,https://a.espncdn.com/i/teamlogos/ncaa/500/38.png,https://a.espncdn.com/i/teamlogos/ncaa/500/12.png,99,99,8,8,,,TRUE,1,,STATUS_FINAL,8,TRUE,99,"[{'abbreviation': 'Game', 'name': 'overall', 'summary': '10-4', 'type': 'total'}
 {'abbreviation': None, 'name': 'Home', 'summary': '8-1', 'type': 'home'}
 {'abbreviation': None, 'name': 'Road', 'summary': '0-2', 'type': 'road'}
 {'abbreviation': None, 'name': 'vs. Conf.', 'summary': '1-1', 'type': 'vsconf'}]",8,FALSE,99,"[{'abbreviation': 'Game', 'name': 'overall', 'summary': '9-4', 'type': 'total'}
 {'abbreviation': None, 'name': 'Home', 'summary': '9-3', 'type': 'home'}
 {'abbreviation': None, 'name': 'Road', 'summary': '0-1', 'type': 'road'}
 {'abbreviation': None, 'name': 'vs. Conf.', 'summary': '0-2', 'type': 'vsconf'}]",8,Big 12,COLO,ARIZ,cfb87c,cc0033,0,3366,COLO,cfb87c,0,ARIZ,cc0033,3366,https://raw.githubusercontent.com/sportsdataverse/wehoop-wbb-raw/main/wbb/json/final/401827298.json,2026-01-01T02:00Z,TRUE,,
401827297,2026-01-01T02:00Z,TCU,BYU,Away,W,72,48,https://a.espncdn.com/i/teamlogos/ncaa/500/2628.png,https://a.espncdn.com/i/teamlogos/ncaa/500/252.png,8,99,8,8,,,TRUE,1,,STATUS_FINAL,8,FALSE,99,"[{'abbreviation': 'Game', 'name': 'overall', 'summary': '12-2', 'type': 'total'}
 {'abbreviation': None, 'name': 'Home', 'summary': '8-1', 'type': 'home'}
 {'abbreviation': None, 'name': 'Road', 'summary': '3-0', 'type': 'road'}
 {'abbreviation': None, 'name': 'vs. Conf.', 'summary': '1-1', 'type': 'vsconf'}]",8,TRUE,8,"[{'abbreviation': 'Game', 'name': 'overall', 'summary': '14-0', 'type': 'total'}
 {'abbreviation': None, 'name': 'Home', 'summary': '10-0', 'type': 'home'}
 {'abbreviation': None, 'name': 'Road', 'summary': '2-0', 'type': 'road'}
 {'abbreviation': None, 'name': 'vs. Conf.', 'summary': '2-0', 'type': 'vsconf'}]",8,Big 12,TCU,BYU,4d1979,0047ba,ffffff,002e5d,BYU,0047ba,002e5d,TCU,4d1979,ffffff,https://raw.githubusercontent.com/sportsdataverse/wehoop-wbb-raw/main/wbb/json/final/401827297.json,2026-01-01T02:00Z,TRUE,,
401827302,2026-01-01T00:00Z,Texas Tech,UCF,Home,W,73,55,https://a.espncdn.com/i/teamlogos/ncaa/500/2641.png,https://a.espncdn.com/i/teamlogos/ncaa/500/2116.png,21,99,8,8,,,TRUE,1,,STATUS_FINAL,8,TRUE,21,"[{'abbreviation': 'Game', 'name': 'overall', 'summary': '15-0', 'type': 'total'}
 {'abbreviation': None, 'name': 'Home', 'summary': '9-0', 'type': 'home'}
 {'abbreviation': None, 'name': 'Road', 'summary': '3-0', 'type': 'road'}
 {'abbreviation': None, 'name': 'vs. Conf.', 'summary': '2-0', 'type': 'vsconf'}]",8,FALSE,99,"[{'abbreviation': 'Game', 'name': 'overall', 'summary': '8-5', 'type': 'total'}
 {'abbreviation': None, 'name': 'Home', 'summary': '6-3', 'type': 'home'}
 {'abbreviation': None, 'name': 'Road', 'summary': '0-1', 'type': 'road'}
 {'abbreviation': None, 'name': 'vs. Conf.', 'summary': '0-2', 'type': 'vsconf'}]",8,Big 12,TTU,UCF,da291c,0,0,b4a169,TTU,da291c,0,UCF,0,b4a169,https://raw.githubusercontent.com/sportsdataverse/wehoop-wbb-raw/main/wbb/json/final/401827302.json,2026-01-01T00:00Z,TRUE,,
401827301,2025-12-31T20:00Z,Oklahoma State,Baylor,Home,L,68,77,https://a.espncdn.com/i/teamlogos/ncaa/500/197.png,https://a.espncdn.com/i/teamlogos/ncaa/500/239.png,99,22,8,8,,,TRUE,1,,STATUS_FINAL,8,FALSE,99,"[{'abbreviation': 'Game', 'name': 'overall', 'summary': '12-3', 'type': 'total'}
 {'abbreviation': None, 'name': 'Home', 'summary': '8-1', 'type': 'home'}
 {'abbreviation': None, 'name': 'Road', 'summary': '2-1', 'type': 'road'}
 {'abbreviation': None, 'name': 'vs. Conf.', 'summary': '1-1', 'type': 'vsconf'}]",8,TRUE,22,"[{'abbreviation': 'Game', 'name': 'overall', 'summary': '12-3', 'type': 'total'}
 {'abbreviation': None, 'name': 'Home', 'summary': '8-1', 'type': 'home'}
 {'abbreviation': None, 'name': 'Road', 'summary': '2-0', 'type': 'road'}
 {'abbreviation': None, 'name': 'vs. Conf.', 'summary': '1-1', 'type': 'vsconf'}]",8,Big 12,OKST,BAY,fe5c00,154734,0,ffb81c,OKST,fe5c00,0,BAY,154734,ffb81c,https://raw.githubusercontent.com/sportsdataverse/wehoop-wbb-raw/main/wbb/json/final/401827301.json,2025-12-31T20:00Z,TRUE,,
401827301,2025-12-31T20:00Z,Baylor,Oklahoma State,Away,W,77,68,https://a.espncdn.com/i/teamlogos/ncaa/500/239.png,https://a.espncdn.com/i/teamlogos/ncaa/500/197.png,22,99,8,8,,,TRUE,1,,STATUS_FINAL,8,FALSE,99,"[{'abbreviation': 'Game', 'name': 'overall', 'summary': '12-3', 'type': 'total'}
 {'abbreviation': None, 'name': 'Home', 'summary': '8-1', 'type': 'home'}
 {'abbreviation': None, 'name': 'Road', 'summary': '2-1', 'type': 'road'}
 {'abbreviation': None, 'name': 'vs. Conf.', 'summary': '1-1', 'type': 'vsconf'}]",8,TRUE,22,"[{'abbreviation': 'Game', 'name': 'overall', 'summary': '12-3', 'type': 'total'}
 {'abbreviation': None, 'name': 'Home', 'summary': '8-1', 'type': 'home'}
 {'abbreviation': None, 'name': 'Road', 'summary': '2-0', 'type': 'road'}
 {'abbreviation': None, 'name': 'vs. Conf.', 'summary': '1-1', 'type': 'vsconf'}]",8,Big 12,BAY,OKST,154734,fe5c00,ffb81c,0,OKST,fe5c00,0,BAY,154734,ffb81c,https://raw.githubusercontent.com/sportsdataverse/wehoop-wbb-raw/main/wbb/json/final/401827301.json,2025-12-31T20:00Z,TRUE,,
401825618,2025-12-31T20:00Z,UConn,Providence,Away,W,90,53,https://a.espncdn.com/i/teamlogos/ncaa/500/41.png,https://a.espncdn.com/i/teamlogos/ncaa/500/2507.png,1,99,4,4,,,TRUE,1,,STATUS_FINAL,4,FALSE,99,"[{'abbreviation': 'Game', 'name': 'overall', 'summary': '8-7', 'type': 'total'}
 {'abbreviation': None, 'name': 'Home', 'summary': '7-3', 'type': 'home'}
 {'abbreviation': None, 'name': 'Road', 'summary': '1-3', 'type': 'road'}
 {'abbreviation': None, 'name': 'vs. Conf.', 'summary': '1-3', 'type': 'vsconf'}]",4,TRUE,1,"[{'abbreviation': 'Game', 'name': 'overall', 'summary': '14-0', 'type': 'total'}
 {'abbreviation': None, 'name': 'Home', 'summary': '5-0', 'type': 'home'}
 {'abbreviation': None, 'name': 'Road', 'summary': '5-0', 'type': 'road'}
 {'abbreviation': None, 'name': 'vs. Conf.', 'summary': '5-0', 'type': 'vsconf'}]",4,Big East,CONN,PROV,0c2340,0,a2aaad,a3a19e,PROV,0,a3a19e,CONN,0c2340,a2aaad,https://raw.githubusercontent.com/sportsdataverse/wehoop-wbb-raw/main/wbb/json/final/401825618.json,2025-12-31T20:00Z,TRUE,,
401827299,2025-12-31T19:00Z,Iowa State,Houston,Away,W,80,62,https://a.espncdn.com/i/teamlogos/ncaa/500/66.png,https://a.espncdn.com/i/teamlogos/ncaa/500/248.png,10,99,8,8,,,TRUE,1,,STATUS_FINAL,8,FALSE,99,"[{'abbreviation': 'Game', 'name': 'overall', 'summary': '6-7', 'type': 'total'}
 {'abbreviation': None, 'name': 'Home', 'summary': '4-3', 'type': 'home'}
 {'abbreviation': None, 'name': 'Road', 'summary': '1-3', 'type': 'road'}
 {'abbreviation': None, 'name': 'vs. Conf.', 'summary': '0-2', 'type': 'vsconf'}]",8,TRUE,10,"[{'abbreviation': 'Game', 'name': 'overall', 'summary': '14-0', 'type': 'total'}
 {'abbreviation': None, 'name': 'Home', 'summary': '10-0', 'type': 'home'}
 {'abbreviation': None, 'name': 'Road', 'summary': '2-0', 'type': 'road'}
 {'abbreviation': None, 'name': 'vs. Conf.', 'summary': '2-0', 'type': 'vsconf'}]",8,Big 12,ISU,HOU,ae192d,c8102e,ffc72a,ffffff,HOU,c8102e,ffffff,ISU,ae192d,ffc72a,https://raw.githubusercontent.com/sportsdataverse/wehoop-wbb-raw/main/wbb/json/final/401827299.json,2025-12-31T19:00Z,TRUE,,
401825238,2025-12-31T19:00Z,UCLA,Penn State,Away,W,97,61,https://a.espncdn.com/i/teamlogos/ncaa/500/26.png,https://a.espncdn.com/i/teamlogos/ncaa/500/213.png,4,99,7,7,,,TRUE,1,,STATUS_FINAL,7,FALSE,99,"[{'abbreviation': 'Game', 'name': 'overall', 'summary': '7-7', 'type': 'total'}
 {'abbreviation': None, 'name': 'Home', 'summary': '4-3', 'type': 'home'}
 {'abbreviation': None, 'name': 'Road', 'summary': '1-2', 'type': 'road'}
 {'abbreviation': None, 'name': 'vs. Conf.', 'summary': '0-3', 'type': 'vsconf'}]",7,TRUE,4,"[{'abbreviation': 'Game', 'name': 'overall', 'summary': '13-1', 'type': 'total'}
 {'abbreviation': None, 'name': 'Home', 'summary': '6-0', 'type': 'home'}
 {'abbreviation': None, 'name': 'Road', 'summary': '2-0', 'type': 'road'}
 {'abbreviation': None, 'name': 'vs. Conf.', 'summary': '3-0', 'type': 'vsconf'}]",7,Big Ten,UCLA,PSU,2774ae,61440,f2a900,ffffff,PSU,61440,ffffff,UCLA,2774ae,f2a900,https://raw.githubusercontent.com/sportsdataverse/wehoop-wbb-raw/main/wbb/json/final/401825238.json,2025-12-31T19:00Z,TRUE,,
401825237,2025-12-31T17:30Z,Ohio State,Purdue,Away,W,83,56,https://a.espncdn.com/i/teamlogos/ncaa/500/194.png,https://a.espncdn.com/i/teamlogos/ncaa/500/2509.png,19,99,7,7,,,TRUE,1,,STATUS_FINAL,7,FALSE,99,"[{'abbreviation': 'Game', 'name': 'overall', 'summary': '8-6', 'type': 'total'}
 {'abbreviation': None, 'name': 'Home', 'summary': '8-2', 'type': 'home'}
 {'abbreviation': None, 'name': 'Road', 'summary': '0-4', 'type': 'road'}
 {'abbreviation': None, 'name': 'vs. Conf.', 'summary': '0-3', 'type': 'vsconf'}]",7,TRUE,19,"[{'abbreviation': 'Game', 'name': 'overall', 'summary': '12-2', 'type': 'total'}
 {'abbreviation': None, 'name': 'Home', 'summary': '8-1', 'type': 'home'}
 {'abbreviation': None, 'name': 'Road', 'summary': '2-1', 'type': 'road'}
 {'abbreviation': None, 'name': 'vs. Conf.', 'summary': '2-1', 'type': 'vsconf'}]",7,Big Ten,OSU,PUR,ba0c2f,ceb888,a8adb4,0,PUR,ceb888,0,OSU,ba0c2f,a8adb4,https://raw.githubusercontent.com/sportsdataverse/wehoop-wbb-raw/main/wbb/json/final/401825237.json,2025-12-31T17:30Z,TRUE,,
401829029,2025-12-30T23:00Z,Richmond,Rhode Island,Away,L,61,73,https://a.espncdn.com/i/teamlogos/ncaa/500/257.png,https://a.espncdn.com/i/teamlogos/ncaa/500/227.png,99,99,3,3,,,TRUE,1,,STATUS_FINAL,3,TRUE,99,"[{'abbreviation': 'Game', 'name': 'overall', 'summary': '11-2', 'type': 'total'}
 {'abbreviation': None, 'name': 'Home', 'summary': '6-1', 'type': 'home'}
 {'abbreviation': None, 'name': 'Road', 'summary': '5-1', 'type': 'road'}
 {'abbreviation': None, 'name': 'vs. Conf.', 'summary': '2-0', 'type': 'vsconf'}]",3,FALSE,99,"[{'abbreviation': 'Game', 'name': 'overall', 'summary': '11-4', 'type': 'total'}
 {'abbreviation': None, 'name': 'Home', 'summary': '5-1', 'type': 'home'}
 {'abbreviation': None, 'name': 'Road', 'summary': '3-2', 'type': 'road'}
 {'abbreviation': None, 'name': 'vs. Conf.', 'summary': '1-1', 'type': 'vsconf'}]",3,A-10,RICH,URI,9e0712,091f3f,b90b2e,5ab3e8,URI,091f3f,5ab3e8,RICH,9e0712,b90b2e,https://raw.githubusercontent.com/sportsdataverse/wehoop-wbb-raw/main/wbb/json/final/401829029.json,2025-12-30T23:00Z,TRUE,,
401829029,2025-12-30T23:00Z,Rhode Island,Richmond,Home,W,73,61,https://a.espncdn.com/i/teamlogos/ncaa/500/227.png,https://a.espncdn.com/i/teamlogos/ncaa/500/257.png,99,99,3,3,,,TRUE,1,,STATUS_FINAL,3,TRUE,99,"[{'abbreviation': 'Game', 'name': 'overall', 'summary': '11-2', 'type': 'total'}
 {'abbreviation': None, 'name': 'Home', 'summary': '6-1', 'type': 'home'}
 {'abbreviation': None, 'name': 'Road', 'summary': '5-1', 'type': 'road'}
 {'abbreviation': None, 'name': 'vs. Conf.', 'summary': '2-0', 'type': 'vsconf'}]",3,FALSE,99,"[{'abbreviation': 'Game', 'name': 'overall', 'summary': '11-4', 'type': 'total'}
 {'abbreviation': None, 'name': 'Home', 'summary': '5-1', 'type': 'home'}
 {'abbreviation': None, 'name': 'Road', 'summary': '3-2', 'type': 'road'}
 {'abbreviation': None, 'name': 'vs. Conf.', 'summary': '1-1', 'type': 'vsconf'}]",3,A-10,URI,RICH,091f3f,9e0712,5ab3e8,b90b2e,URI,091f3f,5ab3e8,RICH,9e0712,b90b2e,https://raw.githubusercontent.com/sportsdataverse/wehoop-wbb-raw/main/wbb/json/final/401829029.json,2025-12-30T23:00Z,TRUE,,
401825232,2025-12-30T02:00Z,Oregon,Michigan,Home,L,87,92,https://a.espncdn.com/i/teamlogos/ncaa/500/2483.png,https://a.espncdn.com/i/teamlogos/ncaa/500/130.png,99,6,7,7,,,TRUE,1,,STATUS_FINAL,7,FALSE,99,"[{'abbreviation': 'Game', 'name': 'overall', 'summary': '12-3', 'type': 'total'}
 {'abbreviation': None, 'name': 'Home', 'summary': '8-1', 'type': 'home'}
 {'abbreviation': None, 'name': 'Road', 'summary': '2-1', 'type': 'road'}
 {'abbreviation': None, 'name': 'vs. Conf.', 'summary': '0-2', 'type': 'vsconf'}]",7,TRUE,6,"[{'abbreviation': 'Game', 'name': 'overall', 'summary': '11-1', 'type': 'total'}
 {'abbreviation': None, 'name': 'Home', 'summary': '7-0', 'type': 'home'}
 {'abbreviation': None, 'name': 'Road', 'summary': '2-0', 'type': 'road'}
 {'abbreviation': None, 'name': 'vs. Conf.', 'summary': '2-0', 'type': 'vsconf'}]",7,Big Ten,ORE,MICH,00934b,00274c,fff41b,ffcb05,ORE,00934b,fff41b,MICH,00274c,ffcb05,https://raw.githubusercontent.com/sportsdataverse/wehoop-wbb-raw/main/wbb/json/final/401825232.json,2025-12-30T02:00Z,TRUE,,
401825232,2025-12-30T02:00Z,Michigan,Oregon,Away,W,92,87,https://a.espncdn.com/i/teamlogos/ncaa/500/130.png,https://a.espncdn.com/i/teamlogos/ncaa/500/2483.png,6,99,7,7,,,TRUE,1,,STATUS_FINAL,7,FALSE,99,"[{'abbreviation': 'Game', 'name': 'overall', 'summary': '12-3', 'type': 'total'}
 {'abbreviation': None, 'name': 'Home', 'summary': '8-1', 'type': 'home'}
 {'abbreviation': None, 'name': 'Road', 'summary': '2-1', 'type': 'road'}
 {'abbreviation': None, 'name': 'vs. Conf.', 'summary': '0-2', 'type': 'vsconf'}]",7,TRUE,6,"[{'abbreviation': 'Game', 'name': 'overall', 'summary': '11-1', 'type': 'total'}
 {'abbreviation': None, 'name': 'Home', 'summary': '7-0', 'type': 'home'}
 {'abbreviation': None, 'name': 'Road', 'summary': '2-0', 'type': 'road'}
 {'abbreviation': None, 'name': 'vs. Conf.', 'summary': '2-0', 'type': 'vsconf'}]",7,Big Ten,MICH,ORE,00274c,00934b,ffcb05,fff41b,ORE,00934b,fff41b,MICH,00274c,ffcb05,https://raw.githubusercontent.com/sportsdataverse/wehoop-wbb-raw/main/wbb/json/final/401825232.json,2025-12-30T02:00Z,TRUE,,
401825234,2025-12-30T01:00Z,Washington,Northwestern,Home,W,94,73,https://a.espncdn.com/i/teamlogos/ncaa/500/264.png,https://a.espncdn.com/i/teamlogos/ncaa/500/77.png,99,99,7,7,,,TRUE,1,,STATUS_FINAL,7,TRUE,99,"[{'abbreviation': 'Game', 'name': 'overall', 'summary': '11-2', 'type': 'total'}
 {'abbreviation': None, 'name': 'Home', 'summary': '9-0', 'type': 'home'}
 {'abbreviation': None, 'name': 'Road', 'summary': '2-2', 'type': 'road'}
 {'abbreviation': None, 'name': 'vs. Conf.', 'summary': '1-1', 'type': 'vsconf'}]",7,FALSE,99,"[{'abbreviation': 'Game', 'name': 'overall', 'summary': '6-7', 'type': 'total'}
 {'abbreviation': None, 'name': 'Home', 'summary': '4-3', 'type': 'home'}
 {'abbreviation': None, 'name': 'Road', 'summary': '1-3', 'type': 'road'}
 {'abbreviation': None, 'name': 'vs. Conf.', 'summary': '0-2', 'type': 'vsconf'}]",7,Big Ten,WASH,NU,33006f,492f92,e8d3a2,ffffff,WASH,33006f,e8d3a2,NU,492f92,ffffff,https://raw.githubusercontent.com/sportsdataverse/wehoop-wbb-raw/main/wbb/json/final/401825234.json,2025-12-30T01:00Z,TRUE,,
401819639,2025-12-30T01:00Z,UNC,Boston College,Away,W,90,39,https://a.espncdn.com/i/teamlogos/ncaa/500/153.png,https://a.espncdn.com/i/teamlogos/ncaa/500/103.png,16,99,2,2,,,TRUE,1,,STATUS_FINAL,2,FALSE,99,"[{'abbreviation': 'Game', 'name': 'overall', 'summary': '4-11', 'type': 'total'}
 {'abbreviation': None, 'name': 'Home', 'summary': '4-7', 'type': 'home'}
 {'abbreviation': None, 'name': 'Road', 'summary': '0-2', 'type': 'road'}
 {'abbreviation': None, 'name': 'vs. Conf.', 'summary': '0-2', 'type': 'vsconf'}]",2,TRUE,16,"[{'abbreviation': 'Game', 'name': 'overall', 'summary': '12-3', 'type': 'total'}
 {'abbreviation': None, 'name': 'Home', 'summary': '6-1', 'type': 'home'}
 {'abbreviation': None, 'name': 'Road', 'summary': '2-1', 'type': 'road'}
 {'abbreviation': None, 'name': 'vs. Conf.', 'summary': '1-1', 'type': 'vsconf'}]",2,ACC,UNC,BC,7bafd4,8c2232,13294b,dbcca6,BC,8c2232,dbcca6,UNC,7bafd4,13294b,https://raw.githubusercontent.com/sportsdataverse/wehoop-wbb-raw/main/wbb/json/final/401819639.json,2025-12-30T01:00Z,TRUE,,
401825617,2025-12-30T00:00Z,Villanova,DePaul,Away,W,81,48,https://a.espncdn.com/i/teamlogos/ncaa/500/222.png,https://a.espncdn.com/i/teamlogos/ncaa/500/305.png,99,99,4,4,,,TRUE,1,,STATUS_FINAL,4,FALSE,99,"[{'abbreviation': 'Game', 'name': 'overall', 'summary': '3-12', 'type': 'total'}
 {'abbreviation': None, 'name': 'Home', 'summary': '3-6', 'type': 'home'}
 {'abbreviation': None, 'name': 'Road', 'summary': '0-6', 'type': 'road'}
 {'abbreviation': None, 'name': 'vs. Conf.', 'summary': '0-4', 'type': 'vsconf'}]",4,TRUE,99,"[{'abbreviation': 'Game', 'name': 'overall', 'summary': '11-2', 'type': 'total'}
 {'abbreviation': None, 'name': 'Home', 'summary': '5-2', 'type': 'home'}
 {'abbreviation': None, 'name': 'Road', 'summary': '5-0', 'type': 'road'}
 {'abbreviation': None, 'name': 'vs. Conf.', 'summary': '4-0', 'type': 'vsconf'}]",4,Big East,VILL,DEP,00205b,2d649c,13b5ea,ce1125,DEP,2d649c,ce1125,VILL,00205b,13b5ea,https://raw.githubusercontent.com/sportsdataverse/wehoop-wbb-raw/main/wbb/json/final/401825617.json,2025-12-30T00:00Z,TRUE,,
401813832,2025-12-30T00:00Z,Fairfield,Manhattan,Away,W,84,59,https://a.espncdn.com/i/teamlogos/ncaa/500/2217.png,https://a.espncdn.com/i/teamlogos/ncaa/500/2363.png,99,99,13,13,,,TRUE,1,,STATUS_FINAL,13,FALSE,99,"[{'abbreviation': 'Game', 'name': 'overall', 'summary': '0-11', 'type': 'total'}
 {'abbreviation': None, 'name': 'Home', 'summary': '0-4', 'type': 'home'}
 {'abbreviation': None, 'name': 'Road', 'summary': '0-6', 'type': 'road'}
 {'abbreviation': None, 'name': 'vs. Conf.', 'summary': '0-2', 'type': 'vsconf'}]",13,TRUE,99,"[{'abbreviation': 'Game', 'name': 'overall', 'summary': '9-3', 'type': 'total'}
 {'abbreviation': None, 'name': 'Home', 'summary': '4-0', 'type': 'home'}
 {'abbreviation': None, 'name': 'Road', 'summary': '4-2', 'type': 'road'}
 {'abbreviation': None, 'name': 'vs. Conf.', 'summary': '3-0', 'type': 'vsconf'}]",13,MAAC,FAIR,MAN,0,4f8537,ebebeb,b5b7ba,MAN,4f8537,b5b7ba,FAIR,0,ebebeb,https://raw.githubusercontent.com/sportsdataverse/wehoop-wbb-raw/main/wbb/json/final/401813832.json,2025-12-30T00:00Z,TRUE,,
401819641,2025-12-30T00:00Z,Virginia,SMU,Home,W,76,52,https://a.espncdn.com/i/teamlogos/ncaa/500/258.png,https://a.espncdn.com/i/teamlogos/ncaa/500/2567.png,99,99,2,2,,,TRUE,1,,STATUS_FINAL,2,TRUE,99,"[{'abbreviation': 'Game', 'name': 'overall', 'summary': '10-3', 'type': 'total'}
 {'abbreviation': None, 'name': 'Home', 'summary': '8-1', 'type': 'home'}
 {'abbreviation': None, 'name': 'Road', 'summary': '1-1', 'type': 'road'}
 {'abbreviation': None, 'name': 'vs. Conf.', 'summary': '2-0', 'type': 'vsconf'}]",2,FALSE,99,"[{'abbreviation': 'Game', 'name': 'overall', 'summary': '7-7', 'type': 'total'}
 {'abbreviation': None, 'name': 'Home', 'summary': '5-3', 'type': 'home'}
 {'abbreviation': None, 'name': 'Road', 'summary': '1-3', 'type': 'road'}
 {'abbreviation': None, 'name': 'vs. Conf.', 'summary': '0-2', 'type': 'vsconf'}]",2,ACC,UVA,SMU,f84c1e,a80000,232d4b,0033a1,UVA,f84c1e,232d4b,SMU,a80000,0033a1,https://raw.githubusercontent.com/sportsdataverse/wehoop-wbb-raw/main/wbb/json/final/401819641.json,2025-12-30T00:00Z,TRUE,,
401825233,2025-12-29T23:00Z,Minnesota,Indiana,Away,W,71,48,https://a.espncdn.com/i/teamlogos/ncaa/500/135.png,https://a.espncdn.com/i/teamlogos/ncaa/500/84.png,99,99,7,7,,,TRUE,1,,STATUS_FINAL,7,FALSE,99,"[{'abbreviation': 'Game', 'name': 'overall', 'summary': '11-3', 'type': 'total'}
 {'abbreviation': None, 'name': 'Home', 'summary': '8-1', 'type': 'home'}
 {'abbreviation': None, 'name': 'Road', 'summary': '2-1', 'type': 'road'}
 {'abbreviation': None, 'name': 'vs. Conf.', 'summary': '0-2', 'type': 'vsconf'}]",7,TRUE,99,"[{'abbreviation': 'Game', 'name': 'overall', 'summary': '10-3', 'type': 'total'}
 {'abbreviation': None, 'name': 'Home', 'summary': '7-1', 'type': 'home'}
 {'abbreviation': None, 'name': 'Road', 'summary': '2-1', 'type': 'road'}
 {'abbreviation': None, 'name': 'vs. Conf.', 'summary': '1-1', 'type': 'vsconf'}]",7,Big Ten,MINN,IU,5e0a2f,970310,fab41c,ffffff,IU,970310,ffffff,MINN,5e0a2f,fab41c,https://raw.githubusercontent.com/sportsdataverse/wehoop-wbb-raw/main/wbb/json/final/401825233.json,2025-12-29T23:00Z,TRUE,,
401819640,2025-12-29T23:00Z,Notre Dame,Pittsburgh,Home,W,94,59,https://a.espncdn.com/i/teamlogos/ncaa/500/87.png,https://a.espncdn.com/i/teamlogos/ncaa/500/221.png,18,99,2,2,,,TRUE,1,,STATUS_FINAL,2,TRUE,18,"[{'abbreviation': 'Game', 'name': 'overall', 'summary': '10-2', 'type': 'total'}
 {'abbreviation': None, 'name': 'Home', 'summary': '8-0', 'type': 'home'}
 {'abbreviation': None, 'name': 'Road', 'summary': '2-1', 'type': 'road'}
 {'abbreviation': None, 'name': 'vs. Conf.', 'summary': '2-0', 'type': 'vsconf'}]",2,FALSE,99,"[{'abbreviation': 'Game', 'name': 'overall', 'summary': '7-8', 'type': 'total'}
 {'abbreviation': None, 'name': 'Home', 'summary': '6-3', 'type': 'home'}
 {'abbreviation': None, 'name': 'Road', 'summary': '0-4', 'type': 'road'}
 {'abbreviation': None, 'name': 'vs. Conf.', 'summary': '0-2', 'type': 'vsconf'}]",2,ACC,ND,PITT,62340,3594,c99700,ffb81c,ND,62340,c99700,PITT,3594,ffb81c,https://raw.githubusercontent.com/sportsdataverse/wehoop-wbb-raw/main/wbb/json/final/401819640.json,2025-12-29T23:00Z,TRUE,,
401825235,2025-12-29T21:00Z,Maryland,Wisconsin,Home,W,97,59,https://a.espncdn.com/i/teamlogos/ncaa/500/120.png,https://a.espncdn.com/i/teamlogos/ncaa/500/275.png,7,99,7,7,,,TRUE,1,,STATUS_FINAL,7,TRUE,7,"[{'abbreviation': 'Game', 'name': 'overall', 'summary': '14-0', 'type': 'total'}
 {'abbreviation': None, 'name': 'Home', 'summary': '11-0', 'type': 'home'}
 {'abbreviation': None, 'name': 'Road', 'summary': '1-0', 'type': 'road'}
 {'abbreviation': None, 'name': 'vs. Conf.', 'summary': '2-0', 'type': 'vsconf'}]",7,FALSE,99,"[{'abbreviation': 'Game', 'name': 'overall', 'summary': '9-4', 'type': 'total'}
 {'abbreviation': None, 'name': 'Home', 'summary': '8-0', 'type': 'home'}
 {'abbreviation': None, 'name': 'Road', 'summary': '1-2', 'type': 'road'}
 {'abbreviation': None, 'name': 'vs. Conf.', 'summary': '1-1', 'type': 'vsconf'}]",7,Big Ten,MD,WIS,ce1126,a00000,ffffff,ffffff,MD,ce1126,ffffff,WIS,a00000,ffffff,https://raw.githubusercontent.com/sportsdataverse/wehoop-wbb-raw/main/wbb/json/final/401825235.json,2025-12-29T21:00Z,TRUE,,
401825236,2025-12-29T20:00Z,Nebraska,USC,Home,L,66,74,https://a.espncdn.com/i/teamlogos/ncaa/500/158.png,https://a.espncdn.com/i/teamlogos/ncaa/500/30.png,20,17,7,7,,,TRUE,1,,STATUS_FINAL,7,FALSE,20,"[{'abbreviation': 'Game', 'name': 'overall', 'summary': '12-1', 'type': 'total'}
 {'abbreviation': None, 'name': 'Home', 'summary': '8-1', 'type': 'home'}
 {'abbreviation': None, 'name': 'Road', 'summary': '1-0', 'type': 'road'}
 {'abbreviation': None, 'name': 'vs. Conf.', 'summary': '1-1', 'type': 'vsconf'}]",7,TRUE,17,"[{'abbreviation': 'Game', 'name': 'overall', 'summary': '10-3', 'type': 'total'}
 {'abbreviation': None, 'name': 'Home', 'summary': '7-1', 'type': 'home'}
 {'abbreviation': None, 'name': 'Road', 'summary': '1-1', 'type': 'road'}
 {'abbreviation': None, 'name': 'vs. Conf.', 'summary': '2-0', 'type': 'vsconf'}]",7,Big Ten,NEB,USC,e31937,9d2235,ffffff,ffc72c,NEB,e31937,ffffff,USC,9d2235,ffc72c,https://raw.githubusercontent.com/sportsdataverse/wehoop-wbb-raw/main/wbb/json/final/401825236.json,2025-12-29T20:00Z,TRUE,,
401825236,2025-12-29T20:00Z,USC,Nebraska,Away,W,74,66,https://a.espncdn.com/i/teamlogos/ncaa/500/30.png,https://a.espncdn.com/i/teamlogos/ncaa/500/158.png,17,20,7,7,,,TRUE,1,,STATUS_FINAL,7,FALSE,20,"[{'abbreviation': 'Game', 'name': 'overall', 'summary': '12-1', 'type': 'total'}
 {'abbreviation': None, 'name': 'Home', 'summary': '8-1', 'type': 'home'}
 {'abbreviation': None, 'name': 'Road', 'summary': '1-0', 'type': 'road'}
 {'abbreviation': None, 'name': 'vs. Conf.', 'summary': '1-1', 'type': 'vsconf'}]",7,TRUE,17,"[{'abbreviation': 'Game', 'name': 'overall', 'summary': '10-3', 'type': 'total'}
 {'abbreviation': None, 'name': 'Home', 'summary': '7-1', 'type': 'home'}
 {'abbreviation': None, 'name': 'Road', 'summary': '1-1', 'type': 'road'}
 {'abbreviation': None, 'name': 'vs. Conf.', 'summary': '2-0', 'type': 'vsconf'}]",7,Big Ten,USC,NEB,9d2235,e31937,ffc72c,ffffff,NEB,e31937,ffffff,USC,9d2235,ffc72c,https://raw.githubusercontent.com/sportsdataverse/wehoop-wbb-raw/main/wbb/json/final/401825236.json,2025-12-29T20:00Z,TRUE,,
401818575,2025-12-29T17:00Z,Georgia,Charleston Southern,Home,W,97,52,https://a.espncdn.com/i/teamlogos/ncaa/500/61.png,https://a.espncdn.com/i/teamlogos/ncaa/500/2127.png,99,99,23,6,,,FALSE,1,,STATUS_FINAL,23,TRUE,99,"[{'abbreviation': 'Game', 'name': 'overall', 'summary': '14-0', 'type': 'total'}
 {'abbreviation': None, 'name': 'Home', 'summary': '8-0', 'type': 'home'}
 {'abbreviation': None, 'name': 'Road', 'summary': '2-0', 'type': 'road'}
 {'abbreviation': None, 'name': 'vs. Conf.', 'summary': '0-0', 'type': 'vsconf'}]",6,FALSE,99,"[{'abbreviation': 'Game', 'name': 'overall', 'summary': '2-11', 'type': 'total'}
 {'abbreviation': None, 'name': 'Home', 'summary': '2-4', 'type': 'home'}
 {'abbreviation': None, 'name': 'Road', 'summary': '0-7', 'type': 'road'}
 {'abbreviation': None, 'name': 'vs. Conf.', 'summary': '0-0', 'type': 'vsconf'}]",,,UGA,CHSO,ba0c2f,2e3192,2c2a29,ded090,UGA,ba0c2f,2c2a29,CHSO,2e3192,ded090,https://raw.githubusercontent.com/sportsdataverse/wehoop-wbb-raw/main/wbb/json/final/401818575.json,2025-12-29T17:00Z,TRUE,,
401819614,2025-12-28T21:00Z,Stanford,Cornell,Home,W,82,50,https://a.espncdn.com/i/teamlogos/ncaa/500/24.png,https://a.espncdn.com/i/teamlogos/ncaa/500/172.png,99,99,2,12,,,FALSE,1,,STATUS_FINAL,2,TRUE,99,"[{'abbreviation': 'Game', 'name': 'overall', 'summary': '12-2', 'type': 'total'}
 {'abbreviation': None, 'name': 'Home', 'summary': '8-1', 'type': 'home'}
 {'abbreviation': None, 'name': 'Road', 'summary': '2-0', 'type': 'road'}
 {'abbreviation': None, 'name': 'vs. Conf.', 'summary': '1-0', 'type': 'vsconf'}]",12,FALSE,99,"[{'abbreviation': 'Game', 'name': 'overall', 'summary': '4-8', 'type': 'total'}
 {'abbreviation': None, 'name': 'Home', 'summary': '1-3', 'type': 'home'}
 {'abbreviation': None, 'name': 'Road', 'summary': '3-5', 'type': 'road'}
 {'abbreviation': None, 'name': 'vs. Conf.', 'summary': '0-0', 'type': 'vsconf'}]",,,STAN,COR,8c1515,b31b1b,ffffff,ffffff,STAN,8c1515,ffffff,COR,b31b1b,ffffff,https://raw.githubusercontent.com/sportsdataverse/wehoop-wbb-raw/main/wbb/json/final/401819614.json,2025-12-28T21:00Z,TRUE,,
401825229,2025-12-28T21:00Z,Iowa,Penn State,Home,W,99,76,https://a.espncdn.com/i/teamlogos/ncaa/500/2294.png,https://a.espncdn.com/i/teamlogos/ncaa/500/213.png,14,99,7,7,,,TRUE,1,,STATUS_FINAL,7,TRUE,14,"[{'abbreviation': 'Game', 'name': 'overall', 'summary': '11-2', 'type': 'total'}
 {'abbreviation': None, 'name': 'Home', 'summary': '7-0', 'type': 'home'}
 {'abbreviation': None, 'name': 'Road', 'summary': '2-1', 'type': 'road'}
 {'abbreviation': None, 'name': 'vs. Conf.', 'summary': '2-0', 'type': 'vsconf'}]",7,FALSE,99,"[{'abbreviation': 'Game', 'name': 'overall', 'summary': '7-6', 'type': 'total'}
 {'abbreviation': None, 'name': 'Home', 'summary': '4-2', 'type': 'home'}
 {'abbreviation': None, 'name': 'Road', 'summary': '1-2', 'type': 'road'}
 {'abbreviation': None, 'name': 'vs. Conf.', 'summary': '0-2', 'type': 'vsconf'}]",7,Big Ten,IOWA,PSU,231f20,61440,fcd116,ffffff,IOWA,231f20,fcd116,PSU,61440,ffffff,https://raw.githubusercontent.com/sportsdataverse/wehoop-wbb-raw/main/wbb/json/final/401825229.json,2025-12-28T21:00Z,TRUE,,
401819638,2025-12-28T21:00Z,Syracuse,Duke,Home,L,51,71,https://a.espncdn.com/i/teamlogos/ncaa/500/183.png,https://a.espncdn.com/i/teamlogos/ncaa/500/150.png,99,99,2,2,,,TRUE,1,,STATUS_FINAL,2,FALSE,99,"[{'abbreviation': 'Game', 'name': 'overall', 'summary': '11-2', 'type': 'total'}
 {'abbreviation': None, 'name': 'Home', 'summary': '9-1', 'type': 'home'}
 {'abbreviation': None, 'name': 'Road', 'summary': '1-0', 'type': 'road'}
 {'abbreviation': None, 'name': 'vs. Conf.', 'summary': '1-1', 'type': 'vsconf'}]",2,TRUE,99,"[{'abbreviation': 'Game', 'name': 'overall', 'summary': '7-6', 'type': 'total'}
 {'abbreviation': None, 'name': 'Home', 'summary': '3-1', 'type': 'home'}
 {'abbreviation': None, 'name': 'Road', 'summary': '4-1', 'type': 'road'}
 {'abbreviation': None, 'name': 'vs. Conf.', 'summary': '2-0', 'type': 'vsconf'}]",2,ACC,SYR,DUKE,0.00E+00,00539b,ff431b,ffffff,SYR,0.00E+00,ff431b,DUKE,00539b,ffffff,https://raw.githubusercontent.com/sportsdataverse/wehoop-wbb-raw/main/wbb/json/final/401819638.json,2025-12-28T21:00Z,TRUE,,
401817379,2025-12-28T21:00Z,LSU,Alabama State,Home,W,109,41,https://a.espncdn.com/i/teamlogos/ncaa/500/99.png,https://a.espncdn.com/i/teamlogos/ncaa/500/2011.png,5,99,23,26,,,FALSE,1,,STATUS_FINAL,23,TRUE,5,"[{'abbreviation': 'Game', 'name': 'overall', 'summary': '14-0', 'type': 'total'}
 {'abbreviation': None, 'name': 'Home', 'summary': '7-0', 'type': 'home'}
 {'abbreviation': None, 'name': 'Road', 'summary': '4-0', 'type': 'road'}
 {'abbreviation': None, 'name': 'vs. Conf.', 'summary': '0-0', 'type': 'vsconf'}]",26,FALSE,99,"[{'abbreviation': 'Game', 'name': 'overall', 'summary': '3-8', 'type': 'total'}
 {'abbreviation': None, 'name': 'Home', 'summary': '3-1', 'type': 'home'}
 {'abbreviation': None, 'name': 'Road', 'summary': '0-7', 'type': 'road'}
 {'abbreviation': None, 'name': 'vs. Conf.', 'summary': '0-0', 'type': 'vsconf'}]",,,LSU,ALST,461d76,e9a900,fdd023,0a0a0a,LSU,461d76,fdd023,ALST,e9a900,0a0a0a,https://raw.githubusercontent.com/sportsdataverse/wehoop-wbb-raw/main/wbb/json/final/401817379.json,2025-12-28T21:00Z,TRUE,,
401819638,2025-12-28T21:00Z,Duke,Syracuse,Away,W,71,51,https://a.espncdn.com/i/teamlogos/ncaa/500/150.png,https://a.espncdn.com/i/teamlogos/ncaa/500/183.png,99,99,2,2,,,TRUE,1,,STATUS_FINAL,2,FALSE,99,"[{'abbreviation': 'Game', 'name': 'overall', 'summary': '11-2', 'type': 'total'}
 {'abbreviation': None, 'name': 'Home', 'summary': '9-1', 'type': 'home'}
 {'abbreviation': None, 'name': 'Road', 'summary': '1-0', 'type': 'road'}
 {'abbreviation': None, 'name': 'vs. Conf.', 'summary': '1-1', 'type': 'vsconf'}]",2,TRUE,99,"[{'abbreviation': 'Game', 'name': 'overall', 'summary': '7-6', 'type': 'total'}
 {'abbreviation': None, 'name': 'Home', 'summary': '3-1', 'type': 'home'}
 {'abbreviation': None, 'name': 'Road', 'summary': '4-1', 'type': 'road'}
 {'abbreviation': None, 'name': 'vs. Conf.', 'summary': '2-0', 'type': 'vsconf'}]",2,ACC,DUKE,SYR,00539b,0.00E+00,ffffff,ff431b,SYR,0.00E+00,ff431b,DUKE,00539b,ffffff,https://raw.githubusercontent.com/sportsdataverse/wehoop-wbb-raw/main/wbb/json/final/401819638.json,2025-12-28T21:00Z,TRUE,,
401825613,2025-12-28T21:00Z,UConn,Butler,Away,W,94,47,https://a.espncdn.com/i/teamlogos/ncaa/500/41.png,https://a.espncdn.com/i/teamlogos/ncaa/500/2086.png,1,99,4,4,,,TRUE,1,,STATUS_FINAL,4,FALSE,99,"[{'abbreviation': 'Game', 'name': 'overall', 'summary': '7-7', 'type': 'total'}
 {'abbreviation': None, 'name': 'Home', 'summary': '6-3', 'type': 'home'}
 {'abbreviation': None, 'name': 'Road', 'summary': '0-3', 'type': 'road'}
 {'abbreviation': None, 'name': 'vs. Conf.', 'summary': '1-3', 'type': 'vsconf'}]",4,TRUE,1,"[{'abbreviation': 'Game', 'name': 'overall', 'summary': '13-0', 'type': 'total'}
 {'abbreviation': None, 'name': 'Home', 'summary': '5-0', 'type': 'home'}
 {'abbreviation': None, 'name': 'Road', 'summary': '4-0', 'type': 'road'}
 {'abbreviation': None, 'name': 'vs. Conf.', 'summary': '4-0', 'type': 'vsconf'}]",4,Big East,CONN,BUT,0c2340,0d1361,a2aaad,00a3e0,BUT,0d1361,00a3e0,CONN,0c2340,a2aaad,https://raw.githubusercontent.com/sportsdataverse/wehoop-wbb-raw/main/wbb/json/final/401825613.json,2025-12-28T21:00Z,TRUE,,
401819587,2025-12-28T20:00Z,Clemson,Chicago State,Away,W,97,44,https://a.espncdn.com/i/teamlogos/ncaa/500/228.png,https://a.espncdn.com/i/teamlogos/ncaa/500/2130.png,99,99,2,19,,,FALSE,1,,STATUS_FINAL,19,FALSE,99,"[{'abbreviation': 'Game', 'name': 'overall', 'summary': '1-12', 'type': 'total'}
 {'abbreviation': None, 'name': 'Home', 'summary': '1-1', 'type': 'home'}
 {'abbreviation': None, 'name': 'Road', 'summary': '0-9', 'type': 'road'}
 {'abbreviation': None, 'name': 'vs. Conf.', 'summary': '0-0', 'type': 'vsconf'}]",2,TRUE,99,"[{'abbreviation': 'Game', 'name': 'overall', 'summary': '10-4', 'type': 'total'}
 {'abbreviation': None, 'name': 'Home', 'summary': '5-1', 'type': 'home'}
 {'abbreviation': None, 'name': 'Road', 'summary': '4-2', 'type': 'road'}
 {'abbreviation': None, 'name': 'vs. Conf.', 'summary': '1-1', 'type': 'vsconf'}]",,,CLEM,CHST,f56600,6700,ffffff,,CHST,6700,,CLEM,f56600,ffffff,https://raw.githubusercontent.com/sportsdataverse/wehoop-wbb-raw/main/wbb/json/final/401819587.json,2025-12-28T20:00Z,TRUE,,
401822282,2025-12-28T20:00Z,Mississippi State,Samford,Home,W,112,54,https://a.espncdn.com/i/teamlogos/ncaa/500/344.png,https://a.espncdn.com/i/teamlogos/ncaa/500/2535.png,99,99,23,24,,,FALSE,1,,STATUS_FINAL,23,TRUE,99,"[{'abbreviation': 'Game', 'name': 'overall', 'summary': '13-1', 'type': 'total'}
 {'abbreviation': None, 'name': 'Home', 'summary': '11-0', 'type': 'home'}
 {'abbreviation': None, 'name': 'Road', 'summary': '1-1', 'type': 'road'}
 {'abbreviation': None, 'name': 'vs. Conf.', 'summary': '0-0', 'type': 'vsconf'}]",24,FALSE,99,"[{'abbreviation': 'Game', 'name': 'overall', 'summary': '6-10', 'type': 'total'}
 {'abbreviation': None, 'name': 'Home', 'summary': '3-1', 'type': 'home'}
 {'abbreviation': None, 'name': 'Road', 'summary': '2-8', 'type': 'road'}
 {'abbreviation': None, 'name': 'vs. Conf.', 'summary': '0-0', 'type': 'vsconf'}]",,,MSST,SAM,5d1725,5485,c1c6c8,bc0023,MSST,5d1725,c1c6c8,SAM,5485,bc0023,https://raw.githubusercontent.com/sportsdataverse/wehoop-wbb-raw/main/wbb/json/final/401822282.json,2025-12-28T20:00Z,TRUE,,
401827920,2025-12-28T20:00Z,Ole Miss,Alcorn State,Home,W,64,44,https://a.espncdn.com/i/teamlogos/ncaa/500/145.png,https://a.espncdn.com/i/teamlogos/ncaa/500/2016.png,15,99,23,26,,,FALSE,1,,STATUS_FINAL,23,TRUE,15,"[{'abbreviation': 'Game', 'name': 'overall', 'summary': '13-2', 'type': 'total'}
 {'abbreviation': None, 'name': 'Home', 'summary': '8-0', 'type': 'home'}
 {'abbreviation': None, 'name': 'Road', 'summary': '2-0', 'type': 'road'}
 {'abbreviation': None, 'name': 'vs. Conf.', 'summary': '0-0', 'type': 'vsconf'}]",26,FALSE,99,"[{'abbreviation': 'Game', 'name': 'overall', 'summary': '3-8', 'type': 'total'}
 {'abbreviation': None, 'name': 'Home', 'summary': '3-2', 'type': 'home'}
 {'abbreviation': None, 'name': 'Road', 'summary': '0-5', 'type': 'road'}
 {'abbreviation': None, 'name': 'vs. Conf.', 'summary': '0-0', 'type': 'vsconf'}]",,,MISS,ALCN,13294b,4b0058,cf142b,46166a,MISS,13294b,cf142b,ALCN,4b0058,46166a,https://raw.githubusercontent.com/sportsdataverse/wehoop-wbb-raw/main/wbb/json/final/401827920.json,2025-12-28T20:00Z,TRUE,,
401812519,2025-12-28T20:00Z,Vanderbilt,Stonehill,Home,W,109,50,https://a.espncdn.com/i/teamlogos/ncaa/500/238.png,https://a.espncdn.com/i/teamlogos/ncaa/500/284.png,12,99,23,19,,,FALSE,1,,STATUS_FINAL,23,TRUE,12,"[{'abbreviation': 'Game', 'name': 'overall', 'summary': '13-0', 'type': 'total'}
 {'abbreviation': None, 'name': 'Home', 'summary': '8-0', 'type': 'home'}
 {'abbreviation': None, 'name': 'Road', 'summary': '2-0', 'type': 'road'}
 {'abbreviation': None, 'name': 'vs. Conf.', 'summary': '0-0', 'type': 'vsconf'}]",19,FALSE,99,"[{'abbreviation': 'Game', 'name': 'overall', 'summary': '4-7', 'type': 'total'}
 {'abbreviation': None, 'name': 'Home', 'summary': '3-2', 'type': 'home'}
 {'abbreviation': None, 'name': 'Road', 'summary': '0-5', 'type': 'road'}
 {'abbreviation': None, 'name': 'vs. Conf.', 'summary': '0-0', 'type': 'vsconf'}]",,,VAN,STO,0,0,cfae70,,VAN,0,cfae70,STO,0,,https://raw.githubusercontent.com/sportsdataverse/wehoop-wbb-raw/main/wbb/json/final/401812519.json,2025-12-28T20:00Z,TRUE,,
401825231,2025-12-28T19:00Z,Ohio State,UCLA,Home,L,75,82,https://a.espncdn.com/i/teamlogos/ncaa/500/194.png,https://a.espncdn.com/i/teamlogos/ncaa/500/26.png,19,4,7,7,,,TRUE,1,,STATUS_FINAL,7,FALSE,19,"[{'abbreviation': 'Game', 'name': 'overall', 'summary': '11-2', 'type': 'total'}
 {'abbreviation': None, 'name': 'Home', 'summary': '8-1', 'type': 'home'}
 {'abbreviation': None, 'name': 'Road', 'summary': '1-1', 'type': 'road'}
 {'abbreviation': None, 'name': 'vs. Conf.', 'summary': '1-1', 'type': 'vsconf'}]",7,TRUE,4,"[{'abbreviation': 'Game', 'name': 'overall', 'summary': '12-1', 'type': 'total'}
 {'abbreviation': None, 'name': 'Home', 'summary': '6-0', 'type': 'home'}
 {'abbreviation': None, 'name': 'Road', 'summary': '1-0', 'type': 'road'}
 {'abbreviation': None, 'name': 'vs. Conf.', 'summary': '2-0', 'type': 'vsconf'}]",7,Big Ten,OSU,UCLA,ba0c2f,2774ae,a8adb4,f2a900,OSU,ba0c2f,a8adb4,UCLA,2774ae,f2a900,https://raw.githubusercontent.com/sportsdataverse/wehoop-wbb-raw/main/wbb/json/final/401825231.json,2025-12-28T19:00Z,TRUE,,
401825230,2025-12-28T19:00Z,Michigan State,Rutgers,Home,W,70,64,https://a.espncdn.com/i/teamlogos/ncaa/500/127.png,https://a.espncdn.com/i/teamlogos/ncaa/500/164.png,24,99,7,7,,,TRUE,1,,STATUS_FINAL,7,TRUE,24,"[{'abbreviation': 'Game', 'name': 'overall', 'summary': '12-1', 'type': 'total'}
 {'abbreviation': None, 'name': 'Home', 'summary': '7-0', 'type': 'home'}
 {'abbreviation': None, 'name': 'Road', 'summary': '1-1', 'type': 'road'}
 {'abbreviation': None, 'name': 'vs. Conf.', 'summary': '1-1', 'type': 'vsconf'}]",7,FALSE,99,"[{'abbreviation': 'Game', 'name': 'overall', 'summary': '8-5', 'type': 'total'}
 {'abbreviation': None, 'name': 'Home', 'summary': '8-2', 'type': 'home'}
 {'abbreviation': None, 'name': 'Road', 'summary': '0-3', 'type': 'road'}
 {'abbreviation': None, 'name': 'vs. Conf.', 'summary': '0-2', 'type': 'vsconf'}]",7,Big Ten,MSU,RUTG,173f35,ce0e2d,ffffff,ffffff,MSU,173f35,ffffff,RUTG,ce0e2d,ffffff,https://raw.githubusercontent.com/sportsdataverse/wehoop-wbb-raw/main/wbb/json/final/401825230.json,2025-12-28T19:00Z,TRUE,,
401818587,2025-12-28T19:00Z,Kentucky,Hofstra,Home,W,80,42,https://a.espncdn.com/i/teamlogos/ncaa/500/96.png,https://a.espncdn.com/i/teamlogos/ncaa/500/2275.png,11,99,23,10,,,FALSE,1,,STATUS_FINAL,23,TRUE,11,"[{'abbreviation': 'Game', 'name': 'overall', 'summary': '13-1', 'type': 'total'}
 {'abbreviation': None, 'name': 'Home', 'summary': '7-0', 'type': 'home'}
 {'abbreviation': None, 'name': 'Road', 'summary': '5-0', 'type': 'road'}
 {'abbreviation': None, 'name': 'vs. Conf.', 'summary': '0-0', 'type': 'vsconf'}]",10,FALSE,99,"[{'abbreviation': 'Game', 'name': 'overall', 'summary': '2-9', 'type': 'total'}
 {'abbreviation': None, 'name': 'Home', 'summary': '1-3', 'type': 'home'}
 {'abbreviation': None, 'name': 'Road', 'summary': '1-4', 'type': 'road'}
 {'abbreviation': None, 'name': 'vs. Conf.', 'summary': '0-0', 'type': 'vsconf'}]",,,UK,HOF,0033a0,3594,ffffff,ffc72c,UK,0033a0,ffffff,HOF,3594,ffc72c,https://raw.githubusercontent.com/sportsdataverse/wehoop-wbb-raw/main/wbb/json/final/401818587.json,2025-12-28T19:00Z,TRUE,,
401825231,2025-12-28T19:00Z,UCLA,Ohio State,Away,W,82,75,https://a.espncdn.com/i/teamlogos/ncaa/500/26.png,https://a.espncdn.com/i/teamlogos/ncaa/500/194.png,4,19,7,7,,,TRUE,1,,STATUS_FINAL,7,FALSE,19,"[{'abbreviation': 'Game', 'name': 'overall', 'summary': '11-2', 'type': 'total'}
 {'abbreviation': None, 'name': 'Home', 'summary': '8-1', 'type': 'home'}
 {'abbreviation': None, 'name': 'Road', 'summary': '1-1', 'type': 'road'}
 {'abbreviation': None, 'name': 'vs. Conf.', 'summary': '1-1', 'type': 'vsconf'}]",7,TRUE,4,"[{'abbreviation': 'Game', 'name': 'overall', 'summary': '12-1', 'type': 'total'}
 {'abbreviation': None, 'name': 'Home', 'summary': '6-0', 'type': 'home'}
 {'abbreviation': None, 'name': 'Road', 'summary': '1-0', 'type': 'road'}
 {'abbreviation': None, 'name': 'vs. Conf.', 'summary': '2-0', 'type': 'vsconf'}]",7,Big Ten,UCLA,OSU,2774ae,ba0c2f,f2a900,a8adb4,OSU,ba0c2f,a8adb4,UCLA,2774ae,f2a900,https://raw.githubusercontent.com/sportsdataverse/wehoop-wbb-raw/main/wbb/json/final/401825231.json,2025-12-28T19:00Z,TRUE,,
401818525,2025-12-28T19:00Z,Florida,Furman,Home,W,82,66,https://a.espncdn.com/i/teamlogos/ncaa/500/57.png,https://a.espncdn.com/i/teamlogos/ncaa/500/231.png,99,99,23,24,,,FALSE,1,,STATUS_FINAL,23,TRUE,99,"[{'abbreviation': 'Game', 'name': 'overall', 'summary': '12-3', 'type': 'total'}
 {'abbreviation': None, 'name': 'Home', 'summary': '9-1', 'type': 'home'}
 {'abbreviation': None, 'name': 'Road', 'summary': '1-2', 'type': 'road'}
 {'abbreviation': None, 'name': 'vs. Conf.', 'summary': '0-0', 'type': 'vsconf'}]",24,FALSE,99,"[{'abbreviation': 'Game', 'name': 'overall', 'summary': '6-7', 'type': 'total'}
 {'abbreviation': None, 'name': 'Home', 'summary': '5-2', 'type': 'home'}
 {'abbreviation': None, 'name': 'Road', 'summary': '1-5', 'type': 'road'}
 {'abbreviation': None, 'name': 'vs. Conf.', 'summary': '0-0', 'type': 'vsconf'}]",,,FLA,FUR,0021a5,582c83,fa4616,ffffff,FLA,0021a5,fa4616,FUR,582c83,ffffff,https://raw.githubusercontent.com/sportsdataverse/wehoop-wbb-raw/main/wbb/json/final/401818525.json,2025-12-28T19:00Z,TRUE,,
401807972,2025-12-28T19:00Z,Texas,SE Louisiana,Home,W,120,38,https://a.espncdn.com/i/teamlogos/ncaa/500/251.png,https://a.espncdn.com/i/teamlogos/ncaa/500/2545.png,2,99,23,25,,,FALSE,1,,STATUS_FINAL,23,TRUE,2,"[{'abbreviation': 'Game', 'name': 'overall', 'summary': '15-0', 'type': 'total'}
 {'abbreviation': None, 'name': 'Home', 'summary': '10-0', 'type': 'home'}
 {'abbreviation': None, 'name': 'Road', 'summary': '2-0', 'type': 'road'}
 {'abbreviation': None, 'name': 'vs. Conf.', 'summary': '0-0', 'type': 'vsconf'}]",25,FALSE,99,"[{'abbreviation': 'Game', 'name': 'overall', 'summary': '2-8', 'type': 'total'}
 {'abbreviation': None, 'name': 'Home', 'summary': '2-2', 'type': 'home'}
 {'abbreviation': None, 'name': 'Road', 'summary': '0-6', 'type': 'road'}
 {'abbreviation': None, 'name': 'vs. Conf.', 'summary': '1-2', 'type': 'vsconf'}]",,,TEX,SELA,af5c37,215732,ffffff,ffc72c,TEX,af5c37,ffffff,SELA,215732,ffc72c,https://raw.githubusercontent.com/sportsdataverse/wehoop-wbb-raw/main/wbb/json/final/401807972.json,2025-12-28T19:00Z,TRUE,,
401811134,2025-12-28T17:00Z,South Carolina,Providence,Home,W,96,55,https://a.espncdn.com/i/teamlogos/ncaa/500/2579.png,https://a.espncdn.com/i/teamlogos/ncaa/500/2507.png,3,99,23,4,,,FALSE,1,,STATUS_FINAL,23,TRUE,3,"[{'abbreviation': 'Game', 'name': 'overall', 'summary': '13-1', 'type': 'total'}
 {'abbreviation': None, 'name': 'Home', 'summary': '8-0', 'type': 'home'}
 {'abbreviation': None, 'name': 'Road', 'summary': '3-0', 'type': 'road'}
 {'abbreviation': None, 'name': 'vs. Conf.', 'summary': '0-0', 'type': 'vsconf'}]",4,FALSE,99,"[{'abbreviation': 'Game', 'name': 'overall', 'summary': '8-6', 'type': 'total'}
 {'abbreviation': None, 'name': 'Home', 'summary': '7-2', 'type': 'home'}
 {'abbreviation': None, 'name': 'Road', 'summary': '1-3', 'type': 'road'}
 {'abbreviation': None, 'name': 'vs. Conf.', 'summary': '1-2', 'type': 'vsconf'}]",,,SC,PROV,73000a,0,0.00E+00,a3a19e,SC,73000a,0,PROV,0.00E+00,a3a19e,https://raw.githubusercontent.com/sportsdataverse/wehoop-wbb-raw/main/wbb/json/final/401811134.json,2025-12-28T17:00Z,TRUE,,
401825228,2025-12-28T17:00Z,Illinois,Purdue,Away,W,83,73,https://a.espncdn.com/i/teamlogos/ncaa/500/356.png,https://a.espncdn.com/i/teamlogos/ncaa/500/2509.png,99,99,7,7,,,TRUE,1,,STATUS_FINAL,7,FALSE,99,"[{'abbreviation': 'Game', 'name': 'overall', 'summary': '8-5', 'type': 'total'}
 {'abbreviation': None, 'name': 'Home', 'summary': '8-1', 'type': 'home'}
 {'abbreviation': None, 'name': 'Road', 'summary': '0-4', 'type': 'road'}
 {'abbreviation': None, 'name': 'vs. Conf.', 'summary': '0-2', 'type': 'vsconf'}]",7,TRUE,99,"[{'abbreviation': 'Game', 'name': 'overall', 'summary': '12-1', 'type': 'total'}
 {'abbreviation': None, 'name': 'Home', 'summary': '9-0', 'type': 'home'}
 {'abbreviation': None, 'name': 'Road', 'summary': '3-1', 'type': 'road'}
 {'abbreviation': None, 'name': 'vs. Conf.', 'summary': '2-0', 'type': 'vsconf'}]",7,Big Ten,ILL,PUR,ff5f05,ceb888,13294b,0,PUR,ceb888,0,ILL,ff5f05,13294b,https://raw.githubusercontent.com/sportsdataverse/wehoop-wbb-raw/main/wbb/json/final/401825228.json,2025-12-28T17:00Z,TRUE,,
401831295,2025-12-23T00:30Z,Ole Miss,Michigan State,Neutral,L,49,66,https://a.espncdn.com/i/teamlogos/ncaa/500/145.png,https://a.espncdn.com/i/teamlogos/ncaa/500/127.png,15,24,23,7,,,FALSE,6,Cherokee Invitational,STATUS_FINAL,23,FALSE,15,"[{'abbreviation': 'Game', 'name': 'overall', 'summary': '12-2', 'type': 'total'}
 {'abbreviation': None, 'name': 'Home', 'summary': '7-0', 'type': 'home'}
 {'abbreviation': None, 'name': 'Road', 'summary': '2-0', 'type': 'road'}
 {'abbreviation': None, 'name': 'vs. Conf.', 'summary': '0-0', 'type': 'vsconf'}]",7,TRUE,24,"[{'abbreviation': 'Game', 'name': 'overall', 'summary': '11-1', 'type': 'total'}
 {'abbreviation': None, 'name': 'Home', 'summary': '6-0', 'type': 'home'}
 {'abbreviation': None, 'name': 'Road', 'summary': '1-1', 'type': 'road'}
 {'abbreviation': None, 'name': 'vs. Conf.', 'summary': '0-1', 'type': 'vsconf'}]",,,MISS,MSU,13294b,173f35,cf142b,ffffff,MISS,13294b,cf142b,MSU,173f35,ffffff,https://raw.githubusercontent.com/sportsdataverse/wehoop-wbb-raw/main/wbb/json/final/401831295.json,2025-12-23T00:30Z,TRUE,,
401831295,2025-12-23T00:30Z,Michigan State,Ole Miss,Neutral,W,66,49,https://a.espncdn.com/i/teamlogos/ncaa/500/127.png,https://a.espncdn.com/i/teamlogos/ncaa/500/145.png,24,15,7,23,,,FALSE,6,Cherokee Invitational,STATUS_FINAL,23,FALSE,15,"[{'abbreviation': 'Game', 'name': 'overall', 'summary': '12-2', 'type': 'total'}
 {'abbreviation': None, 'name': 'Home', 'summary': '7-0', 'type': 'home'}
 {'abbreviation': None, 'name': 'Road', 'summary': '2-0', 'type': 'road'}
 {'abbreviation': None, 'name': 'vs. Conf.', 'summary': '0-0', 'type': 'vsconf'}]",7,TRUE,24,"[{'abbreviation': 'Game', 'name': 'overall', 'summary': '11-1', 'type': 'total'}
 {'abbreviation': None, 'name': 'Home', 'summary': '6-0', 'type': 'home'}
 {'abbreviation': None, 'name': 'Road', 'summary': '1-1', 'type': 'road'}
 {'abbreviation': None, 'name': 'vs. Conf.', 'summary': '0-1', 'type': 'vsconf'}]",,,MSU,MISS,173f35,13294b,ffffff,cf142b,MISS,13294b,cf142b,MSU,173f35,ffffff,https://raw.githubusercontent.com/sportsdataverse/wehoop-wbb-raw/main/wbb/json/final/401831295.json,2025-12-23T00:30Z,TRUE,,
401818595,2025-12-22T23:30Z,Tennessee,Southern Indiana,Home,W,89,44,https://a.espncdn.com/i/teamlogos/ncaa/500/2633_ncw.png,https://a.espncdn.com/i/teamlogos/ncaa/500/88.png,23,99,23,20,,,FALSE,1,,STATUS_FINAL,23,TRUE,23,"[{'abbreviation': 'Game', 'name': 'overall', 'summary': '8-3', 'type': 'total'}
 {'abbreviation': None, 'name': 'Home', 'summary': '5-0', 'type': 'home'}
 {'abbreviation': None, 'name': 'Road', 'summary': '3-1', 'type': 'road'}
 {'abbreviation': None, 'name': 'vs. Conf.', 'summary': '0-0', 'type': 'vsconf'}]",20,FALSE,99,"[{'abbreviation': 'Game', 'name': 'overall', 'summary': '8-3', 'type': 'total'}
 {'abbreviation': None, 'name': 'Home', 'summary': '6-1', 'type': 'home'}
 {'abbreviation': None, 'name': 'Road', 'summary': '2-2', 'type': 'road'}
 {'abbreviation': None, 'name': 'vs. Conf.', 'summary': '2-0', 'type': 'vsconf'}]",,,TENN,USI,ff8200,0,ffffff,,TENN,ff8200,ffffff,USI,0,,https://raw.githubusercontent.com/sportsdataverse/wehoop-wbb-raw/main/wbb/json/final/401818595.json,2025-12-22T23:30Z,TRUE,,
401818672,2025-12-22T23:30Z,Ohio State,Western Michigan,Home,W,95,47,https://a.espncdn.com/i/teamlogos/ncaa/500/194.png,https://a.espncdn.com/i/teamlogos/ncaa/500/2711.png,19,99,7,14,,,FALSE,1,,STATUS_FINAL,7,TRUE,19,"[{'abbreviation': 'Game', 'name': 'overall', 'summary': '11-1', 'type': 'total'}
 {'abbreviation': None, 'name': 'Home', 'summary': '8-0', 'type': 'home'}
 {'abbreviation': None, 'name': 'Road', 'summary': '1-1', 'type': 'road'}
 {'abbreviation': None, 'name': 'vs. Conf.', 'summary': '1-0', 'type': 'vsconf'}]",14,FALSE,99,"[{'abbreviation': 'Game', 'name': 'overall', 'summary': '3-7', 'type': 'total'}
 {'abbreviation': None, 'name': 'Home', 'summary': '1-3', 'type': 'home'}
 {'abbreviation': None, 'name': 'Road', 'summary': '2-4', 'type': 'road'}
 {'abbreviation': None, 'name': 'vs. Conf.', 'summary': '0-0', 'type': 'vsconf'}]",,,OSU,WMU,ba0c2f,532e1f,a8adb4,f1c500,OSU,ba0c2f,a8adb4,WMU,532e1f,f1c500,https://raw.githubusercontent.com/sportsdataverse/wehoop-wbb-raw/main/wbb/json/final/401818672.json,2025-12-22T23:30Z,TRUE,,
401824051,2025-12-22T18:00Z,Oklahoma,North Carolina Central,Home,W,126,54,https://a.espncdn.com/i/teamlogos/ncaa/500/201.png,https://a.espncdn.com/i/teamlogos/ncaa/500/2428.png,8,99,23,16,,,FALSE,1,,STATUS_FINAL,23,TRUE,8,"[{'abbreviation': 'Game', 'name': 'overall', 'summary': '12-1', 'type': 'total'}
 {'abbreviation': None, 'name': 'Home', 'summary': '8-0', 'type': 'home'}
 {'abbreviation': None, 'name': 'Road', 'summary': '1-0', 'type': 'road'}
 {'abbreviation': None, 'name': 'vs. Conf.', 'summary': '0-0', 'type': 'vsconf'}]",16,FALSE,99,"[{'abbreviation': 'Game', 'name': 'overall', 'summary': '2-10', 'type': 'total'}
 {'abbreviation': None, 'name': 'Home', 'summary': '1-4', 'type': 'home'}
 {'abbreviation': None, 'name': 'Road', 'summary': '1-6', 'type': 'road'}
 {'abbreviation': None, 'name': 'vs. Conf.', 'summary': '0-0', 'type': 'vsconf'}]",,,OU,NCCU,990000,880023,ffffff,c2c3c0,OU,990000,ffffff,NCCU,880023,c2c3c0,https://raw.githubusercontent.com/sportsdataverse/wehoop-wbb-raw/main/wbb/json/final/401824051.json,2025-12-22T18:00Z,TRUE,,
401825612,2025-12-22T17:00Z,Villanova,St. John's,Home,W,85,48,https://a.espncdn.com/i/teamlogos/ncaa/500/222.png,https://a.espncdn.com/i/teamlogos/ncaa/500/2599.png,99,99,4,4,,,TRUE,1,,STATUS_FINAL,4,TRUE,99,"[{'abbreviation': 'Game', 'name': 'overall', 'summary': '10-2', 'type': 'total'}
 {'abbreviation': None, 'name': 'Home', 'summary': '5-2', 'type': 'home'}
 {'abbreviation': None, 'name': 'Road', 'summary': '4-0', 'type': 'road'}
 {'abbreviation': None, 'name': 'vs. Conf.', 'summary': '3-0', 'type': 'vsconf'}]",4,FALSE,99,"[{'abbreviation': 'Game', 'name': 'overall', 'summary': '11-3', 'type': 'total'}
 {'abbreviation': None, 'name': 'Home', 'summary': '6-1', 'type': 'home'}
 {'abbreviation': None, 'name': 'Road', 'summary': '3-2', 'type': 'road'}
 {'abbreviation': None, 'name': 'vs. Conf.', 'summary': '1-2', 'type': 'vsconf'}]",4,Big East,VILL,SJU,00205b,d10000,13b5ea,101010,VILL,00205b,13b5ea,SJU,d10000,101010,https://raw.githubusercontent.com/sportsdataverse/wehoop-wbb-raw/main/wbb/json/final/401825612.json,2025-12-22T17:00Z,TRUE,,
401825081,2025-12-22T16:30Z,Princeton,Temple,Home,W,87,77,https://a.espncdn.com/i/teamlogos/ncaa/500/163.png,https://a.espncdn.com/i/teamlogos/ncaa/500/218.png,25,99,12,62,,,FALSE,1,,STATUS_FINAL,12,TRUE,25,"[{'abbreviation': 'Game', 'name': 'overall', 'summary': '12-1', 'type': 'total'}
 {'abbreviation': None, 'name': 'Home', 'summary': '5-0', 'type': 'home'}
 {'abbreviation': None, 'name': 'Road', 'summary': '5-1', 'type': 'road'}
 {'abbreviation': None, 'name': 'vs. Conf.', 'summary': '0-0', 'type': 'vsconf'}]",62,FALSE,99,"[{'abbreviation': 'Game', 'name': 'overall', 'summary': '6-6', 'type': 'total'}
 {'abbreviation': None, 'name': 'Home', 'summary': '5-0', 'type': 'home'}
 {'abbreviation': None, 'name': 'Road', 'summary': '0-4', 'type': 'road'}
 {'abbreviation': None, 'name': 'vs. Conf.', 'summary': '0-0', 'type': 'vsconf'}]",,,PRIN,TEM,0,a41e35,ff6000,ffffff,PRIN,0,ff6000,TEM,a41e35,ffffff,https://raw.githubusercontent.com/sportsdataverse/wehoop-wbb-raw/main/wbb/json/final/401825081.json,2025-12-22T16:30Z,TRUE,,
401817554,2025-12-22T01:30Z,USC,California,Neutral,W,61,57,https://a.espncdn.com/i/teamlogos/ncaa/500/30.png,https://a.espncdn.com/i/teamlogos/ncaa/500/25.png,19,99,7,2,,,FALSE,6,Bay Area Women's Classic,STATUS_FINAL,2,FALSE,99,"[{'abbreviation': 'Game', 'name': 'overall', 'summary': '8-5', 'type': 'total'}
 {'abbreviation': None, 'name': 'Home', 'summary': '7-0', 'type': 'home'}
 {'abbreviation': None, 'name': 'Road', 'summary': '0-2', 'type': 'road'}
 {'abbreviation': None, 'name': 'vs. Conf.', 'summary': '0-1', 'type': 'vsconf'}]",7,TRUE,19,"[{'abbreviation': 'Game', 'name': 'overall', 'summary': '9-3', 'type': 'total'}
 {'abbreviation': None, 'name': 'Home', 'summary': '7-1', 'type': 'home'}
 {'abbreviation': None, 'name': 'Road', 'summary': '0-1', 'type': 'road'}
 {'abbreviation': None, 'name': 'vs. Conf.', 'summary': '1-0', 'type': 'vsconf'}]",,,USC,CAL,9d2235,4.10E+43,ffc72c,ffc72c,CAL,4.10E+43,ffc72c,USC,9d2235,ffc72c,https://raw.githubusercontent.com/sportsdataverse/wehoop-wbb-raw/main/wbb/json/final/401817554.json,2025-12-22T01:30Z,TRUE,,
401827921,2025-12-22T00:30Z,Ole Miss,Old Dominion,Neutral,W,86,57,https://a.espncdn.com/i/teamlogos/ncaa/500/145.png,https://a.espncdn.com/i/teamlogos/ncaa/500/295.png,14,99,23,27,,,FALSE,6,Cherokee Invitational,STATUS_FINAL,27,FALSE,99,"[{'abbreviation': 'Game', 'name': 'overall', 'summary': '7-5', 'type': 'total'}
 {'abbreviation': None, 'name': 'Home', 'summary': '5-2', 'type': 'home'}
 {'abbreviation': None, 'name': 'Road', 'summary': '2-0', 'type': 'road'}
 {'abbreviation': None, 'name': 'vs. Conf.', 'summary': '0-1', 'type': 'vsconf'}]",23,TRUE,14,"[{'abbreviation': 'Game', 'name': 'overall', 'summary': '12-1', 'type': 'total'}
 {'abbreviation': None, 'name': 'Home', 'summary': '7-0', 'type': 'home'}
 {'abbreviation': None, 'name': 'Road', 'summary': '2-0', 'type': 'road'}
 {'abbreviation': None, 'name': 'vs. Conf.', 'summary': '0-0', 'type': 'vsconf'}]",,,MISS,ODU,13294b,3768,cf142b,a1d2f1,ODU,3768,a1d2f1,MISS,13294b,cf142b,https://raw.githubusercontent.com/sportsdataverse/wehoop-wbb-raw/main/wbb/json/final/401827921.json,2025-12-22T00:30Z,TRUE,,
401827291,2025-12-22T00:00Z,Colorado,Arizona State,Away,L,63,79,https://a.espncdn.com/i/teamlogos/ncaa/500/38.png,https://a.espncdn.com/i/teamlogos/ncaa/500/9.png,99,99,8,8,,,TRUE,1,,STATUS_FINAL,8,TRUE,99,"[{'abbreviation': 'Game', 'name': 'overall', 'summary': '14-0', 'type': 'total'}
 {'abbreviation': None, 'name': 'Home', 'summary': '9-0', 'type': 'home'}
 {'abbreviation': None, 'name': 'Road', 'summary': '5-0', 'type': 'road'}
 {'abbreviation': None, 'name': 'vs. Conf.', 'summary': '1-0', 'type': 'vsconf'}]",8,FALSE,99,"[{'abbreviation': 'Game', 'name': 'overall', 'summary': '9-4', 'type': 'total'}
 {'abbreviation': None, 'name': 'Home', 'summary': '7-1', 'type': 'home'}
 {'abbreviation': None, 'name': 'Road', 'summary': '0-2', 'type': 'road'}
 {'abbreviation': None, 'name': 'vs. Conf.', 'summary': '0-1', 'type': 'vsconf'}]",8,Big 12,COLO,ASU,cfb87c,ffc627,0,8c1d40,ASU,ffc627,8c1d40,COLO,cfb87c,0,https://raw.githubusercontent.com/sportsdataverse/wehoop-wbb-raw/main/wbb/json/final/401827291.json,2025-12-22T00:00Z,TRUE,,
401830898,2025-12-22T00:00Z,Notre Dame,Bellarmine,Home,W,110,38,https://a.espncdn.com/i/teamlogos/ncaa/500/87.png,https://a.espncdn.com/i/teamlogos/ncaa/500/91.png,20,99,2.00E+00,46,,,FALSE,1,,STATUS_FINAL,2,TRUE,20,"[{'abbreviation': 'Game', 'name': 'overall', 'summary': '9-2', 'type': 'total'}
 {'abbreviation': None, 'name': 'Home', 'summary': '7-0', 'type': 'home'}
 {'abbreviation': None, 'name': 'Road', 'summary': '2-1', 'type': 'road'}
 {'abbreviation': None, 'name': 'vs. Conf.', 'summary': '1-0', 'type': 'vsconf'}]",46,FALSE,99,"[{'abbreviation': 'Game', 'name': 'overall', 'summary': '2-11', 'type': 'total'}
 {'abbreviation': None, 'name': 'Home', 'summary': '1-3', 'type': 'home'}
 {'abbreviation': None, 'name': 'Road', 'summary': '1-7', 'type': 'road'}
 {'abbreviation': None, 'name': 'vs. Conf.', 'summary': '0-0', 'type': 'vsconf'}]",,,ND,BELL,62340,0,c99700,,ND,62340,c99700,BELL,0,,https://raw.githubusercontent.com/sportsdataverse/wehoop-wbb-raw/main/wbb/json/final/401830898.json,2025-12-22T00:00Z,TRUE,,
401818686,2025-12-21T23:00Z,Oregon,Stanford,Neutral,L,53,64,https://a.espncdn.com/i/teamlogos/ncaa/500/2483.png,https://a.espncdn.com/i/teamlogos/ncaa/500/24.png,99,99,7,2,,,FALSE,6,Bay Area Women's Classic,STATUS_FINAL,2,TRUE,99,"[{'abbreviation': 'Game', 'name': 'overall', 'summary': '11-2', 'type': 'total'}
 {'abbreviation': None, 'name': 'Home', 'summary': '7-1', 'type': 'home'}
 {'abbreviation': None, 'name': 'Road', 'summary': '2-0', 'type': 'road'}
 {'abbreviation': None, 'name': 'vs. Conf.', 'summary': '1-0', 'type': 'vsconf'}]",7,FALSE,99,"[{'abbreviation': 'Game', 'name': 'overall', 'summary': '12-2', 'type': 'total'}
 {'abbreviation': None, 'name': 'Home', 'summary': '8-0', 'type': 'home'}
 {'abbreviation': None, 'name': 'Road', 'summary': '2-1', 'type': 'road'}
 {'abbreviation': None, 'name': 'vs. Conf.', 'summary': '0-1', 'type': 'vsconf'}]",,,ORE,STAN,00934b,8c1515,fff41b,ffffff,STAN,8c1515,ffffff,ORE,00934b,fff41b,https://raw.githubusercontent.com/sportsdataverse/wehoop-wbb-raw/main/wbb/json/final/401818686.json,2025-12-21T23:00Z,TRUE,,
401818686,2025-12-21T23:00Z,Stanford,Oregon,Neutral,W,64,53,https://a.espncdn.com/i/teamlogos/ncaa/500/24.png,https://a.espncdn.com/i/teamlogos/ncaa/500/2483.png,99,99,2.00E+00,7,,,FALSE,6,Bay Area Women's Classic,STATUS_FINAL,2,TRUE,99,"[{'abbreviation': 'Game', 'name': 'overall', 'summary': '11-2', 'type': 'total'}
 {'abbreviation': None, 'name': 'Home', 'summary': '7-1', 'type': 'home'}
 {'abbreviation': None, 'name': 'Road', 'summary': '2-0', 'type': 'road'}
 {'abbreviation': None, 'name': 'vs. Conf.', 'summary': '1-0', 'type': 'vsconf'}]",7,FALSE,99,"[{'abbreviation': 'Game', 'name': 'overall', 'summary': '12-2', 'type': 'total'}
 {'abbreviation': None, 'name': 'Home', 'summary': '8-0', 'type': 'home'}
 {'abbreviation': None, 'name': 'Road', 'summary': '2-1', 'type': 'road'}
 {'abbreviation': None, 'name': 'vs. Conf.', 'summary': '0-1', 'type': 'vsconf'}]",,,STAN,ORE,8c1515,00934b,ffffff,fff41b,STAN,8c1515,ffffff,ORE,00934b,fff41b,https://raw.githubusercontent.com/sportsdataverse/wehoop-wbb-raw/main/wbb/json/final/401818686.json,2025-12-21T23:00Z,TRUE,,
401825983,2025-12-21T22:00Z,Michigan State,Indiana State,Neutral,W,115,66,https://a.espncdn.com/i/teamlogos/ncaa/500/127.png,https://a.espncdn.com/i/teamlogos/ncaa/500/282.png,24,99,7,18,,,FALSE,6,Cherokee Invitational,STATUS_FINAL,7,TRUE,24,"[{'abbreviation': 'Game', 'name': 'overall', 'summary': '10-1', 'type': 'total'}
 {'abbreviation': None, 'name': 'Home', 'summary': '6-0', 'type': 'home'}
 {'abbreviation': None, 'name': 'Road', 'summary': '1-1', 'type': 'road'}
 {'abbreviation': None, 'name': 'vs. Conf.', 'summary': '0-1', 'type': 'vsconf'}]",18,FALSE,99,"[{'abbreviation': 'Game', 'name': 'overall', 'summary': '4-6', 'type': 'total'}
 {'abbreviation': None, 'name': 'Home', 'summary': '3-1', 'type': 'home'}
 {'abbreviation': None, 'name': 'Road', 'summary': '1-4', 'type': 'road'}
 {'abbreviation': None, 'name': 'vs. Conf.', 'summary': '0-1', 'type': 'vsconf'}]",,,MSU,INST,173f35,00669a,ffffff,f0f0f0,MSU,173f35,ffffff,INST,00669a,f0f0f0,https://raw.githubusercontent.com/sportsdataverse/wehoop-wbb-raw/main/wbb/json/final/401825983.json,2025-12-21T22:00Z,TRUE,,
401826099,2025-12-21T21:00Z,Washington,Pacific,Away,W,90,50,https://a.espncdn.com/i/teamlogos/ncaa/500/264.png,https://a.espncdn.com/i/teamlogos/ncaa/500/279.png,22,99,7,29,,,FALSE,1,,STATUS_FINAL,29,FALSE,99,"[{'abbreviation': 'Game', 'name': 'overall', 'summary': '5-6', 'type': 'total'}
 {'abbreviation': None, 'name': 'Home', 'summary': '5-4', 'type': 'home'}
 {'abbreviation': None, 'name': 'Road', 'summary': '0-2', 'type': 'road'}
 {'abbreviation': None, 'name': 'vs. Conf.', 'summary': '0-0', 'type': 'vsconf'}]",7,TRUE,22,"[{'abbreviation': 'Game', 'name': 'overall', 'summary': '10-2', 'type': 'total'}
 {'abbreviation': None, 'name': 'Home', 'summary': '8-0', 'type': 'home'}
 {'abbreviation': None, 'name': 'Road', 'summary': '2-2', 'type': 'road'}
 {'abbreviation': None, 'name': 'vs. Conf.', 'summary': '0-1', 'type': 'vsconf'}]",,,WASH,PAC,33006f,F47820,e8d3a2,c2c3c0,PAC,F47820,c2c3c0,WASH,33006f,e8d3a2,https://raw.githubusercontent.com/sportsdataverse/wehoop-wbb-raw/main/wbb/json/final/401826099.json,2025-12-21T21:00Z,TRUE,,
401827292,2025-12-21T21:00Z,Texas Tech,Baylor,Away,W,61,60,https://a.espncdn.com/i/teamlogos/ncaa/500/2641.png,https://a.espncdn.com/i/teamlogos/ncaa/500/239.png,99,15,8,8,,,TRUE,1,,STATUS_FINAL,8,FALSE,15,"[{'abbreviation': 'Game', 'name': 'overall', 'summary': '11-3', 'type': 'total'}
 {'abbreviation': None, 'name': 'Home', 'summary': '8-1', 'type': 'home'}
 {'abbreviation': None, 'name': 'Road', 'summary': '1-0', 'type': 'road'}
 {'abbreviation': None, 'name': 'vs. Conf.', 'summary': '0-1', 'type': 'vsconf'}]",8,TRUE,99,"[{'abbreviation': 'Game', 'name': 'overall', 'summary': '14-0', 'type': 'total'}
 {'abbreviation': None, 'name': 'Home', 'summary': '8-0', 'type': 'home'}
 {'abbreviation': None, 'name': 'Road', 'summary': '3-0', 'type': 'road'}
 {'abbreviation': None, 'name': 'vs. Conf.', 'summary': '1-0', 'type': 'vsconf'}]",8,Big 12,TTU,BAY,da291c,154734,0,ffb81c,BAY,154734,ffb81c,TTU,da291c,0,https://raw.githubusercontent.com/sportsdataverse/wehoop-wbb-raw/main/wbb/json/final/401827292.json,2025-12-21T21:00Z,TRUE,,
401827292,2025-12-21T21:00Z,Baylor,Texas Tech,Home,L,60,61,https://a.espncdn.com/i/teamlogos/ncaa/500/239.png,https://a.espncdn.com/i/teamlogos/ncaa/500/2641.png,15,99,8,8,,,TRUE,1,,STATUS_FINAL,8,FALSE,15,"[{'abbreviation': 'Game', 'name': 'overall', 'summary': '11-3', 'type': 'total'}
 {'abbreviation': None, 'name': 'Home', 'summary': '8-1', 'type': 'home'}
 {'abbreviation': None, 'name': 'Road', 'summary': '1-0', 'type': 'road'}
 {'abbreviation': None, 'name': 'vs. Conf.', 'summary': '0-1', 'type': 'vsconf'}]",8,TRUE,99,"[{'abbreviation': 'Game', 'name': 'overall', 'summary': '14-0', 'type': 'total'}
 {'abbreviation': None, 'name': 'Home', 'summary': '8-0', 'type': 'home'}
 {'abbreviation': None, 'name': 'Road', 'summary': '3-0', 'type': 'road'}
 {'abbreviation': None, 'name': 'vs. Conf.', 'summary': '1-0', 'type': 'vsconf'}]",8,Big 12,BAY,TTU,1.55E+05,da291c,ffb81c,0,BAY,154734,ffb81c,TTU,da291c,0,https://raw.githubusercontent.com/sportsdataverse/wehoop-wbb-raw/main/wbb/json/final/401827292.json,2025-12-21T21:00Z,TRUE,,
401826661,2025-12-21T20:00Z,Minnesota,Drake,Away,W,68,43,https://a.espncdn.com/i/teamlogos/ncaa/500/135.png,https://a.espncdn.com/i/teamlogos/ncaa/500/2181.png,99,99,7,18,,,FALSE,1,,STATUS_FINAL,18,FALSE,99,"[{'abbreviation': 'Game', 'name': 'overall', 'summary': '2-9', 'type': 'total'}
 {'abbreviation': None, 'name': 'Home', 'summary': '0-5', 'type': 'home'}
 {'abbreviation': None, 'name': 'Road', 'summary': '2-2', 'type': 'road'}
 {'abbreviation': None, 'name': 'vs. Conf.', 'summary': '1-0', 'type': 'vsconf'}]",7,TRUE,99,"[{'abbreviation': 'Game', 'name': 'overall', 'summary': '9-3', 'type': 'total'}
 {'abbreviation': None, 'name': 'Home', 'summary': '7-1', 'type': 'home'}
 {'abbreviation': None, 'name': 'Road', 'summary': '1-1', 'type': 'road'}
 {'abbreviation': None, 'name': 'vs. Conf.', 'summary': '0-1', 'type': 'vsconf'}]",,,MINN,DRKE,5e0a2f,5596,fab41c,bec0c2,DRKE,5596,bec0c2,MINN,5e0a2f,fab41c,https://raw.githubusercontent.com/sportsdataverse/wehoop-wbb-raw/main/wbb/json/final/401826661.json,2025-12-21T20:00Z,TRUE,,
401813271,2025-12-21T20:00Z,Alabama,Troy,Home,W,77,59,https://a.espncdn.com/i/teamlogos/ncaa/500/333.png,https://a.espncdn.com/i/teamlogos/ncaa/500/2653.png,99,99,23,27,,,FALSE,1,,STATUS_FINAL,23,TRUE,99,"[{'abbreviation': 'Game', 'name': 'overall', 'summary': '14-0', 'type': 'total'}
 {'abbreviation': None, 'name': 'Home', 'summary': '12-0', 'type': 'home'}
 {'abbreviation': None, 'name': 'Road', 'summary': '0-0', 'type': 'road'}
 {'abbreviation': None, 'name': 'vs. Conf.', 'summary': '0-0', 'type': 'vsconf'}]",27,FALSE,99,"[{'abbreviation': 'Game', 'name': 'overall', 'summary': '10-2', 'type': 'total'}
 {'abbreviation': None, 'name': 'Home', 'summary': '5-0', 'type': 'home'}
 {'abbreviation': None, 'name': 'Road', 'summary': '3-2', 'type': 'road'}
 {'abbreviation': None, 'name': 'vs. Conf.', 'summary': '1-0', 'type': 'vsconf'}]",,,ALA,TROY,9e1b32,862633,ffffff,b1b1b1,ALA,9e1b32,ffffff,TROY,862633,b1b1b1,https://raw.githubusercontent.com/sportsdataverse/wehoop-wbb-raw/main/wbb/json/final/401813271.json,2025-12-21T20:00Z,TRUE,,
401818524,2025-12-21T19:45Z,Florida,Tulsa,Home,L,67,74,https://a.espncdn.com/i/teamlogos/ncaa/500/57.png,https://a.espncdn.com/i/teamlogos/ncaa/500/202.png,99,99,23,62,,,FALSE,1,,STATUS_FINAL,23,FALSE,99,"[{'abbreviation': 'Game', 'name': 'overall', 'summary': '11-3', 'type': 'total'}
 {'abbreviation': None, 'name': 'Home', 'summary': '8-1', 'type': 'home'}
 {'abbreviation': None, 'name': 'Road', 'summary': '1-2', 'type': 'road'}
 {'abbreviation': None, 'name': 'vs. Conf.', 'summary': '0-0', 'type': 'vsconf'}]",62,TRUE,99,"[{'abbreviation': 'Game', 'name': 'overall', 'summary': '8-4', 'type': 'total'}
 {'abbreviation': None, 'name': 'Home', 'summary': '6-0', 'type': 'home'}
 {'abbreviation': None, 'name': 'Road', 'summary': '2-2', 'type': 'road'}
 {'abbreviation': None, 'name': 'vs. Conf.', 'summary': '0-0', 'type': 'vsconf'}]",,,FLA,TLSA,0021a5,3595,fa4616,d0b787,FLA,0021a5,fa4616,TLSA,3595,d0b787,https://raw.githubusercontent.com/sportsdataverse/wehoop-wbb-raw/main/wbb/json/final/401818524.json,2025-12-21T19:45Z,TRUE,,
401824160,2025-12-21T19:30Z,Richmond,Penn State,Neutral,W,70,54,https://a.espncdn.com/i/teamlogos/ncaa/500/257.png,https://a.espncdn.com/i/teamlogos/ncaa/500/213.png,99,99,3,7,,,FALSE,6,4 Tha Culture Holiday Classic,STATUS_FINAL,7,FALSE,99,"[{'abbreviation': 'Game', 'name': 'overall', 'summary': '7-5', 'type': 'total'}
 {'abbreviation': None, 'name': 'Home', 'summary': '4-2', 'type': 'home'}
 {'abbreviation': None, 'name': 'Road', 'summary': '1-1', 'type': 'road'}
 {'abbreviation': None, 'name': 'vs. Conf.', 'summary': '0-1', 'type': 'vsconf'}]",3,TRUE,99,"[{'abbreviation': 'Game', 'name': 'overall', 'summary': '11-3', 'type': 'total'}
 {'abbreviation': None, 'name': 'Home', 'summary': '5-1', 'type': 'home'}
 {'abbreviation': None, 'name': 'Road', 'summary': '3-1', 'type': 'road'}
 {'abbreviation': None, 'name': 'vs. Conf.', 'summary': '1-0', 'type': 'vsconf'}]",,,RICH,PSU,9e0712,61440,b90b2e,ffffff,PSU,61440,ffffff,RICH,9e0712,b90b2e,https://raw.githubusercontent.com/sportsdataverse/wehoop-wbb-raw/main/wbb/json/final/401824160.json,2025-12-21T19:30Z,TRUE,,
401817378,2025-12-21T19:00Z,LSU,UT Arlington,Home,W,110,45,https://a.espncdn.com/i/teamlogos/ncaa/500/99.png,https://a.espncdn.com/i/teamlogos/ncaa/500/250.png,5,99,23,30,,,FALSE,1,,STATUS_FINAL,23,TRUE,5,"[{'abbreviation': 'Game', 'name': 'overall', 'summary': '13-0', 'type': 'total'}
 {'abbreviation': None, 'name': 'Home', 'summary': '6-0', 'type': 'home'}
 {'abbreviation': None, 'name': 'Road', 'summary': '4-0', 'type': 'road'}
 {'abbreviation': None, 'name': 'vs. Conf.', 'summary': '0-0', 'type': 'vsconf'}]",30,FALSE,99,"[{'abbreviation': 'Game', 'name': 'overall', 'summary': '6-6', 'type': 'total'}
 {'abbreviation': None, 'name': 'Home', 'summary': '3-1', 'type': 'home'}
 {'abbreviation': None, 'name': 'Road', 'summary': '1-4', 'type': 'road'}
 {'abbreviation': None, 'name': 'vs. Conf.', 'summary': '0-0', 'type': 'vsconf'}]",,,LSU,UTA,461d76,004b7c,fdd023,f58024,LSU,461d76,fdd023,UTA,004b7c,f58024,https://raw.githubusercontent.com/sportsdataverse/wehoop-wbb-raw/main/wbb/json/final/401817378.json,2025-12-21T19:00Z,TRUE,,
401819764,2025-12-21T19:00Z,Fairfield,Merrimack,Home,W,84,65,https://a.espncdn.com/i/teamlogos/ncaa/500/2217.png,https://a.espncdn.com/i/teamlogos/ncaa/500/2771.png,99,99,13,13,,,TRUE,1,,STATUS_FINAL,13,TRUE,99,"[{'abbreviation': 'Game', 'name': 'overall', 'summary': '8-3', 'type': 'total'}
 {'abbreviation': None, 'name': 'Home', 'summary': '4-0', 'type': 'home'}
 {'abbreviation': None, 'name': 'Road', 'summary': '3-2', 'type': 'road'}
 {'abbreviation': None, 'name': 'vs. Conf.', 'summary': '2-0', 'type': 'vsconf'}]",13,FALSE,99,"[{'abbreviation': 'Game', 'name': 'overall', 'summary': '3-7', 'type': 'total'}
 {'abbreviation': None, 'name': 'Home', 'summary': '2-2', 'type': 'home'}
 {'abbreviation': None, 'name': 'Road', 'summary': '1-5', 'type': 'road'}
 {'abbreviation': None, 'name': 'vs. Conf.', 'summary': '0-1', 'type': 'vsconf'}]",13,MAAC,FAIR,MRMK,0,2f4f93,ebebeb,e8c535,FAIR,0,ebebeb,MRMK,2f4f93,e8c535,https://raw.githubusercontent.com/sportsdataverse/wehoop-wbb-raw/main/wbb/json/final/401819764.json,2025-12-21T19:00Z,TRUE,,
401827295,2025-12-21T19:00Z,West Virginia,Houston,Home,W,101,46,https://a.espncdn.com/i/teamlogos/ncaa/500/277.png,https://a.espncdn.com/i/teamlogos/ncaa/500/248.png,99,99,8,8,,,TRUE,1,,STATUS_FINAL,8,TRUE,99,"[{'abbreviation': 'Game', 'name': 'overall', 'summary': '11-2', 'type': 'total'}
 {'abbreviation': None, 'name': 'Home', 'summary': '8-1', 'type': 'home'}
 {'abbreviation': None, 'name': 'Road', 'summary': '1-0', 'type': 'road'}
 {'abbreviation': None, 'name': 'vs. Conf.', 'summary': '1-0', 'type': 'vsconf'}]",8,FALSE,99,"[{'abbreviation': 'Game', 'name': 'overall', 'summary': '6-6', 'type': 'total'}
 {'abbreviation': None, 'name': 'Home', 'summary': '4-2', 'type': 'home'}
 {'abbreviation': None, 'name': 'Road', 'summary': '1-3', 'type': 'road'}
 {'abbreviation': None, 'name': 'vs. Conf.', 'summary': '0-1', 'type': 'vsconf'}]",8,Big 12,WVU,HOU,eaaa00,c8102e,2855,ffffff,WVU,eaaa00,2855,HOU,c8102e,ffffff,https://raw.githubusercontent.com/sportsdataverse/wehoop-wbb-raw/main/wbb/json/final/401827295.json,2025-12-21T19:00Z,TRUE,,
401827293,2025-12-21T19:00Z,Oklahoma State,Cincinnati,Away,W,91,63,https://a.espncdn.com/i/teamlogos/ncaa/500/197.png,https://a.espncdn.com/i/teamlogos/ncaa/500/2132.png,99,99,8,8,,,TRUE,1,,STATUS_FINAL,8,FALSE,99,"[{'abbreviation': 'Game', 'name': 'overall', 'summary': '5-8', 'type': 'total'}
 {'abbreviation': None, 'name': 'Home', 'summary': '3-5', 'type': 'home'}
 {'abbreviation': None, 'name': 'Road', 'summary': '0-3', 'type': 'road'}
 {'abbreviation': None, 'name': 'vs. Conf.', 'summary': '0-1', 'type': 'vsconf'}]",8,TRUE,99,"[{'abbreviation': 'Game', 'name': 'overall', 'summary': '12-2', 'type': 'total'}
 {'abbreviation': None, 'name': 'Home', 'summary': '8-0', 'type': 'home'}
 {'abbreviation': None, 'name': 'Road', 'summary': '2-1', 'type': 'road'}
 {'abbreviation': None, 'name': 'vs. Conf.', 'summary': '1-0', 'type': 'vsconf'}]",8,Big 12,OKST,CIN,fe5c00,0,0,e00122,CIN,0,e00122,OKST,fe5c00,0,https://raw.githubusercontent.com/sportsdataverse/wehoop-wbb-raw/main/wbb/json/final/401827293.json,2025-12-21T19:00Z,TRUE,,
401819586,2025-12-21T19:00Z,Clemson,North Florida,Home,W,84,62,https://a.espncdn.com/i/teamlogos/ncaa/500/228.png,https://a.espncdn.com/i/teamlogos/ncaa/500/2454.png,99,99,2,46,,,FALSE,1,,STATUS_FINAL,2,TRUE,99,"[{'abbreviation': 'Game', 'name': 'overall', 'summary': '9-4', 'type': 'total'}
 {'abbreviation': None, 'name': 'Home', 'summary': '5-1', 'type': 'home'}
 {'abbreviation': None, 'name': 'Road', 'summary': '3-2', 'type': 'road'}
 {'abbreviation': None, 'name': 'vs. Conf.', 'summary': '1-1', 'type': 'vsconf'}]",46,FALSE,99,"[{'abbreviation': 'Game', 'name': 'overall', 'summary': '5-6', 'type': 'total'}
 {'abbreviation': None, 'name': 'Home', 'summary': '4-0', 'type': 'home'}
 {'abbreviation': None, 'name': 'Road', 'summary': '1-6', 'type': 'road'}
 {'abbreviation': None, 'name': 'vs. Conf.', 'summary': '0-0', 'type': 'vsconf'}]",,,CLEM,UNF,f56600,004B8D,ffffff,babcbe,CLEM,f56600,ffffff,UNF,004B8D,babcbe,https://raw.githubusercontent.com/sportsdataverse/wehoop-wbb-raw/main/wbb/json/final/401819586.json,2025-12-21T19:00Z,TRUE,,
401818605,2025-12-21T19:00Z,Texas,South Dakota State,Away,W,70,51,https://a.espncdn.com/i/teamlogos/ncaa/500/251.png,https://a.espncdn.com/i/teamlogos/ncaa/500/2571.png,2,99,23,47,,,FALSE,1,,STATUS_FINAL,47,FALSE,99,"[{'abbreviation': 'Game', 'name': 'overall', 'summary': '10-4', 'type': 'total'}
 {'abbreviation': None, 'name': 'Home', 'summary': '4-1', 'type': 'home'}
 {'abbreviation': None, 'name': 'Road', 'summary': '3-1', 'type': 'road'}
 {'abbreviation': None, 'name': 'vs. Conf.', 'summary': '0-0', 'type': 'vsconf'}]",23,TRUE,2,"[{'abbreviation': 'Game', 'name': 'overall', 'summary': '14-0', 'type': 'total'}
 {'abbreviation': None, 'name': 'Home', 'summary': '9-0', 'type': 'home'}
 {'abbreviation': None, 'name': 'Road', 'summary': '2-0', 'type': 'road'}
 {'abbreviation': None, 'name': 'vs. Conf.', 'summary': '0-0', 'type': 'vsconf'}]",,,TEX,SDST,af5c37,0033a0,ffffff,ffd100,SDST,0033a0,ffd100,TEX,af5c37,ffffff,https://raw.githubusercontent.com/sportsdataverse/wehoop-wbb-raw/main/wbb/json/final/401818605.json,2025-12-21T19:00Z,TRUE,,
401827294,2025-12-21T18:00Z,Iowa State,Kansas,Home,W,79,76,https://a.espncdn.com/i/teamlogos/ncaa/500/66.png,https://a.espncdn.com/i/teamlogos/ncaa/500/2305.png,10,99,8,8,,,TRUE,1,,STATUS_FINAL,8,TRUE,10,"[{'abbreviation': 'Game', 'name': 'overall', 'summary': '13-0', 'type': 'total'}
 {'abbreviation': None, 'name': 'Home', 'summary': '10-0', 'type': 'home'}
 {'abbreviation': None, 'name': 'Road', 'summary': '1-0', 'type': 'road'}
 {'abbreviation': None, 'name': 'vs. Conf.', 'summary': '1-0', 'type': 'vsconf'}]",8,FALSE,99,"[{'abbreviation': 'Game', 'name': 'overall', 'summary': '10-3', 'type': 'total'}
 {'abbreviation': None, 'name': 'Home', 'summary': '7-0', 'type': 'home'}
 {'abbreviation': None, 'name': 'Road', 'summary': '2-1', 'type': 'road'}
 {'abbreviation': None, 'name': 'vs. Conf.', 'summary': '0-1', 'type': 'vsconf'}]",8,Big 12,ISU,KU,ae192d,0051ba,ffc72a,e8000d,ISU,ae192d,ffc72a,KU,0051ba,e8000d,https://raw.githubusercontent.com/sportsdataverse/wehoop-wbb-raw/main/wbb/json/final/401827294.json,2025-12-21T18:00Z,TRUE,,
401817580,2025-12-21T17:00Z,NC State,Davidson,Away,W,68,59,https://a.espncdn.com/i/teamlogos/ncaa/500/152.png,https://a.espncdn.com/i/teamlogos/ncaa/500/2166.png,99,99,2,3,,,FALSE,1,,STATUS_FINAL,3,FALSE,99,"[{'abbreviation': 'Game', 'name': 'overall', 'summary': '9-5', 'type': 'total'}
 {'abbreviation': None, 'name': 'Home', 'summary': '7-1', 'type': 'home'}
 {'abbreviation': None, 'name': 'Road', 'summary': '2-2', 'type': 'road'}
 {'abbreviation': None, 'name': 'vs. Conf.', 'summary': '1-0', 'type': 'vsconf'}]",2,TRUE,99,"[{'abbreviation': 'Game', 'name': 'overall', 'summary': '9-4', 'type': 'total'}
 {'abbreviation': None, 'name': 'Home', 'summary': '4-2', 'type': 'home'}
 {'abbreviation': None, 'name': 'Road', 'summary': '2-1', 'type': 'road'}
 {'abbreviation': None, 'name': 'vs. Conf.', 'summary': '2-0', 'type': 'vsconf'}]",,,NCSU,DAV,cc0000,0,ffffff,e51837,DAV,0,e51837,NCSU,cc0000,ffffff,https://raw.githubusercontent.com/sportsdataverse/wehoop-wbb-raw/main/wbb/json/final/401817580.json,2025-12-21T17:00Z,TRUE,,
401818655,2025-12-21T17:00Z,Nebraska,California Baptist,Home,W,87,56,https://a.espncdn.com/i/teamlogos/ncaa/500/158.png,https://a.espncdn.com/i/teamlogos/ncaa/500/2856.png,23,99,7,30,,,FALSE,1,,STATUS_FINAL,7,TRUE,23,"[{'abbreviation': 'Game', 'name': 'overall', 'summary': '12-0', 'type': 'total'}
 {'abbreviation': None, 'name': 'Home', 'summary': '8-0', 'type': 'home'}
 {'abbreviation': None, 'name': 'Road', 'summary': '1-0', 'type': 'road'}
 {'abbreviation': None, 'name': 'vs. Conf.', 'summary': '1-0', 'type': 'vsconf'}]",30,FALSE,99,"[{'abbreviation': 'Game', 'name': 'overall', 'summary': '6-7', 'type': 'total'}
 {'abbreviation': None, 'name': 'Home', 'summary': '4-2', 'type': 'home'}
 {'abbreviation': None, 'name': 'Road', 'summary': '2-5', 'type': 'road'}
 {'abbreviation': None, 'name': 'vs. Conf.', 'summary': '0-0', 'type': 'vsconf'}]",,,NEB,CBU,e31937,0,ffffff,,NEB,e31937,ffffff,CBU,0,,https://raw.githubusercontent.com/sportsdataverse/wehoop-wbb-raw/main/wbb/json/final/401818655.json,2025-12-21T17:00Z,TRUE,,
401823679,2025-12-21T17:00Z,Virginia Tech,Radford,Home,W,79,47,https://a.espncdn.com/i/teamlogos/ncaa/500/259.png,https://a.espncdn.com/i/teamlogos/ncaa/500/2515.png,99,99,2,6,,,FALSE,1,,STATUS_FINAL,2,TRUE,99,"[{'abbreviation': 'Game', 'name': 'overall', 'summary': '11-3', 'type': 'total'}
 {'abbreviation': None, 'name': 'Home', 'summary': '9-1', 'type': 'home'}
 {'abbreviation': None, 'name': 'Road', 'summary': '1-1', 'type': 'road'}
 {'abbreviation': None, 'name': 'vs. Conf.', 'summary': '1-1', 'type': 'vsconf'}]",6,FALSE,99,"[{'abbreviation': 'Game', 'name': 'overall', 'summary': '8-7', 'type': 'total'}
 {'abbreviation': None, 'name': 'Home', 'summary': '6-1', 'type': 'home'}
 {'abbreviation': None, 'name': 'Road', 'summary': '1-5', 'type': 'road'}
 {'abbreviation': None, 'name': 'vs. Conf.', 'summary': '0-0', 'type': 'vsconf'}]",,,VT,RAD,6a2c3e,BC1515,cf4520,c2c3c0,VT,6a2c3e,cf4520,RAD,BC1515,c2c3c0,https://raw.githubusercontent.com/sportsdataverse/wehoop-wbb-raw/main/wbb/json/final/401823679.json,2025-12-21T17:00Z,TRUE,,
401822291,2025-12-21T17:00Z,Georgia,Coppin State,Neutral,W,82,55,https://a.espncdn.com/i/teamlogos/ncaa/500/61.png,https://a.espncdn.com/i/teamlogos/ncaa/500/2154.png,99,99,23,16,,,FALSE,6,4 Tha Culture Holiday Classic,STATUS_FINAL,23,TRUE,99,"[{'abbreviation': 'Game', 'name': 'overall', 'summary': '13-0', 'type': 'total'}
 {'abbreviation': None, 'name': 'Home', 'summary': '7-0', 'type': 'home'}
 {'abbreviation': None, 'name': 'Road', 'summary': '2-0', 'type': 'road'}
 {'abbreviation': None, 'name': 'vs. Conf.', 'summary': '0-0', 'type': 'vsconf'}]",16,FALSE,99,"[{'abbreviation': 'Game', 'name': 'overall', 'summary': '2-12', 'type': 'total'}
 {'abbreviation': None, 'name': 'Home', 'summary': '2-1', 'type': 'home'}
 {'abbreviation': None, 'name': 'Road', 'summary': '0-8', 'type': 'road'}
 {'abbreviation': None, 'name': 'vs. Conf.', 'summary': '0-0', 'type': 'vsconf'}]",,,UGA,COPP,ba0c2f,2e3192,2c2a29,ffd204,UGA,ba0c2f,2c2a29,COPP,2e3192,ffd204,https://raw.githubusercontent.com/sportsdataverse/wehoop-wbb-raw/main/wbb/json/final/401822291.json,2025-12-21T17:00Z,TRUE,,
401807523,2025-12-21T17:00Z,UNC,Charleston Southern,Home,W,93,74,https://a.espncdn.com/i/teamlogos/ncaa/500/153.png,https://a.espncdn.com/i/teamlogos/ncaa/500/2127.png,18,99,2,6,,,FALSE,1,,STATUS_FINAL,2,TRUE,18,"[{'abbreviation': 'Game', 'name': 'overall', 'summary': '11-3', 'type': 'total'}
 {'abbreviation': None, 'name': 'Home', 'summary': '6-1', 'type': 'home'}
 {'abbreviation': None, 'name': 'Road', 'summary': '1-1', 'type': 'road'}
 {'abbreviation': None, 'name': 'vs. Conf.', 'summary': '0-1', 'type': 'vsconf'}]",6,FALSE,99,"[{'abbreviation': 'Game', 'name': 'overall', 'summary': '2-10', 'type': 'total'}
 {'abbreviation': None, 'name': 'Home', 'summary': '2-4', 'type': 'home'}
 {'abbreviation': None, 'name': 'Road', 'summary': '0-6', 'type': 'road'}
 {'abbreviation': None, 'name': 'vs. Conf.', 'summary': '0-0', 'type': 'vsconf'}]",,,UNC,CHSO,7bafd4,2e3192,13294b,ded090,UNC,7bafd4,13294b,CHSO,2e3192,ded090,https://raw.githubusercontent.com/sportsdataverse/wehoop-wbb-raw/main/wbb/json/final/401807523.json,2025-12-21T17:00Z,TRUE,,
401830362,2025-12-21T17:00Z,Michigan,Oakland,Home,W,97,54,https://a.espncdn.com/i/teamlogos/ncaa/500/130.png,https://a.espncdn.com/i/teamlogos/ncaa/500/2473.png,6,99,7,45,,,FALSE,1,,STATUS_FINAL,7,TRUE,6,"[{'abbreviation': 'Game', 'name': 'overall', 'summary': '10-1', 'type': 'total'}
 {'abbreviation': None, 'name': 'Home', 'summary': '7-0', 'type': 'home'}
 {'abbreviation': None, 'name': 'Road', 'summary': '1-0', 'type': 'road'}
 {'abbreviation': None, 'name': 'vs. Conf.', 'summary': '1-0', 'type': 'vsconf'}]",45,FALSE,99,"[{'abbreviation': 'Game', 'name': 'overall', 'summary': '3-9', 'type': 'total'}
 {'abbreviation': None, 'name': 'Home', 'summary': '2-1', 'type': 'home'}
 {'abbreviation': None, 'name': 'Road', 'summary': '1-7', 'type': 'road'}
 {'abbreviation': None, 'name': 'vs. Conf.', 'summary': '0-2', 'type': 'vsconf'}]",,,MICH,OAK,00274c,04091c,ffcb05,bc955c,MICH,00274c,ffcb05,OAK,04091c,bc955c,https://raw.githubusercontent.com/sportsdataverse/wehoop-wbb-raw/main/wbb/json/final/401830362.json,2025-12-21T17:00Z,TRUE,,
401819549,2025-12-20T22:00Z,UCLA,Long Beach State,Home,W,106,44,https://a.espncdn.com/i/teamlogos/ncaa/500/26.png,https://a.espncdn.com/i/teamlogos/ncaa/500/299.png,4,99,7,9,,,FALSE,1,,STATUS_FINAL,7,TRUE,4,"[{'abbreviation': 'Game', 'name': 'overall', 'summary': '11-1', 'type': 'total'}
 {'abbreviation': None, 'name': 'Home', 'summary': '6-0', 'type': 'home'}
 {'abbreviation': None, 'name': 'Road', 'summary': '0-0', 'type': 'road'}
 {'abbreviation': None, 'name': 'vs. Conf.', 'summary': '1-0', 'type': 'vsconf'}]",9,FALSE,99,"[{'abbreviation': 'Game', 'name': 'overall', 'summary': '0-10', 'type': 'total'}
 {'abbreviation': None, 'name': 'Home', 'summary': '0-5', 'type': 'home'}
 {'abbreviation': None, 'name': 'Road', 'summary': '0-5', 'type': 'road'}
 {'abbreviation': None, 'name': 'vs. Conf.', 'summary': '0-2', 'type': 'vsconf'}]",,,UCLA,LBSU,2774ae,0,f2a900,f1f2f3,UCLA,2774ae,f2a900,LBSU,0,f1f2f3,https://raw.githubusercontent.com/sportsdataverse/wehoop-wbb-raw/main/wbb/json/final/401819549.json,2025-12-20T22:00Z,TRUE,,
401827290,2025-12-20T22:00Z,TCU,Kansas State,Home,W,77,55,https://a.espncdn.com/i/teamlogos/ncaa/500/2628.png,https://a.espncdn.com/i/teamlogos/ncaa/500/2306.png,9,99,8,8,,,TRUE,1,,STATUS_FINAL,8,TRUE,9,"[{'abbreviation': 'Game', 'name': 'overall', 'summary': '13-0', 'type': 'total'}
 {'abbreviation': None, 'name': 'Home', 'summary': '10-0', 'type': 'home'}
 {'abbreviation': None, 'name': 'Road', 'summary': '1-0', 'type': 'road'}
 {'abbreviation': None, 'name': 'vs. Conf.', 'summary': '1-0', 'type': 'vsconf'}]",8,FALSE,99,"[{'abbreviation': 'Game', 'name': 'overall', 'summary': '7-7', 'type': 'total'}
 {'abbreviation': None, 'name': 'Home', 'summary': '3-3', 'type': 'home'}
 {'abbreviation': None, 'name': 'Road', 'summary': '2-2', 'type': 'road'}
 {'abbreviation': None, 'name': 'vs. Conf.', 'summary': '0-1', 'type': 'vsconf'}]",8,Big 12,TCU,KSU,4d1979,330a57,ffffff,e2e3e4,TCU,4d1979,ffffff,KSU,330a57,e2e3e4,https://raw.githubusercontent.com/sportsdataverse/wehoop-wbb-raw/main/wbb/json/final/401827290.json,2025-12-20T22:00Z,TRUE,,
401817563,2025-12-20T20:00Z,Duke,Belmont,Away,W,76,46,https://a.espncdn.com/i/teamlogos/ncaa/500/150.png,https://a.espncdn.com/i/teamlogos/ncaa/500/2057.png,99,99,2,18,,,FALSE,1,,STATUS_FINAL,18,FALSE,99,"[{'abbreviation': 'Game', 'name': 'overall', 'summary': '5-7', 'type': 'total'}
 {'abbreviation': None, 'name': 'Home', 'summary': '3-3', 'type': 'home'}
 {'abbreviation': None, 'name': 'Road', 'summary': '2-2', 'type': 'road'}
 {'abbreviation': None, 'name': 'vs. Conf.', 'summary': '1-0', 'type': 'vsconf'}]",2,TRUE,99,"[{'abbreviation': 'Game', 'name': 'overall', 'summary': '6-6', 'type': 'total'}
 {'abbreviation': None, 'name': 'Home', 'summary': '3-1', 'type': 'home'}
 {'abbreviation': None, 'name': 'Road', 'summary': '3-1', 'type': 'road'}
 {'abbreviation': None, 'name': 'vs. Conf.', 'summary': '1-0', 'type': 'vsconf'}]",,,DUKE,BEL,00539b,182142,ffffff,c9262d,BEL,182142,c9262d,DUKE,00539b,ffffff,https://raw.githubusercontent.com/sportsdataverse/wehoop-wbb-raw/main/wbb/json/final/401817563.json,2025-12-20T20:00Z,TRUE,,
401811133,2025-12-20T19:00Z,South Carolina,Florida Gulf Coast,Away,W,105,43,https://a.espncdn.com/i/teamlogos/ncaa/500/2579.png,https://a.espncdn.com/i/teamlogos/ncaa/500/526.png,3,99,23,46,,,FALSE,1,,STATUS_FINAL,46,FALSE,99,"[{'abbreviation': 'Game', 'name': 'overall', 'summary': '3-6', 'type': 'total'}
 {'abbreviation': None, 'name': 'Home', 'summary': '1-3', 'type': 'home'}
 {'abbreviation': None, 'name': 'Road', 'summary': '1-2', 'type': 'road'}
 {'abbreviation': None, 'name': 'vs. Conf.', 'summary': '0-0', 'type': 'vsconf'}]",23,TRUE,3,"[{'abbreviation': 'Game', 'name': 'overall', 'summary': '12-1', 'type': 'total'}
 {'abbreviation': None, 'name': 'Home', 'summary': '7-0', 'type': 'home'}
 {'abbreviation': None, 'name': 'Road', 'summary': '3-0', 'type': 'road'}
 {'abbreviation': None, 'name': 'vs. Conf.', 'summary': '0-0', 'type': 'vsconf'}]",,,SC,FGCU,73000a,00885a,0,076c3b,FGCU,00885a,076c3b,SC,73000a,0,https://raw.githubusercontent.com/sportsdataverse/wehoop-wbb-raw/main/wbb/json/final/401811133.json,2025-12-20T19:00Z,TRUE,,
401817389,2025-12-20T18:30Z,UConn,Iowa,Neutral,W,90,64,https://a.espncdn.com/i/teamlogos/ncaa/500/41.png,https://a.espncdn.com/i/teamlogos/ncaa/500/2294.png,1,11,4,7,,,FALSE,6,Champions Classic,STATUS_FINAL,4,TRUE,1,"[{'abbreviation': 'Game', 'name': 'overall', 'summary': '12-0', 'type': 'total'}
 {'abbreviation': None, 'name': 'Home', 'summary': '5-0', 'type': 'home'}
 {'abbreviation': None, 'name': 'Road', 'summary': '3-0', 'type': 'road'}
 {'abbreviation': None, 'name': 'vs. Conf.', 'summary': '3-0', 'type': 'vsconf'}]",7,FALSE,11,"[{'abbreviation': 'Game', 'name': 'overall', 'summary': '10-2', 'type': 'total'}
 {'abbreviation': None, 'name': 'Home', 'summary': '6-0', 'type': 'home'}
 {'abbreviation': None, 'name': 'Road', 'summary': '2-1', 'type': 'road'}
 {'abbreviation': None, 'name': 'vs. Conf.', 'summary': '1-0', 'type': 'vsconf'}]",,,CONN,IOWA,0c2340,231f20,a2aaad,fcd116,CONN,0c2340,a2aaad,IOWA,231f20,fcd116,https://raw.githubusercontent.com/sportsdataverse/wehoop-wbb-raw/main/wbb/json/final/401817389.json,2025-12-20T18:30Z,TRUE,,
401817389,2025-12-20T18:30Z,Iowa,UConn,Neutral,L,64,90,https://a.espncdn.com/i/teamlogos/ncaa/500/2294.png,https://a.espncdn.com/i/teamlogos/ncaa/500/41.png,11,1,7,4,,,FALSE,6,Champions Classic,STATUS_FINAL,4,TRUE,1,"[{'abbreviation': 'Game', 'name': 'overall', 'summary': '12-0', 'type': 'total'}
 {'abbreviation': None, 'name': 'Home', 'summary': '5-0', 'type': 'home'}
 {'abbreviation': None, 'name': 'Road', 'summary': '3-0', 'type': 'road'}
 {'abbreviation': None, 'name': 'vs. Conf.', 'summary': '3-0', 'type': 'vsconf'}]",7,FALSE,11,"[{'abbreviation': 'Game', 'name': 'overall', 'summary': '10-2', 'type': 'total'}
 {'abbreviation': None, 'name': 'Home', 'summary': '6-0', 'type': 'home'}
 {'abbreviation': None, 'name': 'Road', 'summary': '2-1', 'type': 'road'}
 {'abbreviation': None, 'name': 'vs. Conf.', 'summary': '1-0', 'type': 'vsconf'}]",,,IOWA,CONN,231f20,0c2340,fcd116,a2aaad,CONN,0c2340,a2aaad,IOWA,231f20,fcd116,https://raw.githubusercontent.com/sportsdataverse/wehoop-wbb-raw/main/wbb/json/final/401817389.json,2025-12-20T18:30Z,TRUE,,
401818614,2025-12-20T18:00Z,Vanderbilt,Texas Southern,Home,W,96,46,https://a.espncdn.com/i/teamlogos/ncaa/500/238.png,https://a.espncdn.com/i/teamlogos/ncaa/500/2640.png,13,99,23,26,,,FALSE,1,,STATUS_FINAL,23,TRUE,13,"[{'abbreviation': 'Game', 'name': 'overall', 'summary': '12-0', 'type': 'total'}
 {'abbreviation': None, 'name': 'Home', 'summary': '7-0', 'type': 'home'}
 {'abbreviation': None, 'name': 'Road', 'summary': '2-0', 'type': 'road'}
 {'abbreviation': None, 'name': 'vs. Conf.', 'summary': '0-0', 'type': 'vsconf'}]",26,FALSE,99,"[{'abbreviation': 'Game', 'name': 'overall', 'summary': '3-8', 'type': 'total'}
 {'abbreviation': None, 'name': 'Home', 'summary': '3-0', 'type': 'home'}
 {'abbreviation': None, 'name': 'Road', 'summary': '0-6', 'type': 'road'}
 {'abbreviation': None, 'name': 'vs. Conf.', 'summary': '0-0', 'type': 'vsconf'}]",,,VAN,TXSO,0.00E+00,860038,cfae70,ffffff,VAN,0,cfae70,TXSO,860038,ffffff,https://raw.githubusercontent.com/sportsdataverse/wehoop-wbb-raw/main/wbb/json/final/401818614.json,2025-12-20T18:00Z,TRUE,,
401808807,2025-12-20T18:00Z,James Madison,Marshall,Away,L,74,83,https://a.espncdn.com/i/teamlogos/ncaa/500/256.png,https://a.espncdn.com/i/teamlogos/ncaa/500/276.png,99,99,27,27,,,TRUE,1,,STATUS_FINAL,27,TRUE,99,"[{'abbreviation': 'Game', 'name': 'overall', 'summary': '11-3', 'type': 'total'}
 {'abbreviation': None, 'name': 'Home', 'summary': '8-1', 'type': 'home'}
 {'abbreviation': None, 'name': 'Road', 'summary': '2-2', 'type': 'road'}
 {'abbreviation': None, 'name': 'vs. Conf.', 'summary': '2-0', 'type': 'vsconf'}]",27,FALSE,99,"[{'abbreviation': 'Game', 'name': 'overall', 'summary': '9-5', 'type': 'total'}
 {'abbreviation': None, 'name': 'Home', 'summary': '5-3', 'type': 'home'}
 {'abbreviation': None, 'name': 'Road', 'summary': '2-2', 'type': 'road'}
 {'abbreviation': None, 'name': 'vs. Conf.', 'summary': '1-1', 'type': 'vsconf'}]",27,Sun Belt,JMU,MRSH,450084,00b140,cbb677,0,MRSH,00b140,0,JMU,450084,cbb677,https://raw.githubusercontent.com/sportsdataverse/wehoop-wbb-raw/main/wbb/json/final/401808807.json,2025-12-20T18:00Z,TRUE,,
401824920,2025-12-20T18:00Z,Princeton,George Mason,Away,W,71,69,https://a.espncdn.com/i/teamlogos/ncaa/500/163.png,https://a.espncdn.com/i/teamlogos/ncaa/500/2244.png,25,99,12,3,,,FALSE,1,,STATUS_FINAL,3,FALSE,99,"[{'abbreviation': 'Game', 'name': 'overall', 'summary': '6-6', 'type': 'total'}
 {'abbreviation': None, 'name': 'Home', 'summary': '5-2', 'type': 'home'}
 {'abbreviation': None, 'name': 'Road', 'summary': '1-2', 'type': 'road'}
 {'abbreviation': None, 'name': 'vs. Conf.', 'summary': '1-0', 'type': 'vsconf'}]",12,TRUE,25,"[{'abbreviation': 'Game', 'name': 'overall', 'summary': '11-1', 'type': 'total'}
 {'abbreviation': None, 'name': 'Home', 'summary': '4-0', 'type': 'home'}
 {'abbreviation': None, 'name': 'Road', 'summary': '5-1', 'type': 'road'}
 {'abbreviation': None, 'name': 'vs. Conf.', 'summary': '0-0', 'type': 'vsconf'}]",,,PRIN,GMU,0,16600,ff6000,ecb010,GMU,16600,ecb010,PRIN,0,ff6000,https://raw.githubusercontent.com/sportsdataverse/wehoop-wbb-raw/main/wbb/json/final/401824920.json,2025-12-20T18:00Z,TRUE,,
401824159,2025-12-20T18:00Z,Richmond,Alabama A&M,Neutral,W,72,58,https://a.espncdn.com/i/teamlogos/ncaa/500/257.png,https://a.espncdn.com/i/teamlogos/ncaa/500/2010.png,99,99,3,26,,,FALSE,6,4 Tha Culture Holiday Classic,STATUS_FINAL,3,TRUE,99,"[{'abbreviation': 'Game', 'name': 'overall', 'summary': '10-3', 'type': 'total'}
 {'abbreviation': None, 'name': 'Home', 'summary': '5-1', 'type': 'home'}
 {'abbreviation': None, 'name': 'Road', 'summary': '3-1', 'type': 'road'}
 {'abbreviation': None, 'name': 'vs. Conf.', 'summary': '1-0', 'type': 'vsconf'}]",26,FALSE,99,"[{'abbreviation': 'Game', 'name': 'overall', 'summary': '4-8', 'type': 'total'}
 {'abbreviation': None, 'name': 'Home', 'summary': '4-1', 'type': 'home'}
 {'abbreviation': None, 'name': 'Road', 'summary': '0-4', 'type': 'road'}
 {'abbreviation': None, 'name': 'vs. Conf.', 'summary': '0-0', 'type': 'vsconf'}]",,,RICH,AAMU,9e0712,790000,b90b2e,ffffff,RICH,9e0712,b90b2e,AAMU,790000,ffffff,https://raw.githubusercontent.com/sportsdataverse/wehoop-wbb-raw/main/wbb/json/final/401824159.json,2025-12-20T18:00Z,TRUE,,
401822281,2025-12-20T17:00Z,Mississippi State,La Salle,Away,W,85,37,https://a.espncdn.com/i/teamlogos/ncaa/500/344.png,https://a.espncdn.com/i/teamlogos/ncaa/500/2325.png,99,99,23,3,,,FALSE,1,,STATUS_FINAL,3,FALSE,99,"[{'abbreviation': 'Game', 'name': 'overall', 'summary': '8-4', 'type': 'total'}
 {'abbreviation': None, 'name': 'Home', 'summary': '4-2', 'type': 'home'}
 {'abbreviation': None, 'name': 'Road', 'summary': '4-1', 'type': 'road'}
 {'abbreviation': None, 'name': 'vs. Conf.', 'summary': '1-0', 'type': 'vsconf'}]",23,TRUE,99,"[{'abbreviation': 'Game', 'name': 'overall', 'summary': '12-1', 'type': 'total'}
 {'abbreviation': None, 'name': 'Home', 'summary': '10-0', 'type': 'home'}
 {'abbreviation': None, 'name': 'Road', 'summary': '1-1', 'type': 'road'}
 {'abbreviation': None, 'name': 'vs. Conf.', 'summary': '0-0', 'type': 'vsconf'}]",,,MSST,LAS,5d1725,3356,c1c6c8,ffce00,LAS,3356,ffce00,MSST,5d1725,c1c6c8,https://raw.githubusercontent.com/sportsdataverse/wehoop-wbb-raw/main/wbb/json/final/401822281.json,2025-12-20T17:00Z,TRUE,,
401823675,2025-12-20T17:00Z,Virginia,Winthrop,Home,W,88,53,https://a.espncdn.com/i/teamlogos/ncaa/500/258.png,https://a.espncdn.com/i/teamlogos/ncaa/500/2737.png,99,99,2,6,,,FALSE,1,,STATUS_FINAL,2,TRUE,99,"[{'abbreviation': 'Game', 'name': 'overall', 'summary': '9-3', 'type': 'total'}
 {'abbreviation': None, 'name': 'Home', 'summary': '7-1', 'type': 'home'}
 {'abbreviation': None, 'name': 'Road', 'summary': '1-1', 'type': 'road'}
 {'abbreviation': None, 'name': 'vs. Conf.', 'summary': '1-0', 'type': 'vsconf'}]",6,FALSE,99,"[{'abbreviation': 'Game', 'name': 'overall', 'summary': '7-7', 'type': 'total'}
 {'abbreviation': None, 'name': 'Home', 'summary': '5-0', 'type': 'home'}
 {'abbreviation': None, 'name': 'Road', 'summary': '1-6', 'type': 'road'}
 {'abbreviation': None, 'name': 'vs. Conf.', 'summary': '0-0', 'type': 'vsconf'}]",,,UVA,WIN,f84c1e,9e0b0e,232d4b,fdb41e,UVA,f84c1e,232d4b,WIN,9e0b0e,fdb41e,https://raw.githubusercontent.com/sportsdataverse/wehoop-wbb-raw/main/wbb/json/final/401823675.json,2025-12-20T17:00Z,TRUE,,
401817572,2025-12-20T16:00Z,Louisville,Tennessee,Neutral,W,89,65,https://a.espncdn.com/i/teamlogos/ncaa/500/97.png,https://a.espncdn.com/i/teamlogos/ncaa/500/2633_ncw.png,16,17,2,23,,,FALSE,6,Champions Classic,STATUS_FINAL,2,TRUE,16,"[{'abbreviation': 'Game', 'name': 'overall', 'summary': '12-3', 'type': 'total'}
 {'abbreviation': None, 'name': 'Home', 'summary': '8-2', 'type': 'home'}
 {'abbreviation': None, 'name': 'Road', 'summary': '2-0', 'type': 'road'}
 {'abbreviation': None, 'name': 'vs. Conf.', 'summary': '2-0', 'type': 'vsconf'}]",23,FALSE,17,"[{'abbreviation': 'Game', 'name': 'overall', 'summary': '7-3', 'type': 'total'}
 {'abbreviation': None, 'name': 'Home', 'summary': '4-0', 'type': 'home'}
 {'abbreviation': None, 'name': 'Road', 'summary': '3-1', 'type': 'road'}
 {'abbreviation': None, 'name': 'vs. Conf.', 'summary': '0-0', 'type': 'vsconf'}]",,,LOU,TENN,c9001f,ff8200,ffffff,ffffff,LOU,c9001f,ffffff,TENN,ff8200,ffffff,https://raw.githubusercontent.com/sportsdataverse/wehoop-wbb-raw/main/wbb/json/final/401817572.json,2025-12-20T16:00Z,TRUE,,
401817572,2025-12-20T16:00Z,Tennessee,Louisville,Neutral,L,65,89,https://a.espncdn.com/i/teamlogos/ncaa/500/2633_ncw.png,https://a.espncdn.com/i/teamlogos/ncaa/500/97.png,17,16,23,2,,,FALSE,6,Champions Classic,STATUS_FINAL,2,TRUE,16,"[{'abbreviation': 'Game', 'name': 'overall', 'summary': '12-3', 'type': 'total'}
 {'abbreviation': None, 'name': 'Home', 'summary': '8-2', 'type': 'home'}
 {'abbreviation': None, 'name': 'Road', 'summary': '2-0', 'type': 'road'}
 {'abbreviation': None, 'name': 'vs. Conf.', 'summary': '2-0', 'type': 'vsconf'}]",23,FALSE,17,"[{'abbreviation': 'Game', 'name': 'overall', 'summary': '7-3', 'type': 'total'}
 {'abbreviation': None, 'name': 'Home', 'summary': '4-0', 'type': 'home'}
 {'abbreviation': None, 'name': 'Road', 'summary': '3-1', 'type': 'road'}
 {'abbreviation': None, 'name': 'vs. Conf.', 'summary': '0-0', 'type': 'vsconf'}]",,,TENN,LOU,ff8200,c9001f,ffffff,ffffff,LOU,c9001f,ffffff,TENN,ff8200,ffffff,https://raw.githubusercontent.com/sportsdataverse/wehoop-wbb-raw/main/wbb/json/final/401817572.json,2025-12-20T16:00Z,TRUE,,
401819613,2025-12-20T03:00Z,Washington,Stanford,Away,L,62,67,https://a.espncdn.com/i/teamlogos/ncaa/500/264.png,https://a.espncdn.com/i/teamlogos/ncaa/500/24.png,22,99,7,2,,,FALSE,1,,STATUS_FINAL,2,TRUE,99,"[{'abbreviation': 'Game', 'name': 'overall', 'summary': '10-2', 'type': 'total'}
 {'abbreviation': None, 'name': 'Home', 'summary': '7-1', 'type': 'home'}
 {'abbreviation': None, 'name': 'Road', 'summary': '2-0', 'type': 'road'}
 {'abbreviation': None, 'name': 'vs. Conf.', 'summary': '1-0', 'type': 'vsconf'}]",7,FALSE,22,"[{'abbreviation': 'Game', 'name': 'overall', 'summary': '9-2', 'type': 'total'}
 {'abbreviation': None, 'name': 'Home', 'summary': '8-0', 'type': 'home'}
 {'abbreviation': None, 'name': 'Road', 'summary': '1-2', 'type': 'road'}
 {'abbreviation': None, 'name': 'vs. Conf.', 'summary': '0-1', 'type': 'vsconf'}]",,,WASH,STAN,33006f,8c1515,e8d3a2,ffffff,STAN,8c1515,ffffff,WASH,33006f,e8d3a2,https://raw.githubusercontent.com/sportsdataverse/wehoop-wbb-raw/main/wbb/json/final/401819613.json,2025-12-20T03:00Z,TRUE,,
401819613,2025-12-20T03:00Z,Stanford,Washington,Home,W,67,62,https://a.espncdn.com/i/teamlogos/ncaa/500/24.png,https://a.espncdn.com/i/teamlogos/ncaa/500/264.png,99,22,2,7,,,FALSE,1,,STATUS_FINAL,2,TRUE,99,"[{'abbreviation': 'Game', 'name': 'overall', 'summary': '10-2', 'type': 'total'}
 {'abbreviation': None, 'name': 'Home', 'summary': '7-1', 'type': 'home'}
 {'abbreviation': None, 'name': 'Road', 'summary': '2-0', 'type': 'road'}
 {'abbreviation': None, 'name': 'vs. Conf.', 'summary': '1-0', 'type': 'vsconf'}]",7,FALSE,22,"[{'abbreviation': 'Game', 'name': 'overall', 'summary': '9-2', 'type': 'total'}
 {'abbreviation': None, 'name': 'Home', 'summary': '8-0', 'type': 'home'}
 {'abbreviation': None, 'name': 'Road', 'summary': '1-2', 'type': 'road'}
 {'abbreviation': None, 'name': 'vs. Conf.', 'summary': '0-1', 'type': 'vsconf'}]",,,STAN,WASH,8c1515,33006f,ffffff,e8d3a2,STAN,8c1515,ffffff,WASH,33006f,e8d3a2,https://raw.githubusercontent.com/sportsdataverse/wehoop-wbb-raw/main/wbb/json/final/401819613.json,2025-12-20T03:00Z,TRUE,,
401822145,2025-12-20T00:00Z,Georgia,VCU,Neutral,W,72,53,https://a.espncdn.com/i/teamlogos/ncaa/500/61.png,https://a.espncdn.com/i/teamlogos/ncaa/500/2670.png,99,99,23,3,,,FALSE,6,4 Tha Culture Holiday Classic,STATUS_FINAL,23,TRUE,99,"[{'abbreviation': 'Game', 'name': 'overall', 'summary': '12-0', 'type': 'total'}
 {'abbreviation': None, 'name': 'Home', 'summary': '7-0', 'type': 'home'}
 {'abbreviation': None, 'name': 'Road', 'summary': '2-0', 'type': 'road'}
 {'abbreviation': None, 'name': 'vs. Conf.', 'summary': '0-0', 'type': 'vsconf'}]",3,FALSE,99,"[{'abbreviation': 'Game', 'name': 'overall', 'summary': '4-8', 'type': 'total'}
 {'abbreviation': None, 'name': 'Home', 'summary': '4-0', 'type': 'home'}
 {'abbreviation': None, 'name': 'Road', 'summary': '0-3', 'type': 'road'}
 {'abbreviation': None, 'name': 'vs. Conf.', 'summary': '0-1', 'type': 'vsconf'}]",,,UGA,VCU,ba0c2f,ffaf00,2c2a29,0,UGA,ba0c2f,2c2a29,VCU,ffaf00,0,https://raw.githubusercontent.com/sportsdataverse/wehoop-wbb-raw/main/wbb/json/final/401822145.json,2025-12-20T00:00Z,TRUE,,
401825607,2025-12-20T00:00Z,Villanova,Seton Hall,Home,W,72,55,https://a.espncdn.com/i/teamlogos/ncaa/500/222.png,https://a.espncdn.com/i/teamlogos/ncaa/500/2550.png,99,99,4,4,,,TRUE,1,,STATUS_FINAL,4,TRUE,99,"[{'abbreviation': 'Game', 'name': 'overall', 'summary': '9-2', 'type': 'total'}
 {'abbreviation': None, 'name': 'Home', 'summary': '4-2', 'type': 'home'}
 {'abbreviation': None, 'name': 'Road', 'summary': '4-0', 'type': 'road'}
 {'abbreviation': None, 'name': 'vs. Conf.', 'summary': '2-0', 'type': 'vsconf'}]",4,FALSE,99,"[{'abbreviation': 'Game', 'name': 'overall', 'summary': '7-4', 'type': 'total'}
 {'abbreviation': None, 'name': 'Home', 'summary': '5-1', 'type': 'home'}
 {'abbreviation': None, 'name': 'Road', 'summary': '2-3', 'type': 'road'}
 {'abbreviation': None, 'name': 'vs. Conf.', 'summary': '1-1', 'type': 'vsconf'}]",4,Big East,VILL,HALL,00205b,0857B1,13b5ea,8a8d8f,VILL,00205b,13b5ea,HALL,0857B1,8a8d8f,https://raw.githubusercontent.com/sportsdataverse/wehoop-wbb-raw/main/wbb/json/final/401825607.json,2025-12-20T00:00Z,TRUE,,
401818624,2025-12-20T00:00Z,Illinois,Jackson State,Home,W,86,43,https://a.espncdn.com/i/teamlogos/ncaa/500/356.png,https://a.espncdn.com/i/teamlogos/ncaa/500/2296.png,99,99,7,26,,,FALSE,1,,STATUS_FINAL,7,TRUE,99,"[{'abbreviation': 'Game', 'name': 'overall', 'summary': '11-1', 'type': 'total'}
 {'abbreviation': None, 'name': 'Home', 'summary': '9-0', 'type': 'home'}
 {'abbreviation': None, 'name': 'Road', 'summary': '2-1', 'type': 'road'}
 {'abbreviation': None, 'name': 'vs. Conf.', 'summary': '1-0', 'type': 'vsconf'}]",26,FALSE,99,"[{'abbreviation': 'Game', 'name': 'overall', 'summary': '2-8', 'type': 'total'}
 {'abbreviation': None, 'name': 'Home', 'summary': '1-3', 'type': 'home'}
 {'abbreviation': None, 'name': 'Road', 'summary': '0-5', 'type': 'road'}
 {'abbreviation': None, 'name': 'vs. Conf.', 'summary': '0-0', 'type': 'vsconf'}]",,,ILL,JKST,ff5f05,123297,13294b,b5b7ba,ILL,ff5f05,13294b,JKST,123297,b5b7ba,https://raw.githubusercontent.com/sportsdataverse/wehoop-wbb-raw/main/wbb/json/final/401818624.json,2025-12-20T00:00Z,TRUE,,
401818586,2025-12-19T23:30Z,Kentucky,Wright State,Home,W,96,53,https://a.espncdn.com/i/teamlogos/ncaa/500/96.png,https://a.espncdn.com/i/teamlogos/ncaa/500/2750.png,12,99,23,45,,,FALSE,1,,STATUS_FINAL,23,TRUE,12,"[{'abbreviation': 'Game', 'name': 'overall', 'summary': '12-1', 'type': 'total'}
 {'abbreviation': None, 'name': 'Home', 'summary': '6-0', 'type': 'home'}
 {'abbreviation': None, 'name': 'Road', 'summary': '5-0', 'type': 'road'}
 {'abbreviation': None, 'name': 'vs. Conf.', 'summary': '0-0', 'type': 'vsconf'}]",45,FALSE,99,"[{'abbreviation': 'Game', 'name': 'overall', 'summary': '5-9', 'type': 'total'}
 {'abbreviation': None, 'name': 'Home', 'summary': '4-1', 'type': 'home'}
 {'abbreviation': None, 'name': 'Road', 'summary': '1-7', 'type': 'road'}
 {'abbreviation': None, 'name': 'vs. Conf.', 'summary': '1-2', 'type': 'vsconf'}]",,,UK,WRST,0033a0,cba052,ffffff,cba052,UK,0033a0,ffffff,WRST,cba052,cba052,https://raw.githubusercontent.com/sportsdataverse/wehoop-wbb-raw/main/wbb/json/final/401818586.json,2025-12-19T23:30Z,TRUE,,
401819763,2025-12-19T23:00Z,Fairfield,Rider,Away,W,84,58,https://a.espncdn.com/i/teamlogos/ncaa/500/2217.png,https://a.espncdn.com/i/teamlogos/ncaa/500/2520.png,99,99,13,13,,,TRUE,1,,STATUS_FINAL,13,FALSE,99,"[{'abbreviation': 'Game', 'name': 'overall', 'summary': '2-8', 'type': 'total'}
 {'abbreviation': None, 'name': 'Home', 'summary': '1-3', 'type': 'home'}
 {'abbreviation': None, 'name': 'Road', 'summary': '1-5', 'type': 'road'}
 {'abbreviation': None, 'name': 'vs. Conf.', 'summary': '0-1', 'type': 'vsconf'}]",13,TRUE,99,"[{'abbreviation': 'Game', 'name': 'overall', 'summary': '7-3', 'type': 'total'}
 {'abbreviation': None, 'name': 'Home', 'summary': '3-0', 'type': 'home'}
 {'abbreviation': None, 'name': 'Road', 'summary': '3-2', 'type': 'road'}
 {'abbreviation': None, 'name': 'vs. Conf.', 'summary': '1-0', 'type': 'vsconf'}]",13,MAAC,FAIR,RID,0,a80532,ebebeb,ebebeb,RID,a80532,ebebeb,FAIR,0,ebebeb,https://raw.githubusercontent.com/sportsdataverse/wehoop-wbb-raw/main/wbb/json/final/401819763.json,2025-12-19T23:00Z,TRUE,,
401818645,2025-12-19T16:00Z,Maryland,Central Connecticut,Home,W,98,30,https://a.espncdn.com/i/teamlogos/ncaa/500/120.png,https://a.espncdn.com/i/teamlogos/ncaa/500/2115.png,7,99,7,19,,,FALSE,1,,STATUS_FINAL,7,TRUE,7,"[{'abbreviation': 'Game', 'name': 'overall', 'summary': '13-0', 'type': 'total'}
 {'abbreviation': None, 'name': 'Home', 'summary': '10-0', 'type': 'home'}
 {'abbreviation': None, 'name': 'Road', 'summary': '1-0', 'type': 'road'}
 {'abbreviation': None, 'name': 'vs. Conf.', 'summary': '1-0', 'type': 'vsconf'}]",19,FALSE,99,"[{'abbreviation': 'Game', 'name': 'overall', 'summary': '0-11', 'type': 'total'}
 {'abbreviation': None, 'name': 'Home', 'summary': '0-4', 'type': 'home'}
 {'abbreviation': None, 'name': 'Road', 'summary': '0-7', 'type': 'road'}
 {'abbreviation': None, 'name': 'vs. Conf.', 'summary': '0-0', 'type': 'vsconf'}]",,,MD,CCSU,ce1126,1B49A2,ffffff,d1d5d8,MD,ce1126,ffffff,CCSU,1B49A2,d1d5d8,https://raw.githubusercontent.com/sportsdataverse/wehoop-wbb-raw/main/wbb/json/final/401818645.json,2025-12-19T16:00Z,TRUE,,
401825008,2025-12-19T16:00Z,Rhode Island,Wagner,Home,W,72,36,https://a.espncdn.com/i/teamlogos/ncaa/500/227.png,https://a.espncdn.com/i/teamlogos/ncaa/500/2681.png,99,99,3,19,,,FALSE,1,,STATUS_FINAL,3,TRUE,99,"[{'abbreviation': 'Game', 'name': 'overall', 'summary': '10-2', 'type': 'total'}
 {'abbreviation': None, 'name': 'Home', 'summary': '5-1', 'type': 'home'}
 {'abbreviation': None, 'name': 'Road', 'summary': '5-1', 'type': 'road'}
 {'abbreviation': None, 'name': 'vs. Conf.', 'summary': '1-0', 'type': 'vsconf'}]",19,FALSE,99,"[{'abbreviation': 'Game', 'name': 'overall', 'summary': '3-7', 'type': 'total'}
 {'abbreviation': None, 'name': 'Home', 'summary': '2-2', 'type': 'home'}
 {'abbreviation': None, 'name': 'Road', 'summary': '1-5', 'type': 'road'}
 {'abbreviation': None, 'name': 'vs. Conf.', 'summary': '0-0', 'type': 'vsconf'}]",,,URI,WAG,091f3f,00483A,5ab3e8,ffffff,URI,091f3f,5ab3e8,WAG,00483A,ffffff,https://raw.githubusercontent.com/sportsdataverse/wehoop-wbb-raw/main/wbb/json/final/401825008.json,2025-12-19T16:00Z,TRUE,,
401823667,2025-12-19T15:30Z,Syracuse,Mercyhurst,Home,W,106,40,https://a.espncdn.com/i/teamlogos/ncaa/500/183.png,https://a.espncdn.com/i/teamlogos/ncaa/500/2385.png,99,99,2,19,,,FALSE,1,,STATUS_FINAL,2,TRUE,99,"[{'abbreviation': 'Game', 'name': 'overall', 'summary': '11-1', 'type': 'total'}
 {'abbreviation': None, 'name': 'Home', 'summary': '9-0', 'type': 'home'}
 {'abbreviation': None, 'name': 'Road', 'summary': '1-0', 'type': 'road'}
 {'abbreviation': None, 'name': 'vs. Conf.', 'summary': '1-0', 'type': 'vsconf'}]",19,FALSE,99,"[{'abbreviation': 'Game', 'name': 'overall', 'summary': '0-11', 'type': 'total'}
 {'abbreviation': None, 'name': 'Home', 'summary': '0-4', 'type': 'home'}
 {'abbreviation': None, 'name': 'Road', 'summary': '0-7', 'type': 'road'}
 {'abbreviation': None, 'name': 'vs. Conf.', 'summary': '0-0', 'type': 'vsconf'}]",,,SYR,MERC,0.00E+00,0,ff431b,,SYR,0.00E+00,ff431b,MERC,0,,https://raw.githubusercontent.com/sportsdataverse/wehoop-wbb-raw/main/wbb/json/final/401823667.json,2025-12-19T15:30Z,TRUE,,
401826675,2025-12-19T03:00Z,USC,Cal Poly,Home,W,86,39,https://a.espncdn.com/i/teamlogos/ncaa/500/30.png,https://a.espncdn.com/i/teamlogos/ncaa/500/13.png,19,99,7,9,,,FALSE,1,,STATUS_FINAL,7,TRUE,19,"[{'abbreviation': 'Game', 'name': 'overall', 'summary': '8-3', 'type': 'total'}
 {'abbreviation': None, 'name': 'Home', 'summary': '7-1', 'type': 'home'}
 {'abbreviation': None, 'name': 'Road', 'summary': '0-1', 'type': 'road'}
 {'abbreviation': None, 'name': 'vs. Conf.', 'summary': '1-0', 'type': 'vsconf'}]",9,FALSE,99,"[{'abbreviation': 'Game', 'name': 'overall', 'summary': '2-9', 'type': 'total'}
 {'abbreviation': None, 'name': 'Home', 'summary': '2-3', 'type': 'home'}
 {'abbreviation': None, 'name': 'Road', 'summary': '0-6', 'type': 'road'}
 {'abbreviation': None, 'name': 'vs. Conf.', 'summary': '0-2', 'type': 'vsconf'}]",,,USC,CP,9d2235,1E4D2B,ffc72c,eed897,USC,9d2235,ffc72c,CP,1E4D2B,eed897,https://raw.githubusercontent.com/sportsdataverse/wehoop-wbb-raw/main/wbb/json/final/401826675.json,2025-12-19T03:00Z,TRUE,,
401824187,2025-12-19T01:00Z,Baylor,Southern,Home,W,77,60,https://a.espncdn.com/i/teamlogos/ncaa/500/239.png,https://a.espncdn.com/i/teamlogos/ncaa/500/2582.png,15,99,8,26,,,FALSE,1,,STATUS_FINAL,8,TRUE,15,"[{'abbreviation': 'Game', 'name': 'overall', 'summary': '11-2', 'type': 'total'}
 {'abbreviation': None, 'name': 'Home', 'summary': '8-0', 'type': 'home'}
 {'abbreviation': None, 'name': 'Road', 'summary': '1-0', 'type': 'road'}
 {'abbreviation': None, 'name': 'vs. Conf.', 'summary': '0-0', 'type': 'vsconf'}]",26,FALSE,99,"[{'abbreviation': 'Game', 'name': 'overall', 'summary': '4-6', 'type': 'total'}
 {'abbreviation': None, 'name': 'Home', 'summary': '2-0', 'type': 'home'}
 {'abbreviation': None, 'name': 'Road', 'summary': '2-6', 'type': 'road'}
 {'abbreviation': None, 'name': 'vs. Conf.', 'summary': '0-0', 'type': 'vsconf'}]",,,BAY,SOU,154734,004B97,ffb81c,ffc82d,BAY,154734,ffb81c,SOU,004B97,ffc82d,https://raw.githubusercontent.com/sportsdataverse/wehoop-wbb-raw/main/wbb/json/final/401824187.json,2025-12-19T01:00Z,TRUE,,
401818613,2025-12-19T00:30Z,Vanderbilt,UAlbany,Home,W,64,35,https://a.espncdn.com/i/teamlogos/ncaa/500/238.png,https://a.espncdn.com/i/teamlogos/ncaa/500/399.png,13,99,23,1,,,FALSE,1,,STATUS_FINAL,23,TRUE,13,"[{'abbreviation': 'Game', 'name': 'overall', 'summary': '11-0', 'type': 'total'}
 {'abbreviation': None, 'name': 'Home', 'summary': '6-0', 'type': 'home'}
 {'abbreviation': None, 'name': 'Road', 'summary': '2-0', 'type': 'road'}
 {'abbreviation': None, 'name': 'vs. Conf.', 'summary': '0-0', 'type': 'vsconf'}]",1,FALSE,99,"[{'abbreviation': 'Game', 'name': 'overall', 'summary': '9-3', 'type': 'total'}
 {'abbreviation': None, 'name': 'Home', 'summary': '5-0', 'type': 'home'}
 {'abbreviation': None, 'name': 'Road', 'summary': '4-3', 'type': 'road'}
 {'abbreviation': None, 'name': 'vs. Conf.', 'summary': '0-0', 'type': 'vsconf'}]",,,VAN,UALB,0,3D2777,cfae70,ffffff,VAN,0,cfae70,UALB,3D2777,ffffff,https://raw.githubusercontent.com/sportsdataverse/wehoop-wbb-raw/main/wbb/json/final/401818613.json,2025-12-19T00:30Z,TRUE,,
401817562,2025-12-19T00:00Z,Duke,South Dakota State,Home,W,97,54,https://a.espncdn.com/i/teamlogos/ncaa/500/150.png,https://a.espncdn.com/i/teamlogos/ncaa/500/2571.png,99,99,2,47,,,FALSE,1,,STATUS_FINAL,2,TRUE,99,"[{'abbreviation': 'Game', 'name': 'overall', 'summary': '5-6', 'type': 'total'}
 {'abbreviation': None, 'name': 'Home', 'summary': '3-1', 'type': 'home'}
 {'abbreviation': None, 'name': 'Road', 'summary': '2-1', 'type': 'road'}
 {'abbreviation': None, 'name': 'vs. Conf.', 'summary': '1-0', 'type': 'vsconf'}]",47,FALSE,99,"[{'abbreviation': 'Game', 'name': 'overall', 'summary': '10-3', 'type': 'total'}
 {'abbreviation': None, 'name': 'Home', 'summary': '4-0', 'type': 'home'}
 {'abbreviation': None, 'name': 'Road', 'summary': '3-1', 'type': 'road'}
 {'abbreviation': None, 'name': 'vs. Conf.', 'summary': '0-0', 'type': 'vsconf'}]",,,DUKE,SDST,00539b,0033a0,ffffff,ffd100,DUKE,00539b,ffffff,SDST,0033a0,ffd100,https://raw.githubusercontent.com/sportsdataverse/wehoop-wbb-raw/main/wbb/json/final/401817562.json,2025-12-19T00:00Z,TRUE,,
401819561,2025-12-19T00:00Z,NC State,Georgia Tech,Home,W,87,58,https://a.espncdn.com/i/teamlogos/ncaa/500/152.png,https://a.espncdn.com/i/teamlogos/ncaa/500/59.png,99,99,2,2,,,TRUE,1,,STATUS_FINAL,2,TRUE,99,"[{'abbreviation': 'Game', 'name': 'overall', 'summary': '8-4', 'type': 'total'}
 {'abbreviation': None, 'name': 'Home', 'summary': '4-2', 'type': 'home'}
 {'abbreviation': None, 'name': 'Road', 'summary': '1-1', 'type': 'road'}
 {'abbreviation': None, 'name': 'vs. Conf.', 'summary': '2-0', 'type': 'vsconf'}]",2,FALSE,99,"[{'abbreviation': 'Game', 'name': 'overall', 'summary': '4-9', 'type': 'total'}
 {'abbreviation': None, 'name': 'Home', 'summary': '4-2', 'type': 'home'}
 {'abbreviation': None, 'name': 'Road', 'summary': '0-5', 'type': 'road'}
 {'abbreviation': None, 'name': 'vs. Conf.', 'summary': '0-2', 'type': 'vsconf'}]",2,ACC,NCSU,GT,cc0000,b3a369,ffffff,ffffff,NCSU,cc0000,ffffff,GT,b3a369,ffffff,https://raw.githubusercontent.com/sportsdataverse/wehoop-wbb-raw/main/wbb/json/final/401819561.json,2025-12-19T00:00Z,TRUE,,
401811132,2025-12-19T00:00Z,South Carolina,South Florida,Away,W,103,44,https://a.espncdn.com/i/teamlogos/ncaa/500/2579.png,https://a.espncdn.com/i/teamlogos/ncaa/500/58.png,3,99,23,62,,,FALSE,1,,STATUS_FINAL,62,FALSE,99,"[{'abbreviation': 'Game', 'name': 'overall', 'summary': '6-6', 'type': 'total'}
 {'abbreviation': None, 'name': 'Home', 'summary': '5-2', 'type': 'home'}
 {'abbreviation': None, 'name': 'Road', 'summary': '0-1', 'type': 'road'}
 {'abbreviation': None, 'name': 'vs. Conf.', 'summary': '0-0', 'type': 'vsconf'}]",23,TRUE,3,"[{'abbreviation': 'Game', 'name': 'overall', 'summary': '11-1', 'type': 'total'}
 {'abbreviation': None, 'name': 'Home', 'summary': '7-0', 'type': 'home'}
 {'abbreviation': None, 'name': 'Road', 'summary': '2-0', 'type': 'road'}
 {'abbreviation': None, 'name': 'vs. Conf.', 'summary': '0-0', 'type': 'vsconf'}]",,,SC,USF,73000a,6747,0,cfc493,USF,6747,cfc493,SC,73000a,0,https://raw.githubusercontent.com/sportsdataverse/wehoop-wbb-raw/main/wbb/json/final/401811132.json,2025-12-19T00:00Z,TRUE,,
401818671,2025-12-18T23:30Z,Ohio State,Norfolk State,Home,W,79,45,https://a.espncdn.com/i/teamlogos/ncaa/500/194.png,https://a.espncdn.com/i/teamlogos/ncaa/500/2450.png,21,99,7,16,,,FALSE,1,,STATUS_FINAL,7,TRUE,21,"[{'abbreviation': 'Game', 'name': 'overall', 'summary': '10-1', 'type': 'total'}
 {'abbreviation': None, 'name': 'Home', 'summary': '7-0', 'type': 'home'}
 {'abbreviation': None, 'name': 'Road', 'summary': '1-1', 'type': 'road'}
 {'abbreviation': None, 'name': 'vs. Conf.', 'summary': '1-0', 'type': 'vsconf'}]",16,FALSE,99,"[{'abbreviation': 'Game', 'name': 'overall', 'summary': '5-9', 'type': 'total'}
 {'abbreviation': None, 'name': 'Home', 'summary': '4-1', 'type': 'home'}
 {'abbreviation': None, 'name': 'Road', 'summary': '1-8', 'type': 'road'}
 {'abbreviation': None, 'name': 'vs. Conf.', 'summary': '0-0', 'type': 'vsconf'}]",,,OSU,NORF,ba0c2f,0c8968,a8adb4,fdb813,OSU,ba0c2f,a8adb4,NORF,0c8968,fdb813,https://raw.githubusercontent.com/sportsdataverse/wehoop-wbb-raw/main/wbb/json/final/401818671.json,2025-12-18T23:30Z,TRUE,,
401819637,2025-12-18T23:00Z,Virginia Tech,Florida State,Away,W,79,54,https://a.espncdn.com/i/teamlogos/ncaa/500/259.png,https://a.espncdn.com/i/teamlogos/ncaa/500/52.png,99,99,2,2,,,TRUE,1,,STATUS_FINAL,2,FALSE,99,"[{'abbreviation': 'Game', 'name': 'overall', 'summary': '4-9', 'type': 'total'}
 {'abbreviation': None, 'name': 'Home', 'summary': '3-6', 'type': 'home'}
 {'abbreviation': None, 'name': 'Road', 'summary': '0-2', 'type': 'road'}
 {'abbreviation': None, 'name': 'vs. Conf.', 'summary': '0-2', 'type': 'vsconf'}]",2,TRUE,99,"[{'abbreviation': 'Game', 'name': 'overall', 'summary': '10-3', 'type': 'total'}
 {'abbreviation': None, 'name': 'Home', 'summary': '8-1', 'type': 'home'}
 {'abbreviation': None, 'name': 'Road', 'summary': '1-1', 'type': 'road'}
 {'abbreviation': None, 'name': 'vs. Conf.', 'summary': '1-1', 'type': 'vsconf'}]",2,ACC,VT,FSU,6a2c3e,782f40,cf4520,ceb888,FSU,782f40,ceb888,VT,6a2c3e,cf4520,https://raw.githubusercontent.com/sportsdataverse/wehoop-wbb-raw/main/wbb/json/final/401819637.json,2025-12-18T23:00Z,TRUE,,
401818685,2025-12-18T19:00Z,Oregon,Portland,Home,W,85,59,https://a.espncdn.com/i/teamlogos/ncaa/500/2483.png,https://a.espncdn.com/i/teamlogos/ncaa/500/2501.png,99,99,7,29,,,FALSE,1,,STATUS_FINAL,7,TRUE,99,"[{'abbreviation': 'Game', 'name': 'overall', 'summary': '12-1', 'type': 'total'}
 {'abbreviation': None, 'name': 'Home', 'summary': '8-0', 'type': 'home'}
 {'abbreviation': None, 'name': 'Road', 'summary': '2-1', 'type': 'road'}
 {'abbreviation': None, 'name': 'vs. Conf.', 'summary': '0-1', 'type': 'vsconf'}]",29,FALSE,99,"[{'abbreviation': 'Game', 'name': 'overall', 'summary': '5-6', 'type': 'total'}
 {'abbreviation': None, 'name': 'Home', 'summary': '4-2', 'type': 'home'}
 {'abbreviation': None, 'name': 'Road', 'summary': '1-3', 'type': 'road'}
 {'abbreviation': None, 'name': 'vs. Conf.', 'summary': '0-0', 'type': 'vsconf'}]",,,ORE,PORT,00934b,330072,fff41b,a8b3ba,ORE,00934b,fff41b,PORT,330072,a8b3ba,https://raw.githubusercontent.com/sportsdataverse/wehoop-wbb-raw/main/wbb/json/final/401818685.json,2025-12-18T19:00Z,TRUE,,
401818604,2025-12-18T02:00Z,Texas,Northwestern State,Home,W,96,38,https://a.espncdn.com/i/teamlogos/ncaa/500/251.png,https://a.espncdn.com/i/teamlogos/ncaa/500/2466.png,2,99,23,25,,,FALSE,1,,STATUS_FINAL,23,TRUE,2,"[{'abbreviation': 'Game', 'name': 'overall', 'summary': '13-0', 'type': 'total'}
 {'abbreviation': None, 'name': 'Home', 'summary': '9-0', 'type': 'home'}
 {'abbreviation': None, 'name': 'Road', 'summary': '1-0', 'type': 'road'}
 {'abbreviation': None, 'name': 'vs. Conf.', 'summary': '0-0', 'type': 'vsconf'}]",25,FALSE,99,"[{'abbreviation': 'Game', 'name': 'overall', 'summary': '5-5', 'type': 'total'}
 {'abbreviation': None, 'name': 'Home', 'summary': '2-0', 'type': 'home'}
 {'abbreviation': None, 'name': 'Road', 'summary': '3-3', 'type': 'road'}
 {'abbreviation': None, 'name': 'vs. Conf.', 'summary': '2-0', 'type': 'vsconf'}]",,,TEX,NWST,af5c37,492F91,ffffff,ed6118,TEX,af5c37,ffffff,NWST,492F91,ed6118,https://raw.githubusercontent.com/sportsdataverse/wehoop-wbb-raw/main/wbb/json/final/401818604.json,2025-12-18T02:00Z,TRUE,,
401807522,2025-12-18T01:00Z,UNC,UNC Wilmington,Home,W,84,34,https://a.espncdn.com/i/teamlogos/ncaa/500/153.png,https://a.espncdn.com/i/teamlogos/ncaa/500/350.png,18,99,2,10,,,FALSE,1,,STATUS_FINAL,2,TRUE,18,"[{'abbreviation': 'Game', 'name': 'overall', 'summary': '10-3', 'type': 'total'}
 {'abbreviation': None, 'name': 'Home', 'summary': '5-1', 'type': 'home'}
 {'abbreviation': None, 'name': 'Road', 'summary': '1-1', 'type': 'road'}
 {'abbreviation': None, 'name': 'vs. Conf.', 'summary': '0-1', 'type': 'vsconf'}]",10,FALSE,99,"[{'abbreviation': 'Game', 'name': 'overall', 'summary': '3-6', 'type': 'total'}
 {'abbreviation': None, 'name': 'Home', 'summary': '2-1', 'type': 'home'}
 {'abbreviation': None, 'name': 'Road', 'summary': '1-5', 'type': 'road'}
 {'abbreviation': None, 'name': 'vs. Conf.', 'summary': '0-0', 'type': 'vsconf'}]",,,UNC,UNCW,7bafd4,00665e,13294b,ffda00,UNC,7bafd4,13294b,UNCW,00665e,ffda00,https://raw.githubusercontent.com/sportsdataverse/wehoop-wbb-raw/main/wbb/json/final/401807522.json,2025-12-18T01:00Z,TRUE,,
401822280,2025-12-18T00:30Z,Mississippi State,Alabama State,Home,W,105,57,https://a.espncdn.com/i/teamlogos/ncaa/500/344.png,https://a.espncdn.com/i/teamlogos/ncaa/500/2011.png,99,99,23,26,,,FALSE,1,,STATUS_FINAL,23,TRUE,99,"[{'abbreviation': 'Game', 'name': 'overall', 'summary': '11-1', 'type': 'total'}
 {'abbreviation': None, 'name': 'Home', 'summary': '10-0', 'type': 'home'}
 {'abbreviation': None, 'name': 'Road', 'summary': '0-1', 'type': 'road'}
 {'abbreviation': None, 'name': 'vs. Conf.', 'summary': '0-0', 'type': 'vsconf'}]",26,FALSE,99,"[{'abbreviation': 'Game', 'name': 'overall', 'summary': '3-7', 'type': 'total'}
 {'abbreviation': None, 'name': 'Home', 'summary': '3-1', 'type': 'home'}
 {'abbreviation': None, 'name': 'Road', 'summary': '0-6', 'type': 'road'}
 {'abbreviation': None, 'name': 'vs. Conf.', 'summary': '0-0', 'type': 'vsconf'}]",,,MSST,ALST,5d1725,e9a900,c1c6c8,0a0a0a,MSST,5d1725,c1c6c8,ALST,e9a900,0a0a0a,https://raw.githubusercontent.com/sportsdataverse/wehoop-wbb-raw/main/wbb/json/final/401822280.json,2025-12-18T00:30Z,TRUE,,
401825606,2025-12-18T00:00Z,UConn,Marquette,Home,W,89,53,https://a.espncdn.com/i/teamlogos/ncaa/500/41.png,https://a.espncdn.com/i/teamlogos/ncaa/500/269.png,1,99,4,4,,,TRUE,1,,STATUS_FINAL,4,TRUE,1,"[{'abbreviation': 'Game', 'name': 'overall', 'summary': '11-0', 'type': 'total'}
 {'abbreviation': None, 'name': 'Home', 'summary': '5-0', 'type': 'home'}
 {'abbreviation': None, 'name': 'Road', 'summary': '3-0', 'type': 'road'}
 {'abbreviation': None, 'name': 'vs. Conf.', 'summary': '3-0', 'type': 'vsconf'}]",4,FALSE,99,"[{'abbreviation': 'Game', 'name': 'overall', 'summary': '7-4', 'type': 'total'}
 {'abbreviation': None, 'name': 'Home', 'summary': '5-0', 'type': 'home'}
 {'abbreviation': None, 'name': 'Road', 'summary': '2-2', 'type': 'road'}
 {'abbreviation': None, 'name': 'vs. Conf.', 'summary': '2-1', 'type': 'vsconf'}]",4,Big East,CONN,MARQ,0c2340,3366,a2aaad,ffcc00,CONN,0c2340,a2aaad,MARQ,3366,ffcc00,https://raw.githubusercontent.com/sportsdataverse/wehoop-wbb-raw/main/wbb/json/final/401825606.json,2025-12-18T00:00Z,TRUE,,
401817571,2025-12-17T23:00Z,Louisville,Eastern Kentucky,Home,W,76,51,https://a.espncdn.com/i/teamlogos/ncaa/500/97.png,https://a.espncdn.com/i/teamlogos/ncaa/500/2198.png,16,99,2,46,,,FALSE,1,,STATUS_FINAL,2,TRUE,16,"[{'abbreviation': 'Game', 'name': 'overall', 'summary': '11-3', 'type': 'total'}
 {'abbreviation': None, 'name': 'Home', 'summary': '8-2', 'type': 'home'}
 {'abbreviation': None, 'name': 'Road', 'summary': '2-0', 'type': 'road'}
 {'abbreviation': None, 'name': 'vs. Conf.', 'summary': '2-0', 'type': 'vsconf'}]",46,FALSE,99,"[{'abbreviation': 'Game', 'name': 'overall', 'summary': '7-4', 'type': 'total'}
 {'abbreviation': None, 'name': 'Home', 'summary': '5-2', 'type': 'home'}
 {'abbreviation': None, 'name': 'Road', 'summary': '2-2', 'type': 'road'}
 {'abbreviation': None, 'name': 'vs. Conf.', 'summary': '0-0', 'type': 'vsconf'}]",,,LOU,EKU,c9001f,660819,ffffff,f0f0f0,LOU,c9001f,ffffff,EKU,660819,f0f0f0,https://raw.githubusercontent.com/sportsdataverse/wehoop-wbb-raw/main/wbb/json/final/401817571.json,2025-12-17T23:00Z,TRUE,,
401808766,2025-12-17T23:00Z,James Madison,Coastal Carolina,Away,W,71,68,https://a.espncdn.com/i/teamlogos/ncaa/500/256.png,https://a.espncdn.com/i/teamlogos/ncaa/500/324.png,99,99,27,27,,,TRUE,1,,STATUS_FINAL,27,FALSE,99,"[{'abbreviation': 'Game', 'name': 'overall', 'summary': '6-6', 'type': 'total'}
 {'abbreviation': None, 'name': 'Home', 'summary': '5-2', 'type': 'home'}
 {'abbreviation': None, 'name': 'Road', 'summary': '1-4', 'type': 'road'}
 {'abbreviation': None, 'name': 'vs. Conf.', 'summary': '0-1', 'type': 'vsconf'}]",27,TRUE,99,"[{'abbreviation': 'Game', 'name': 'overall', 'summary': '9-4', 'type': 'total'}
 {'abbreviation': None, 'name': 'Home', 'summary': '5-3', 'type': 'home'}
 {'abbreviation': None, 'name': 'Road', 'summary': '2-1', 'type': 'road'}
 {'abbreviation': None, 'name': 'vs. Conf.', 'summary': '1-0', 'type': 'vsconf'}]",27,Sun Belt,JMU,CCU,450084,006f71,cbb677,a27752,CCU,006f71,a27752,JMU,450084,cbb677,https://raw.githubusercontent.com/sportsdataverse/wehoop-wbb-raw/main/wbb/json/final/401808766.json,2025-12-17T23:00Z,TRUE,,
401813270,2025-12-17T22:00Z,Alabama,Tulane,Home,W,81,52,https://a.espncdn.com/i/teamlogos/ncaa/500/333.png,https://a.espncdn.com/i/teamlogos/ncaa/500/2655.png,99,99,23,62,,,FALSE,1,,STATUS_FINAL,23,TRUE,99,"[{'abbreviation': 'Game', 'name': 'overall', 'summary': '13-0', 'type': 'total'}
 {'abbreviation': None, 'name': 'Home', 'summary': '11-0', 'type': 'home'}
 {'abbreviation': None, 'name': 'Road', 'summary': '0-0', 'type': 'road'}
 {'abbreviation': None, 'name': 'vs. Conf.', 'summary': '0-0', 'type': 'vsconf'}]",62,FALSE,99,"[{'abbreviation': 'Game', 'name': 'overall', 'summary': '4-6', 'type': 'total'}
 {'abbreviation': None, 'name': 'Home', 'summary': '3-3', 'type': 'home'}
 {'abbreviation': None, 'name': 'Road', 'summary': '0-2', 'type': 'road'}
 {'abbreviation': None, 'name': 'vs. Conf.', 'summary': '0-0', 'type': 'vsconf'}]",,,ALA,TULN,9e1b32,6747,ffffff,418fde,ALA,9e1b32,ffffff,TULN,6747,418fde,https://raw.githubusercontent.com/sportsdataverse/wehoop-wbb-raw/main/wbb/json/final/401813270.json,2025-12-17T22:00Z,TRUE,,
401827922,2025-12-17T22:00Z,Ole Miss,Mississippi Valley State,Home,W,102,34,https://a.espncdn.com/i/teamlogos/ncaa/500/145.png,https://a.espncdn.com/i/teamlogos/ncaa/500/2400.png,14,99,23,26,,,FALSE,1,,STATUS_FINAL,23,TRUE,14,"[{'abbreviation': 'Game', 'name': 'overall', 'summary': '11-1', 'type': 'total'}
 {'abbreviation': None, 'name': 'Home', 'summary': '7-0', 'type': 'home'}
 {'abbreviation': None, 'name': 'Road', 'summary': '2-0', 'type': 'road'}
 {'abbreviation': None, 'name': 'vs. Conf.', 'summary': '0-0', 'type': 'vsconf'}]",26,FALSE,99,"[{'abbreviation': 'Game', 'name': 'overall', 'summary': '1-9', 'type': 'total'}
 {'abbreviation': None, 'name': 'Home', 'summary': '1-1', 'type': 'home'}
 {'abbreviation': None, 'name': 'Road', 'summary': '0-8', 'type': 'road'}
 {'abbreviation': None, 'name': 'vs. Conf.', 'summary': '0-0', 'type': 'vsconf'}]",,,MISS,MVSU,13294b,5328,cf142b,cf2d34,MISS,13294b,cf142b,MVSU,5328,cf2d34,https://raw.githubusercontent.com/sportsdataverse/wehoop-wbb-raw/main/wbb/json/final/401827922.json,2025-12-17T22:00Z,TRUE,,
401818523,2025-12-17T20:00Z,Florida,Florida A&M,Home,W,76,51,https://a.espncdn.com/i/teamlogos/ncaa/500/57.png,https://a.espncdn.com/i/teamlogos/ncaa/500/50.png,99,99,23,26,,,FALSE,1,,STATUS_FINAL,23,TRUE,99,"[{'abbreviation': 'Game', 'name': 'overall', 'summary': '11-2', 'type': 'total'}
 {'abbreviation': None, 'name': 'Home', 'summary': '8-0', 'type': 'home'}
 {'abbreviation': None, 'name': 'Road', 'summary': '1-2', 'type': 'road'}
 {'abbreviation': None, 'name': 'vs. Conf.', 'summary': '0-0', 'type': 'vsconf'}]",26,FALSE,99,"[{'abbreviation': 'Game', 'name': 'overall', 'summary': '0-9', 'type': 'total'}
 {'abbreviation': None, 'name': 'Home', 'summary': '0-2', 'type': 'home'}
 {'abbreviation': None, 'name': 'Road', 'summary': '0-7', 'type': 'road'}
 {'abbreviation': None, 'name': 'vs. Conf.', 'summary': '0-0', 'type': 'vsconf'}]",,,FLA,FAMU,0021a5,F89728,fa4616,00843d,FLA,0021a5,fa4616,FAMU,F89728,00843d,https://raw.githubusercontent.com/sportsdataverse/wehoop-wbb-raw/main/wbb/json/final/401818523.json,2025-12-17T20:00Z,TRUE,,
401822207,2025-12-17T17:30Z,Texas Tech,Jacksonville,Home,W,76,40,https://a.espncdn.com/i/teamlogos/ncaa/500/2641.png,https://a.espncdn.com/i/teamlogos/ncaa/500/294.png,99,99,8,46,,,FALSE,1,,STATUS_FINAL,8,TRUE,99,"[{'abbreviation': 'Game', 'name': 'overall', 'summary': '13-0', 'type': 'total'}
 {'abbreviation': None, 'name': 'Home', 'summary': '8-0', 'type': 'home'}
 {'abbreviation': None, 'name': 'Road', 'summary': '2-0', 'type': 'road'}
 {'abbreviation': None, 'name': 'vs. Conf.', 'summary': '0-0', 'type': 'vsconf'}]",46,FALSE,99,"[{'abbreviation': 'Game', 'name': 'overall', 'summary': '7-3', 'type': 'total'}
 {'abbreviation': None, 'name': 'Home', 'summary': '5-0', 'type': 'home'}
 {'abbreviation': None, 'name': 'Road', 'summary': '2-3', 'type': 'road'}
 {'abbreviation': None, 'name': 'vs. Conf.', 'summary': '0-0', 'type': 'vsconf'}]",,,TTU,JAX,da291c,00523e,0,,TTU,da291c,0,JAX,00523e,,https://raw.githubusercontent.com/sportsdataverse/wehoop-wbb-raw/main/wbb/json/final/401822207.json,2025-12-17T17:30Z,TRUE,,
401819585,2025-12-17T16:00Z,Clemson,Charleston Southern,Away,W,78,52,https://a.espncdn.com/i/teamlogos/ncaa/500/228.png,https://a.espncdn.com/i/teamlogos/ncaa/500/2127.png,99,99,2,6,,,FALSE,1,,STATUS_FINAL,6,FALSE,99,"[{'abbreviation': 'Game', 'name': 'overall', 'summary': '2-8', 'type': 'total'}
 {'abbreviation': None, 'name': 'Home', 'summary': '2-3', 'type': 'home'}
 {'abbreviation': None, 'name': 'Road', 'summary': '0-5', 'type': 'road'}
 {'abbreviation': None, 'name': 'vs. Conf.', 'summary': '0-0', 'type': 'vsconf'}]",2,TRUE,99,"[{'abbreviation': 'Game', 'name': 'overall', 'summary': '8-4', 'type': 'total'}
 {'abbreviation': None, 'name': 'Home', 'summary': '4-1', 'type': 'home'}
 {'abbreviation': None, 'name': 'Road', 'summary': '3-2', 'type': 'road'}
 {'abbreviation': None, 'name': 'vs. Conf.', 'summary': '1-1', 'type': 'vsconf'}]",,,CLEM,CHSO,f56600,2e3192,ffffff,ded090,CHSO,2e3192,ded090,CLEM,f56600,ffffff,https://raw.githubusercontent.com/sportsdataverse/wehoop-wbb-raw/main/wbb/json/final/401819585.json,2025-12-17T16:00Z,TRUE,,
401830369,2025-12-17T03:00Z,UCLA,Cal Poly,Home,W,115,28,https://a.espncdn.com/i/teamlogos/ncaa/500/26.png,https://a.espncdn.com/i/teamlogos/ncaa/500/13.png,4,99,7,9,,,FALSE,1,,STATUS_FINAL,7,TRUE,4,"[{'abbreviation': 'Game', 'name': 'overall', 'summary': '10-1', 'type': 'total'}
 {'abbreviation': None, 'name': 'Home', 'summary': '5-0', 'type': 'home'}
 {'abbreviation': None, 'name': 'Road', 'summary': '0-0', 'type': 'road'}
 {'abbreviation': None, 'name': 'vs. Conf.', 'summary': '1-0', 'type': 'vsconf'}]",9,FALSE,99,"[{'abbreviation': 'Game', 'name': 'overall', 'summary': '2-8', 'type': 'total'}
 {'abbreviation': None, 'name': 'Home', 'summary': '2-3', 'type': 'home'}
 {'abbreviation': None, 'name': 'Road', 'summary': '0-5', 'type': 'road'}
 {'abbreviation': None, 'name': 'vs. Conf.', 'summary': '0-2', 'type': 'vsconf'}]",,,UCLA,CP,2774ae,1E4D2B,f2a900,eed897,UCLA,2774ae,f2a900,CP,1E4D2B,eed897,https://raw.githubusercontent.com/sportsdataverse/wehoop-wbb-raw/main/wbb/json/final/401830369.json,2025-12-17T03:00Z,TRUE,,
401825941,2025-12-17T02:00Z,Colorado,Northern Colorado,Home,W,79,62,https://a.espncdn.com/i/teamlogos/ncaa/500/38.png,https://a.espncdn.com/i/teamlogos/ncaa/500/2458.png,99,99,8,5,,,FALSE,1,,STATUS_FINAL,8,TRUE,99,"[{'abbreviation': 'Game', 'name': 'overall', 'summary': '9-3', 'type': 'total'}
 {'abbreviation': None, 'name': 'Home', 'summary': '7-1', 'type': 'home'}
 {'abbreviation': None, 'name': 'Road', 'summary': '0-1', 'type': 'road'}
 {'abbreviation': None, 'name': 'vs. Conf.', 'summary': '0-0', 'type': 'vsconf'}]",5,FALSE,99,"[{'abbreviation': 'Game', 'name': 'overall', 'summary': '8-3', 'type': 'total'}
 {'abbreviation': None, 'name': 'Home', 'summary': '5-1', 'type': 'home'}
 {'abbreviation': None, 'name': 'Road', 'summary': '2-2', 'type': 'road'}
 {'abbreviation': None, 'name': 'vs. Conf.', 'summary': '0-0', 'type': 'vsconf'}]",,,COLO,UNCO,cfb87c,13558D,0,ffc533,COLO,cfb87c,0,UNCO,13558D,ffc533,https://raw.githubusercontent.com/sportsdataverse/wehoop-wbb-raw/main/wbb/json/final/401825941.json,2025-12-17T02:00Z,TRUE,,
401823035,2025-12-17T00:30Z,TCU,Arkansas-Pine Bluff,Home,W,109,54,https://a.espncdn.com/i/teamlogos/ncaa/500/2628.png,https://a.espncdn.com/i/teamlogos/ncaa/500/2029.png,9,99,8,26,,,FALSE,1,,STATUS_FINAL,8,TRUE,9,"[{'abbreviation': 'Game', 'name': 'overall', 'summary': '12-0', 'type': 'total'}
 {'abbreviation': None, 'name': 'Home', 'summary': '9-0', 'type': 'home'}
 {'abbreviation': None, 'name': 'Road', 'summary': '1-0', 'type': 'road'}
 {'abbreviation': None, 'name': 'vs. Conf.', 'summary': '0-0', 'type': 'vsconf'}]",26,FALSE,99,"[{'abbreviation': 'Game', 'name': 'overall', 'summary': '3-6', 'type': 'total'}
 {'abbreviation': None, 'name': 'Home', 'summary': '1-1', 'type': 'home'}
 {'abbreviation': None, 'name': 'Road', 'summary': '2-5', 'type': 'road'}
 {'abbreviation': None, 'name': 'vs. Conf.', 'summary': '0-0', 'type': 'vsconf'}]",,,TCU,UAPB,4d1979,e0aa0f,ffffff,eaaa00,TCU,4d1979,ffffff,UAPB,e0aa0f,eaaa00,https://raw.githubusercontent.com/sportsdataverse/wehoop-wbb-raw/main/wbb/json/final/401823035.json,2025-12-17T00:30Z,TRUE,,
401813269,2025-12-17T00:00Z,Alabama,Sam Houston,Home,W,73,36,https://a.espncdn.com/i/teamlogos/ncaa/500/333.png,https://a.espncdn.com/i/teamlogos/ncaa/500/2534.png,99,99,23,11,,,FALSE,1,,STATUS_FINAL,23,TRUE,99,"[{'abbreviation': 'Game', 'name': 'overall', 'summary': '12-0', 'type': 'total'}
 {'abbreviation': None, 'name': 'Home', 'summary': '10-0', 'type': 'home'}
 {'abbreviation': None, 'name': 'Road', 'summary': '0-0', 'type': 'road'}
 {'abbreviation': None, 'name': 'vs. Conf.', 'summary': '0-0', 'type': 'vsconf'}]",11,FALSE,99,"[{'abbreviation': 'Game', 'name': 'overall', 'summary': '5-3', 'type': 'total'}
 {'abbreviation': None, 'name': 'Home', 'summary': '4-0', 'type': 'home'}
 {'abbreviation': None, 'name': 'Road', 'summary': '1-3', 'type': 'road'}
 {'abbreviation': None, 'name': 'vs. Conf.', 'summary': '0-0', 'type': 'vsconf'}]",,,ALA,SHSU,9e1b32,f56423,ffffff,ffffff,ALA,9e1b32,ffffff,SHSU,f56423,ffffff,https://raw.githubusercontent.com/sportsdataverse/wehoop-wbb-raw/main/wbb/json/final/401813269.json,2025-12-17T00:00Z,TRUE,,
401823666,2025-12-17T00:00Z,Syracuse,Binghamton,Home,W,72,54,https://a.espncdn.com/i/teamlogos/ncaa/500/183.png,https://a.espncdn.com/i/teamlogos/ncaa/500/2066.png,99,99,2,1,,,FALSE,1,,STATUS_FINAL,2,TRUE,99,"[{'abbreviation': 'Game', 'name': 'overall', 'summary': '10-1', 'type': 'total'}
 {'abbreviation': None, 'name': 'Home', 'summary': '8-0', 'type': 'home'}
 {'abbreviation': None, 'name': 'Road', 'summary': '1-0', 'type': 'road'}
 {'abbreviation': None, 'name': 'vs. Conf.', 'summary': '1-0', 'type': 'vsconf'}]",1,FALSE,99,"[{'abbreviation': 'Game', 'name': 'overall', 'summary': '6-4', 'type': 'total'}
 {'abbreviation': None, 'name': 'Home', 'summary': '4-1', 'type': 'home'}
 {'abbreviation': None, 'name': 'Road', 'summary': '2-3', 'type': 'road'}
 {'abbreviation': None, 'name': 'vs. Conf.', 'summary': '0-0', 'type': 'vsconf'}]",,,SYR,BING,0.00E+00,00614A,ff431b,f0f0f0,SYR,0.00E+00,ff431b,BING,00614A,f0f0f0,https://raw.githubusercontent.com/sportsdataverse/wehoop-wbb-raw/main/wbb/json/final/401823666.json,2025-12-17T00:00Z,TRUE,,
401817377,2025-12-16T17:00Z,LSU,Morgan State,Home,W,91,33,https://a.espncdn.com/i/teamlogos/ncaa/500/99.png,https://a.espncdn.com/i/teamlogos/ncaa/500/2415.png,5,99,23,16,,,FALSE,1,,STATUS_FINAL,23,TRUE,5,"[{'abbreviation': 'Game', 'name': 'overall', 'summary': '12-0', 'type': 'total'}
 {'abbreviation': None, 'name': 'Home', 'summary': '5-0', 'type': 'home'}
 {'abbreviation': None, 'name': 'Road', 'summary': '4-0', 'type': 'road'}
 {'abbreviation': None, 'name': 'vs. Conf.', 'summary': '0-0', 'type': 'vsconf'}]",16,FALSE,99,"[{'abbreviation': 'Game', 'name': 'overall', 'summary': '1-12', 'type': 'total'}
 {'abbreviation': None, 'name': 'Home', 'summary': '1-3', 'type': 'home'}
 {'abbreviation': None, 'name': 'Road', 'summary': '0-6', 'type': 'road'}
 {'abbreviation': None, 'name': 'vs. Conf.', 'summary': '0-0', 'type': 'vsconf'}]",,,LSU,MORG,461d76,14786,fdd023,f47937,LSU,461d76,fdd023,MORG,14786,f47937,https://raw.githubusercontent.com/sportsdataverse/wehoop-wbb-raw/main/wbb/json/final/401817377.json,2025-12-16T17:00Z,TRUE,,
401824158,2025-12-16T16:00Z,Richmond,Bethune-Cookman,Home,W,81,45,https://a.espncdn.com/i/teamlogos/ncaa/500/257.png,https://a.espncdn.com/i/teamlogos/ncaa/500/2065.png,99,99,3,26,,,FALSE,1,,STATUS_FINAL,3,TRUE,99,"[{'abbreviation': 'Game', 'name': 'overall', 'summary': '9-3', 'type': 'total'}
 {'abbreviation': None, 'name': 'Home', 'summary': '5-1', 'type': 'home'}
 {'abbreviation': None, 'name': 'Road', 'summary': '3-1', 'type': 'road'}
 {'abbreviation': None, 'name': 'vs. Conf.', 'summary': '1-0', 'type': 'vsconf'}]",26,FALSE,99,"[{'abbreviation': 'Game', 'name': 'overall', 'summary': '2-8', 'type': 'total'}
 {'abbreviation': None, 'name': 'Home', 'summary': '1-0', 'type': 'home'}
 {'abbreviation': None, 'name': 'Road', 'summary': '0-6', 'type': 'road'}
 {'abbreviation': None, 'name': 'vs. Conf.', 'summary': '0-0', 'type': 'vsconf'}]",,,RICH,BCU,9e0712,7b1831,b90b2e,e9aa12,RICH,9e0712,b90b2e,BCU,7b1831,e9aa12,https://raw.githubusercontent.com/sportsdataverse/wehoop-wbb-raw/main/wbb/json/final/401824158.json,2025-12-16T16:00Z,TRUE,,
401818612,2025-12-16T00:30Z,Vanderbilt,South Florida,Home,W,87,58,https://a.espncdn.com/i/teamlogos/ncaa/500/238.png,https://a.espncdn.com/i/teamlogos/ncaa/500/58.png,13,99,23,62,,,FALSE,1,,STATUS_FINAL,23,TRUE,13,"[{'abbreviation': 'Game', 'name': 'overall', 'summary': '10-0', 'type': 'total'}
 {'abbreviation': None, 'name': 'Home', 'summary': '5-0', 'type': 'home'}
 {'abbreviation': None, 'name': 'Road', 'summary': '2-0', 'type': 'road'}
 {'abbreviation': None, 'name': 'vs. Conf.', 'summary': '0-0', 'type': 'vsconf'}]",62,FALSE,99,"[{'abbreviation': 'Game', 'name': 'overall', 'summary': '6-5', 'type': 'total'}
 {'abbreviation': None, 'name': 'Home', 'summary': '5-1', 'type': 'home'}
 {'abbreviation': None, 'name': 'Road', 'summary': '0-1', 'type': 'road'}
 {'abbreviation': None, 'name': 'vs. Conf.', 'summary': '0-0', 'type': 'vsconf'}]",,,VAN,USF,0,6747,cfae70,cfc493,VAN,0,cfae70,USF,6.75E+03,cfc493,https://raw.githubusercontent.com/sportsdataverse/wehoop-wbb-raw/main/wbb/json/final/401818612.json,2025-12-16T00:30Z,TRUE,,
401824195,2025-12-16T00:30Z,Oklahoma State,Tulsa,Home,W,90,58,https://a.espncdn.com/i/teamlogos/ncaa/500/197.png,https://a.espncdn.com/i/teamlogos/ncaa/500/202.png,99,99,8,62,,,FALSE,1,,STATUS_FINAL,8,TRUE,99,"[{'abbreviation': 'Game', 'name': 'overall', 'summary': '11-2', 'type': 'total'}
 {'abbreviation': None, 'name': 'Home', 'summary': '8-0', 'type': 'home'}
 {'abbreviation': None, 'name': 'Road', 'summary': '1-1', 'type': 'road'}
 {'abbreviation': None, 'name': 'vs. Conf.', 'summary': '0-0', 'type': 'vsconf'}]",62,FALSE,99,"[{'abbreviation': 'Game', 'name': 'overall', 'summary': '6-4', 'type': 'total'}
 {'abbreviation': None, 'name': 'Home', 'summary': '5-0', 'type': 'home'}
 {'abbreviation': None, 'name': 'Road', 'summary': '1-2', 'type': 'road'}
 {'abbreviation': None, 'name': 'vs. Conf.', 'summary': '0-0', 'type': 'vsconf'}]",,,OKST,TLSA,fe5c00,3595,0,d0b787,OKST,fe5c00,0,TLSA,3595,d0b787,https://raw.githubusercontent.com/sportsdataverse/wehoop-wbb-raw/main/wbb/json/final/401824195.json,2025-12-16T00:30Z,TRUE,,
401813794,2025-12-15T16:00Z,Georgia,North Carolina A&T,Home,W,77,49,https://a.espncdn.com/i/teamlogos/ncaa/500/61.png,https://a.espncdn.com/i/teamlogos/ncaa/500/2448.png,99,99,23,10,,,FALSE,1,,STATUS_FINAL,23,TRUE,99,"[{'abbreviation': 'Game', 'name': 'overall', 'summary': '11-0', 'type': 'total'}
 {'abbreviation': None, 'name': 'Home', 'summary': '7-0', 'type': 'home'}
 {'abbreviation': None, 'name': 'Road', 'summary': '2-0', 'type': 'road'}
 {'abbreviation': None, 'name': 'vs. Conf.', 'summary': '0-0', 'type': 'vsconf'}]",10,FALSE,99,"[{'abbreviation': 'Game', 'name': 'overall', 'summary': '3-6', 'type': 'total'}
 {'abbreviation': None, 'name': 'Home', 'summary': '2-2', 'type': 'home'}
 {'abbreviation': None, 'name': 'Road', 'summary': '1-4', 'type': 'road'}
 {'abbreviation': None, 'name': 'vs. Conf.', 'summary': '0-0', 'type': 'vsconf'}]",,,UGA,NCAT,ba0c2f,0505aa,2c2a29,4684,UGA,ba0c2f,2c2a29,NCAT,0505aa,4684,https://raw.githubusercontent.com/sportsdataverse/wehoop-wbb-raw/main/wbb/json/final/401813794.json,2025-12-15T16:00Z,TRUE,,
401819931,2025-12-14T23:00Z,Iowa State,Northern Iowa,Home,W,81,53,https://a.espncdn.com/i/teamlogos/ncaa/500/66.png,https://a.espncdn.com/i/teamlogos/ncaa/500/2460.png,10,99,8,18,,,FALSE,1,,STATUS_FINAL,8,TRUE,10,"[{'abbreviation': 'Game', 'name': 'overall', 'summary': '12-0', 'type': 'total'}
 {'abbreviation': None, 'name': 'Home', 'summary': '9-0', 'type': 'home'}
 {'abbreviation': None, 'name': 'Road', 'summary': '1-0', 'type': 'road'}
 {'abbreviation': None, 'name': 'vs. Conf.', 'summary': '0-0', 'type': 'vsconf'}]",18,FALSE,99,"[{'abbreviation': 'Game', 'name': 'overall', 'summary': '4-6', 'type': 'total'}
 {'abbreviation': None, 'name': 'Home', 'summary': '1-3', 'type': 'home'}
 {'abbreviation': None, 'name': 'Road', 'summary': '2-3', 'type': 'road'}
 {'abbreviation': None, 'name': 'vs. Conf.', 'summary': '1-0', 'type': 'vsconf'}]",,,ISU,UNI,ae192d,473282,ffc72a,ffffff,ISU,ae192d,ffc72a,UNI,473282,ffffff,https://raw.githubusercontent.com/sportsdataverse/wehoop-wbb-raw/main/wbb/json/final/401819931.json,2025-12-14T23:00Z,TRUE,,
401825989,2025-12-14T23:00Z,Minnesota,Wyoming,Home,W,80,34,https://a.espncdn.com/i/teamlogos/ncaa/500/135.png,https://a.espncdn.com/i/teamlogos/ncaa/500/2751.png,99,99,7,44,,,FALSE,1,,STATUS_FINAL,7,TRUE,99,"[{'abbreviation': 'Game', 'name': 'overall', 'summary': '8-3', 'type': 'total'}
 {'abbreviation': None, 'name': 'Home', 'summary': '7-1', 'type': 'home'}
 {'abbreviation': None, 'name': 'Road', 'summary': '0-1', 'type': 'road'}
 {'abbreviation': None, 'name': 'vs. Conf.', 'summary': '0-1', 'type': 'vsconf'}]",44,FALSE,99,"[{'abbreviation': 'Game', 'name': 'overall', 'summary': '3-6', 'type': 'total'}
 {'abbreviation': None, 'name': 'Home', 'summary': '3-1', 'type': 'home'}
 {'abbreviation': None, 'name': 'Road', 'summary': '0-5', 'type': 'road'}
 {'abbreviation': None, 'name': 'vs. Conf.', 'summary': '0-0', 'type': 'vsconf'}]",,,MINN,WYO,5e0a2f,492f24,fab41c,ffc425,MINN,5e0a2f,fab41c,WYO,492f24,ffc425,https://raw.githubusercontent.com/sportsdataverse/wehoop-wbb-raw/main/wbb/json/final/401825989.json,2025-12-14T23:00Z,TRUE,,
401822233,2025-12-14T22:30Z,Michigan State,DePaul,Away,W,90,46,https://a.espncdn.com/i/teamlogos/ncaa/500/127.png,https://a.espncdn.com/i/teamlogos/ncaa/500/305.png,25,99,7,4,,,FALSE,1,,STATUS_FINAL,4,FALSE,99,"[{'abbreviation': 'Game', 'name': 'overall', 'summary': '3-9', 'type': 'total'}
 {'abbreviation': None, 'name': 'Home', 'summary': '3-5', 'type': 'home'}
 {'abbreviation': None, 'name': 'Road', 'summary': '0-4', 'type': 'road'}
 {'abbreviation': None, 'name': 'vs. Conf.', 'summary': '0-2', 'type': 'vsconf'}]",7,TRUE,25,"[{'abbreviation': 'Game', 'name': 'overall', 'summary': '9-1', 'type': 'total'}
 {'abbreviation': None, 'name': 'Home', 'summary': '6-0', 'type': 'home'}
 {'abbreviation': None, 'name': 'Road', 'summary': '1-1', 'type': 'road'}
 {'abbreviation': None, 'name': 'vs. Conf.', 'summary': '0-1', 'type': 'vsconf'}]",,,MSU,DEP,173f35,2d649c,ffffff,ce1125,DEP,2d649c,ce1125,MSU,173f35,ffffff,https://raw.githubusercontent.com/sportsdataverse/wehoop-wbb-raw/main/wbb/json/final/401822233.json,2025-12-14T22:30Z,TRUE,,
401822206,2025-12-14T22:00Z,TCU,Jacksonville,Home,W,89,49,https://a.espncdn.com/i/teamlogos/ncaa/500/2628.png,https://a.espncdn.com/i/teamlogos/ncaa/500/294.png,8,99,8,46,,,FALSE,1,,STATUS_FINAL,8,TRUE,8,"[{'abbreviation': 'Game', 'name': 'overall', 'summary': '11-0', 'type': 'total'}
 {'abbreviation': None, 'name': 'Home', 'summary': '8-0', 'type': 'home'}
 {'abbreviation': None, 'name': 'Road', 'summary': '1-0', 'type': 'road'}
 {'abbreviation': None, 'name': 'vs. Conf.', 'summary': '0-0', 'type': 'vsconf'}]",46,FALSE,99,"[{'abbreviation': 'Game', 'name': 'overall', 'summary': '7-2', 'type': 'total'}
 {'abbreviation': None, 'name': 'Home', 'summary': '5-0', 'type': 'home'}
 {'abbreviation': None, 'name': 'Road', 'summary': '2-2', 'type': 'road'}
 {'abbreviation': None, 'name': 'vs. Conf.', 'summary': '0-0', 'type': 'vsconf'}]",,,TCU,JAX,4d1979,00523e,ffffff,,TCU,4d1979,ffffff,JAX,00523e,,https://raw.githubusercontent.com/sportsdataverse/wehoop-wbb-raw/main/wbb/json/final/401822206.json,2025-12-14T22:00Z,TRUE,,
401819635,2025-12-14T21:00Z,UNC,Louisville,Home,L,66,76,https://a.espncdn.com/i/teamlogos/ncaa/500/153.png,https://a.espncdn.com/i/teamlogos/ncaa/500/97.png,12,22,2,2,,,TRUE,1,,STATUS_FINAL,2,FALSE,12,"[{'abbreviation': 'Game', 'name': 'overall', 'summary': '9-3', 'type': 'total'}
 {'abbreviation': None, 'name': 'Home', 'summary': '4-1', 'type': 'home'}
 {'abbreviation': None, 'name': 'Road', 'summary': '1-1', 'type': 'road'}
 {'abbreviation': None, 'name': 'vs. Conf.', 'summary': '0-1', 'type': 'vsconf'}]",2,TRUE,22,"[{'abbreviation': 'Game', 'name': 'overall', 'summary': '10-3', 'type': 'total'}
 {'abbreviation': None, 'name': 'Home', 'summary': '7-2', 'type': 'home'}
 {'abbreviation': None, 'name': 'Road', 'summary': '2-0', 'type': 'road'}
 {'abbreviation': None, 'name': 'vs. Conf.', 'summary': '2-0', 'type': 'vsconf'}]",2,ACC,UNC,LOU,7bafd4,c9001f,13294b,ffffff,UNC,7bafd4,13294b,LOU,c9001f,ffffff,https://raw.githubusercontent.com/sportsdataverse/wehoop-wbb-raw/main/wbb/json/final/401819635.json,2025-12-14T21:00Z,TRUE,,
401825025,2025-12-14T21:00Z,Notre Dame,James Madison,Away,W,78,65,https://a.espncdn.com/i/teamlogos/ncaa/500/87.png,https://a.espncdn.com/i/teamlogos/ncaa/500/256.png,19,99,2,27,,,FALSE,1,,STATUS_FINAL,27,FALSE,99,"[{'abbreviation': 'Game', 'name': 'overall', 'summary': '8-4', 'type': 'total'}
 {'abbreviation': None, 'name': 'Home', 'summary': '5-3', 'type': 'home'}
 {'abbreviation': None, 'name': 'Road', 'summary': '1-1', 'type': 'road'}
 {'abbreviation': None, 'name': 'vs. Conf.', 'summary': '0-0', 'type': 'vsconf'}]",2,TRUE,19,"[{'abbreviation': 'Game', 'name': 'overall', 'summary': '8-2', 'type': 'total'}
 {'abbreviation': None, 'name': 'Home', 'summary': '6-0', 'type': 'home'}
 {'abbreviation': None, 'name': 'Road', 'summary': '2-1', 'type': 'road'}
 {'abbreviation': None, 'name': 'vs. Conf.', 'summary': '1-0', 'type': 'vsconf'}]",,,ND,JMU,62340,450084,c99700,cbb677,JMU,450084,cbb677,ND,62340,c99700,https://raw.githubusercontent.com/sportsdataverse/wehoop-wbb-raw/main/wbb/json/final/401825025.json,2025-12-14T21:00Z,TRUE,,
401819635,2025-12-14T21:00Z,Louisville,UNC,Away,W,76,66,https://a.espncdn.com/i/teamlogos/ncaa/500/97.png,https://a.espncdn.com/i/teamlogos/ncaa/500/153.png,22,12,2.00E+00,2,,,TRUE,1,,STATUS_FINAL,2,FALSE,12,"[{'abbreviation': 'Game', 'name': 'overall', 'summary': '9-3', 'type': 'total'}
 {'abbreviation': None, 'name': 'Home', 'summary': '4-1', 'type': 'home'}
 {'abbreviation': None, 'name': 'Road', 'summary': '1-1', 'type': 'road'}
 {'abbreviation': None, 'name': 'vs. Conf.', 'summary': '0-1', 'type': 'vsconf'}]",2,TRUE,22,"[{'abbreviation': 'Game', 'name': 'overall', 'summary': '10-3', 'type': 'total'}
 {'abbreviation': None, 'name': 'Home', 'summary': '7-2', 'type': 'home'}
 {'abbreviation': None, 'name': 'Road', 'summary': '2-0', 'type': 'road'}
 {'abbreviation': None, 'name': 'vs. Conf.', 'summary': '2-0', 'type': 'vsconf'}]",2,ACC,LOU,UNC,c9001f,7bafd4,ffffff,13294b,UNC,7bafd4,13294b,LOU,c9001f,ffffff,https://raw.githubusercontent.com/sportsdataverse/wehoop-wbb-raw/main/wbb/json/final/401819635.json,2025-12-14T21:00Z,TRUE,,
401813268,2025-12-14T21:00Z,Alabama,Jackson State,Home,W,62,51,https://a.espncdn.com/i/teamlogos/ncaa/500/333.png,https://a.espncdn.com/i/teamlogos/ncaa/500/2296.png,99,99,23,26,,,FALSE,1,,STATUS_FINAL,23,TRUE,99,"[{'abbreviation': 'Game', 'name': 'overall', 'summary': '11-0', 'type': 'total'}
 {'abbreviation': None, 'name': 'Home', 'summary': '9-0', 'type': 'home'}
 {'abbreviation': None, 'name': 'Road', 'summary': '0-0', 'type': 'road'}
 {'abbreviation': None, 'name': 'vs. Conf.', 'summary': '0-0', 'type': 'vsconf'}]",26,FALSE,99,"[{'abbreviation': 'Game', 'name': 'overall', 'summary': '2-7', 'type': 'total'}
 {'abbreviation': None, 'name': 'Home', 'summary': '1-3', 'type': 'home'}
 {'abbreviation': None, 'name': 'Road', 'summary': '0-4', 'type': 'road'}
 {'abbreviation': None, 'name': 'vs. Conf.', 'summary': '0-0', 'type': 'vsconf'}]",,,ALA,JKST,9e1b32,123297,ffffff,b5b7ba,ALA,9e1b32,ffffff,JKST,123297,b5b7ba,https://raw.githubusercontent.com/sportsdataverse/wehoop-wbb-raw/main/wbb/json/final/401813268.json,2025-12-14T21:00Z,TRUE,,
401817311,2025-12-14T21:00Z,Virginia Tech,East Tennessee State,Home,W,73,55,https://a.espncdn.com/i/teamlogos/ncaa/500/259.png,https://a.espncdn.com/i/teamlogos/ncaa/500/2193.png,99,99,2.00E+00,24,,,FALSE,1,,STATUS_FINAL,2,TRUE,99,"[{'abbreviation': 'Game', 'name': 'overall', 'summary': '9-3', 'type': 'total'}
 {'abbreviation': None, 'name': 'Home', 'summary': '8-1', 'type': 'home'}
 {'abbreviation': None, 'name': 'Road', 'summary': '0-1', 'type': 'road'}
 {'abbreviation': None, 'name': 'vs. Conf.', 'summary': '0-1', 'type': 'vsconf'}]",24,FALSE,99,"[{'abbreviation': 'Game', 'name': 'overall', 'summary': '4-8', 'type': 'total'}
 {'abbreviation': None, 'name': 'Home', 'summary': '2-3', 'type': 'home'}
 {'abbreviation': None, 'name': 'Road', 'summary': '0-4', 'type': 'road'}
 {'abbreviation': None, 'name': 'vs. Conf.', 'summary': '0-0', 'type': 'vsconf'}]",,,VT,ETSU,6a2c3e,002d61,cf4520,ffc423,VT,6a2c3e,cf4520,ETSU,002d61,ffc423,https://raw.githubusercontent.com/sportsdataverse/wehoop-wbb-raw/main/wbb/json/final/401817311.json,2025-12-14T21:00Z,TRUE,,
401819612,2025-12-14T21:00Z,Stanford,California,Home,W,78,69,https://a.espncdn.com/i/teamlogos/ncaa/500/24.png,https://a.espncdn.com/i/teamlogos/ncaa/500/25.png,99,99,2,2,,,TRUE,1,,STATUS_FINAL,2,TRUE,99,"[{'abbreviation': 'Game', 'name': 'overall', 'summary': '9-2', 'type': 'total'}
 {'abbreviation': None, 'name': 'Home', 'summary': '6-1', 'type': 'home'}
 {'abbreviation': None, 'name': 'Road', 'summary': '2-0', 'type': 'road'}
 {'abbreviation': None, 'name': 'vs. Conf.', 'summary': '1-0', 'type': 'vsconf'}]",2,FALSE,99,"[{'abbreviation': 'Game', 'name': 'overall', 'summary': '8-4', 'type': 'total'}
 {'abbreviation': None, 'name': 'Home', 'summary': '7-0', 'type': 'home'}
 {'abbreviation': None, 'name': 'Road', 'summary': '0-2', 'type': 'road'}
 {'abbreviation': None, 'name': 'vs. Conf.', 'summary': '0-1', 'type': 'vsconf'}]",2,ACC,STAN,CAL,8c1515,4.10E+43,ffffff,ffc72c,STAN,8c1515,ffffff,CAL,4.10E+43,ffc72c,https://raw.githubusercontent.com/sportsdataverse/wehoop-wbb-raw/main/wbb/json/final/401819612.json,2025-12-14T21:00Z,TRUE,,
401825025,2025-12-14T21:00Z,James Madison,Notre Dame,Home,L,65,78,https://a.espncdn.com/i/teamlogos/ncaa/500/256.png,https://a.espncdn.com/i/teamlogos/ncaa/500/87.png,99,19,27,2,,,FALSE,1,,STATUS_FINAL,27,FALSE,99,"[{'abbreviation': 'Game', 'name': 'overall', 'summary': '8-4', 'type': 'total'}
 {'abbreviation': None, 'name': 'Home', 'summary': '5-3', 'type': 'home'}
 {'abbreviation': None, 'name': 'Road', 'summary': '1-1', 'type': 'road'}
 {'abbreviation': None, 'name': 'vs. Conf.', 'summary': '0-0', 'type': 'vsconf'}]",2,TRUE,19,"[{'abbreviation': 'Game', 'name': 'overall', 'summary': '8-2', 'type': 'total'}
 {'abbreviation': None, 'name': 'Home', 'summary': '6-0', 'type': 'home'}
 {'abbreviation': None, 'name': 'Road', 'summary': '2-1', 'type': 'road'}
 {'abbreviation': None, 'name': 'vs. Conf.', 'summary': '1-0', 'type': 'vsconf'}]",,,JMU,ND,4.50E+05,62340,cbb677,c99700,JMU,450084,cbb677,ND,62340,c99700,https://raw.githubusercontent.com/sportsdataverse/wehoop-wbb-raw/main/wbb/json/final/401825025.json,2025-12-14T21:00Z,TRUE,,
401811131,2025-12-14T20:30Z,South Carolina,Penn State,Home,W,95,55,https://a.espncdn.com/i/teamlogos/ncaa/500/2579.png,https://a.espncdn.com/i/teamlogos/ncaa/500/213.png,3,99,23,7,,,FALSE,1,,STATUS_FINAL,23,TRUE,3,"[{'abbreviation': 'Game', 'name': 'overall', 'summary': '10-1', 'type': 'total'}
 {'abbreviation': None, 'name': 'Home', 'summary': '7-0', 'type': 'home'}
 {'abbreviation': None, 'name': 'Road', 'summary': '1-0', 'type': 'road'}
 {'abbreviation': None, 'name': 'vs. Conf.', 'summary': '0-0', 'type': 'vsconf'}]",7,FALSE,99,"[{'abbreviation': 'Game', 'name': 'overall', 'summary': '6-4', 'type': 'total'}
 {'abbreviation': None, 'name': 'Home', 'summary': '4-2', 'type': 'home'}
 {'abbreviation': None, 'name': 'Road', 'summary': '1-1', 'type': 'road'}
 {'abbreviation': None, 'name': 'vs. Conf.', 'summary': '0-1', 'type': 'vsconf'}]",,,SC,PSU,73000a,61440,0,ffffff,SC,73000a,0,PSU,61440,ffffff,https://raw.githubusercontent.com/sportsdataverse/wehoop-wbb-raw/main/wbb/json/final/401811131.json,2025-12-14T20:30Z,TRUE,,
401818585,2025-12-14T20:00Z,Kentucky,Belmont,Away,W,77,69,https://a.espncdn.com/i/teamlogos/ncaa/500/96.png,https://a.espncdn.com/i/teamlogos/ncaa/500/2057.png,15,99,23,18,,,FALSE,1,,STATUS_FINAL,18,FALSE,99,"[{'abbreviation': 'Game', 'name': 'overall', 'summary': '4-6', 'type': 'total'}
 {'abbreviation': None, 'name': 'Home', 'summary': '2-2', 'type': 'home'}
 {'abbreviation': None, 'name': 'Road', 'summary': '2-2', 'type': 'road'}
 {'abbreviation': None, 'name': 'vs. Conf.', 'summary': '0-0', 'type': 'vsconf'}]",23,TRUE,15,"[{'abbreviation': 'Game', 'name': 'overall', 'summary': '11-1', 'type': 'total'}
 {'abbreviation': None, 'name': 'Home', 'summary': '5-0', 'type': 'home'}
 {'abbreviation': None, 'name': 'Road', 'summary': '5-0', 'type': 'road'}
 {'abbreviation': None, 'name': 'vs. Conf.', 'summary': '0-0', 'type': 'vsconf'}]",,,UK,BEL,0033a0,182142,ffffff,c9262d,BEL,182142,c9262d,UK,0033a0,ffffff,https://raw.githubusercontent.com/sportsdataverse/wehoop-wbb-raw/main/wbb/json/final/401818585.json,2025-12-14T20:00Z,TRUE,,
401818623,2025-12-14T20:00Z,Illinois,North Texas,Home,W,81,69,https://a.espncdn.com/i/teamlogos/ncaa/500/356.png,https://a.espncdn.com/i/teamlogos/ncaa/500/249.png,99,99,7,62,,,FALSE,1,,STATUS_FINAL,7,TRUE,99,"[{'abbreviation': 'Game', 'name': 'overall', 'summary': '10-1', 'type': 'total'}
 {'abbreviation': None, 'name': 'Home', 'summary': '8-0', 'type': 'home'}
 {'abbreviation': None, 'name': 'Road', 'summary': '2-1', 'type': 'road'}
 {'abbreviation': None, 'name': 'vs. Conf.', 'summary': '1-0', 'type': 'vsconf'}]",62,FALSE,99,"[{'abbreviation': 'Game', 'name': 'overall', 'summary': '6-4', 'type': 'total'}
 {'abbreviation': None, 'name': 'Home', 'summary': '4-2', 'type': 'home'}
 {'abbreviation': None, 'name': 'Road', 'summary': '1-1', 'type': 'road'}
 {'abbreviation': None, 'name': 'vs. Conf.', 'summary': '0-0', 'type': 'vsconf'}]",,,ILL,UNT,ff5f05,068f33,13294b,ffffff,ILL,ff5f05,13294b,UNT,068f33,ffffff,https://raw.githubusercontent.com/sportsdataverse/wehoop-wbb-raw/main/wbb/json/final/401818623.json,2025-12-14T20:00Z,TRUE,,
401822983,2025-12-14T20:00Z,West Virginia,Texas A&M,Away,W,63,45,https://a.espncdn.com/i/teamlogos/ncaa/500/277.png,https://a.espncdn.com/i/teamlogos/ncaa/500/245.png,99,99,8,23,,,FALSE,1,,STATUS_FINAL,23,FALSE,99,"[{'abbreviation': 'Game', 'name': 'overall', 'summary': '6-2', 'type': 'total'}
 {'abbreviation': None, 'name': 'Home', 'summary': '3-1', 'type': 'home'}
 {'abbreviation': None, 'name': 'Road', 'summary': '1-0', 'type': 'road'}
 {'abbreviation': None, 'name': 'vs. Conf.', 'summary': '0-0', 'type': 'vsconf'}]",8,TRUE,99,"[{'abbreviation': 'Game', 'name': 'overall', 'summary': '10-2', 'type': 'total'}
 {'abbreviation': None, 'name': 'Home', 'summary': '7-1', 'type': 'home'}
 {'abbreviation': None, 'name': 'Road', 'summary': '1-0', 'type': 'road'}
 {'abbreviation': None, 'name': 'vs. Conf.', 'summary': '0-0', 'type': 'vsconf'}]",,,WVU,TA&M,eaaa00,500000,2855,ffffff,TA&M,500000,ffffff,WVU,eaaa00,2855,https://raw.githubusercontent.com/sportsdataverse/wehoop-wbb-raw/main/wbb/json/final/401822983.json,2025-12-14T20:00Z,TRUE,,
401822992,2025-12-14T20:00Z,Texas Tech,Abilene Christian,Neutral,W,67,57,https://a.espncdn.com/i/teamlogos/ncaa/500/2641.png,https://a.espncdn.com/i/teamlogos/ncaa/500/2000.png,99,99,8,30,,,FALSE,1,,STATUS_FINAL,8,TRUE,99,"[{'abbreviation': 'Game', 'name': 'overall', 'summary': '12-0', 'type': 'total'}
 {'abbreviation': None, 'name': 'Home', 'summary': '7-0', 'type': 'home'}
 {'abbreviation': None, 'name': 'Road', 'summary': '2-0', 'type': 'road'}
 {'abbreviation': None, 'name': 'vs. Conf.', 'summary': '0-0', 'type': 'vsconf'}]",30,FALSE,99,"[{'abbreviation': 'Game', 'name': 'overall', 'summary': '6-4', 'type': 'total'}
 {'abbreviation': None, 'name': 'Home', 'summary': '4-0', 'type': 'home'}
 {'abbreviation': None, 'name': 'Road', 'summary': '2-1', 'type': 'road'}
 {'abbreviation': None, 'name': 'vs. Conf.', 'summary': '0-0', 'type': 'vsconf'}]",,,TTU,ACU,da291c,592d82,0,b1b3b3,TTU,da291c,0,ACU,592d82,b1b3b3,https://raw.githubusercontent.com/sportsdataverse/wehoop-wbb-raw/main/wbb/json/final/401822992.json,2025-12-14T20:00Z,TRUE,,
401822279,2025-12-14T20:00Z,Mississippi State,Southern Miss,Home,W,87,64,https://a.espncdn.com/i/teamlogos/ncaa/500/344.png,https://a.espncdn.com/i/teamlogos/ncaa/500/2572.png,99,99,23,27,,,FALSE,1,,STATUS_FINAL,23,TRUE,99,"[{'abbreviation': 'Game', 'name': 'overall', 'summary': '10-1', 'type': 'total'}
 {'abbreviation': None, 'name': 'Home', 'summary': '9-0', 'type': 'home'}
 {'abbreviation': None, 'name': 'Road', 'summary': '0-1', 'type': 'road'}
 {'abbreviation': None, 'name': 'vs. Conf.', 'summary': '0-0', 'type': 'vsconf'}]",27,FALSE,99,"[{'abbreviation': 'Game', 'name': 'overall', 'summary': '7-4', 'type': 'total'}
 {'abbreviation': None, 'name': 'Home', 'summary': '6-0', 'type': 'home'}
 {'abbreviation': None, 'name': 'Road', 'summary': '1-2', 'type': 'road'}
 {'abbreviation': None, 'name': 'vs. Conf.', 'summary': '0-0', 'type': 'vsconf'}]",,,MSST,USM,5d1725,ffc72c,c1c6c8,231f20,MSST,5d1725,c1c6c8,USM,ffc72c,231f20,https://raw.githubusercontent.com/sportsdataverse/wehoop-wbb-raw/main/wbb/json/final/401822279.json,2025-12-14T20:00Z,TRUE,,
401825940,2025-12-14T20:00Z,Colorado,Miami (OH),Home,W,75,55,https://a.espncdn.com/i/teamlogos/ncaa/500/38.png,https://a.espncdn.com/i/teamlogos/ncaa/500/193.png,99,99,8,14,,,FALSE,1,,STATUS_FINAL,8,TRUE,99,"[{'abbreviation': 'Game', 'name': 'overall', 'summary': '8-3', 'type': 'total'}
 {'abbreviation': None, 'name': 'Home', 'summary': '6-1', 'type': 'home'}
 {'abbreviation': None, 'name': 'Road', 'summary': '0-1', 'type': 'road'}
 {'abbreviation': None, 'name': 'vs. Conf.', 'summary': '0-0', 'type': 'vsconf'}]",14,FALSE,99,"[{'abbreviation': 'Game', 'name': 'overall', 'summary': '7-4', 'type': 'total'}
 {'abbreviation': None, 'name': 'Home', 'summary': '3-0', 'type': 'home'}
 {'abbreviation': None, 'name': 'Road', 'summary': '3-3', 'type': 'road'}
 {'abbreviation': None, 'name': 'vs. Conf.', 'summary': '0-0', 'type': 'vsconf'}]",,,COLO,M-OH,cfb87c,c41230,0,ffffff,COLO,cfb87c,0,M-OH,c41230,ffffff,https://raw.githubusercontent.com/sportsdataverse/wehoop-wbb-raw/main/wbb/json/final/401825940.json,2025-12-14T20:00Z,TRUE,,
401827923,2025-12-14T20:00Z,Ole Miss,South Carolina State,Home,W,91,32,https://a.espncdn.com/i/teamlogos/ncaa/500/145.png,https://a.espncdn.com/i/teamlogos/ncaa/500/2569.png,17,99,23,16,,,FALSE,1,,STATUS_FINAL,23,TRUE,17,"[{'abbreviation': 'Game', 'name': 'overall', 'summary': '10-1', 'type': 'total'}
 {'abbreviation': None, 'name': 'Home', 'summary': '6-0', 'type': 'home'}
 {'abbreviation': None, 'name': 'Road', 'summary': '2-0', 'type': 'road'}
 {'abbreviation': None, 'name': 'vs. Conf.', 'summary': '0-0', 'type': 'vsconf'}]",16,FALSE,99,"[{'abbreviation': 'Game', 'name': 'overall', 'summary': '3-10', 'type': 'total'}
 {'abbreviation': None, 'name': 'Home', 'summary': '3-4', 'type': 'home'}
 {'abbreviation': None, 'name': 'Road', 'summary': '0-6', 'type': 'road'}
 {'abbreviation': None, 'name': 'vs. Conf.', 'summary': '0-0', 'type': 'vsconf'}]",,,MISS,SCST,13294b,7d1315,cf142b,104897,MISS,13294b,cf142b,SCST,7d1315,104897,https://raw.githubusercontent.com/sportsdataverse/wehoop-wbb-raw/main/wbb/json/final/401827923.json,2025-12-14T20:00Z,TRUE,,
401818684,2025-12-14T20:00Z,Oregon,Montana State,Home,W,69,44,https://a.espncdn.com/i/teamlogos/ncaa/500/2483.png,https://a.espncdn.com/i/teamlogos/ncaa/500/147.png,99,99,7,5,,,FALSE,1,,STATUS_FINAL,7,TRUE,99,"[{'abbreviation': 'Game', 'name': 'overall', 'summary': '11-1', 'type': 'total'}
 {'abbreviation': None, 'name': 'Home', 'summary': '7-0', 'type': 'home'}
 {'abbreviation': None, 'name': 'Road', 'summary': '2-1', 'type': 'road'}
 {'abbreviation': None, 'name': 'vs. Conf.', 'summary': '0-1', 'type': 'vsconf'}]",5,FALSE,99,"[{'abbreviation': 'Game', 'name': 'overall', 'summary': '6-3', 'type': 'total'}
 {'abbreviation': None, 'name': 'Home', 'summary': '4-0', 'type': 'home'}
 {'abbreviation': None, 'name': 'Road', 'summary': '2-3', 'type': 'road'}
 {'abbreviation': None, 'name': 'vs. Conf.', 'summary': '0-0', 'type': 'vsconf'}]",,,ORE,MTST,00934b,00205c,fff41b,bc955c,ORE,00934b,fff41b,MTST,00205c,bc955c,https://raw.githubusercontent.com/sportsdataverse/wehoop-wbb-raw/main/wbb/json/final/401818684.json,2025-12-14T20:00Z,TRUE,,
401818522,2025-12-14T19:00Z,Florida,West Georgia,Home,W,85,41,https://a.espncdn.com/i/teamlogos/ncaa/500/57.png,https://a.espncdn.com/i/teamlogos/ncaa/500/2698.png,99,99,23,46,,,FALSE,1,,STATUS_FINAL,23,TRUE,99,"[{'abbreviation': 'Game', 'name': 'overall', 'summary': '10-2', 'type': 'total'}
 {'abbreviation': None, 'name': 'Home', 'summary': '7-0', 'type': 'home'}
 {'abbreviation': None, 'name': 'Road', 'summary': '1-2', 'type': 'road'}
 {'abbreviation': None, 'name': 'vs. Conf.', 'summary': '0-0', 'type': 'vsconf'}]",46,FALSE,99,"[{'abbreviation': 'Game', 'name': 'overall', 'summary': '4-4', 'type': 'total'}
 {'abbreviation': None, 'name': 'Home', 'summary': '4-0', 'type': 'home'}
 {'abbreviation': None, 'name': 'Road', 'summary': '0-4', 'type': 'road'}
 {'abbreviation': None, 'name': 'vs. Conf.', 'summary': '0-0', 'type': 'vsconf'}]",,,FLA,WGA,0021a5,0033a1,fa4616,db1a21,FLA,0021a5,fa4616,WGA,0033a1,db1a21,https://raw.githubusercontent.com/sportsdataverse/wehoop-wbb-raw/main/wbb/json/final/401818522.json,2025-12-14T19:00Z,TRUE,,
401819584,2025-12-14T19:00Z,Clemson,Pittsburgh,Home,W,73,41,https://a.espncdn.com/i/teamlogos/ncaa/500/228.png,https://a.espncdn.com/i/teamlogos/ncaa/500/221.png,99,99,2,2,,,TRUE,1,,STATUS_FINAL,2,TRUE,99,"[{'abbreviation': 'Game', 'name': 'overall', 'summary': '7-4', 'type': 'total'}
 {'abbreviation': None, 'name': 'Home', 'summary': '4-1', 'type': 'home'}
 {'abbreviation': None, 'name': 'Road', 'summary': '2-2', 'type': 'road'}
 {'abbreviation': None, 'name': 'vs. Conf.', 'summary': '1-1', 'type': 'vsconf'}]",2,FALSE,99,"[{'abbreviation': 'Game', 'name': 'overall', 'summary': '6-6', 'type': 'total'}
 {'abbreviation': None, 'name': 'Home', 'summary': '5-3', 'type': 'home'}
 {'abbreviation': None, 'name': 'Road', 'summary': '0-2', 'type': 'road'}
 {'abbreviation': None, 'name': 'vs. Conf.', 'summary': '0-1', 'type': 'vsconf'}]",2,ACC,CLEM,PITT,f56600,3594,ffffff,ffb81c,CLEM,f56600,ffffff,PITT,3594,ffb81c,https://raw.githubusercontent.com/sportsdataverse/wehoop-wbb-raw/main/wbb/json/final/401819584.json,2025-12-14T19:00Z,TRUE,,
401819560,2025-12-14T19:00Z,NC State,Miami (FL),Away,W,87,61,https://a.espncdn.com/i/teamlogos/ncaa/500/152.png,https://a.espncdn.com/i/teamlogos/ncaa/500/2390.png,99,99,2,2,,,TRUE,1,,STATUS_FINAL,2,FALSE,99,"[{'abbreviation': 'Game', 'name': 'overall', 'summary': '6-4', 'type': 'total'}
 {'abbreviation': None, 'name': 'Home', 'summary': '4-2', 'type': 'home'}
 {'abbreviation': None, 'name': 'Road', 'summary': '0-0', 'type': 'road'}
 {'abbreviation': None, 'name': 'vs. Conf.', 'summary': '0-1', 'type': 'vsconf'}]",2,TRUE,99,"[{'abbreviation': 'Game', 'name': 'overall', 'summary': '7-4', 'type': 'total'}
 {'abbreviation': None, 'name': 'Home', 'summary': '3-2', 'type': 'home'}
 {'abbreviation': None, 'name': 'Road', 'summary': '1-1', 'type': 'road'}
 {'abbreviation': None, 'name': 'vs. Conf.', 'summary': '1-0', 'type': 'vsconf'}]",2,ACC,NCSU,MIA,cc0000,f47423,ffffff,35131,MIA,f47423,35131,NCSU,cc0000,ffffff,https://raw.githubusercontent.com/sportsdataverse/wehoop-wbb-raw/main/wbb/json/final/401819560.json,2025-12-14T19:00Z,TRUE,,
401818594,2025-12-14T19:00Z,Tennessee,Winthrop,Home,W,112,40,https://a.espncdn.com/i/teamlogos/ncaa/500/2633_ncw.png,https://a.espncdn.com/i/teamlogos/ncaa/500/2737.png,18,99,23,6,,,FALSE,1,,STATUS_FINAL,23,TRUE,18,"[{'abbreviation': 'Game', 'name': 'overall', 'summary': '7-2', 'type': 'total'}
 {'abbreviation': None, 'name': 'Home', 'summary': '4-0', 'type': 'home'}
 {'abbreviation': None, 'name': 'Road', 'summary': '3-1', 'type': 'road'}
 {'abbreviation': None, 'name': 'vs. Conf.', 'summary': '0-0', 'type': 'vsconf'}]",6,FALSE,99,"[{'abbreviation': 'Game', 'name': 'overall', 'summary': '7-5', 'type': 'total'}
 {'abbreviation': None, 'name': 'Home', 'summary': '5-0', 'type': 'home'}
 {'abbreviation': None, 'name': 'Road', 'summary': '1-4', 'type': 'road'}
 {'abbreviation': None, 'name': 'vs. Conf.', 'summary': '0-0', 'type': 'vsconf'}]",,,TENN,WIN,ff8200,9e0b0e,ffffff,fdb41e,TENN,ff8200,ffffff,WIN,9e0b0e,fdb41e,https://raw.githubusercontent.com/sportsdataverse/wehoop-wbb-raw/main/wbb/json/final/401818594.json,2025-12-14T19:00Z,TRUE,,
401817583,2025-12-14T18:00Z,Baylor,Texas,Neutral,L,54,89,https://a.espncdn.com/i/teamlogos/ncaa/500/239.png,https://a.espncdn.com/i/teamlogos/ncaa/500/251.png,13,2,8,23,,,FALSE,1,Sprouts Farmers Market espnW Invitational,STATUS_FINAL,23,TRUE,2,"[{'abbreviation': 'Game', 'name': 'overall', 'summary': '12-0', 'type': 'total'}
 {'abbreviation': None, 'name': 'Home', 'summary': '8-0', 'type': 'home'}
 {'abbreviation': None, 'name': 'Road', 'summary': '1-0', 'type': 'road'}
 {'abbreviation': None, 'name': 'vs. Conf.', 'summary': '0-0', 'type': 'vsconf'}]",8,FALSE,13,"[{'abbreviation': 'Game', 'name': 'overall', 'summary': '10-2', 'type': 'total'}
 {'abbreviation': None, 'name': 'Home', 'summary': '7-0', 'type': 'home'}
 {'abbreviation': None, 'name': 'Road', 'summary': '1-0', 'type': 'road'}
 {'abbreviation': None, 'name': 'vs. Conf.', 'summary': '0-0', 'type': 'vsconf'}]",,,BAY,TEX,154734,af5c37,ffb81c,ffffff,TEX,af5c37,ffffff,BAY,154734,ffb81c,https://raw.githubusercontent.com/sportsdataverse/wehoop-wbb-raw/main/wbb/json/final/401817583.json,2025-12-14T18:00Z,TRUE,,
401813228,2025-12-14T18:00Z,Ohio State,Toledo,Home,W,85,60,https://a.espncdn.com/i/teamlogos/ncaa/500/194.png,https://a.espncdn.com/i/teamlogos/ncaa/500/2649.png,21,99,7,14,,,FALSE,1,,STATUS_FINAL,7,TRUE,21,"[{'abbreviation': 'Game', 'name': 'overall', 'summary': '9-1', 'type': 'total'}
 {'abbreviation': None, 'name': 'Home', 'summary': '6-0', 'type': 'home'}
 {'abbreviation': None, 'name': 'Road', 'summary': '1-1', 'type': 'road'}
 {'abbreviation': None, 'name': 'vs. Conf.', 'summary': '1-0', 'type': 'vsconf'}]",14,FALSE,99,"[{'abbreviation': 'Game', 'name': 'overall', 'summary': '3-5', 'type': 'total'}
 {'abbreviation': None, 'name': 'Home', 'summary': '2-2', 'type': 'home'}
 {'abbreviation': None, 'name': 'Road', 'summary': '1-3', 'type': 'road'}
 {'abbreviation': None, 'name': 'vs. Conf.', 'summary': '0-0', 'type': 'vsconf'}]",,,OSU,TOL,ba0c2f,0b2240,a8adb4,ffcd00,OSU,ba0c2f,a8adb4,TOL,0b2240,ffcd00,https://raw.githubusercontent.com/sportsdataverse/wehoop-wbb-raw/main/wbb/json/final/401813228.json,2025-12-14T18:00Z,TRUE,,
401817583,2025-12-14T18:00Z,Texas,Baylor,Neutral,W,89,54,https://a.espncdn.com/i/teamlogos/ncaa/500/251.png,https://a.espncdn.com/i/teamlogos/ncaa/500/239.png,2,13,23,8,,,FALSE,1,Sprouts Farmers Market espnW Invitational,STATUS_FINAL,23,TRUE,2,"[{'abbreviation': 'Game', 'name': 'overall', 'summary': '12-0', 'type': 'total'}
 {'abbreviation': None, 'name': 'Home', 'summary': '8-0', 'type': 'home'}
 {'abbreviation': None, 'name': 'Road', 'summary': '1-0', 'type': 'road'}
 {'abbreviation': None, 'name': 'vs. Conf.', 'summary': '0-0', 'type': 'vsconf'}]",8,FALSE,13,"[{'abbreviation': 'Game', 'name': 'overall', 'summary': '10-2', 'type': 'total'}
 {'abbreviation': None, 'name': 'Home', 'summary': '7-0', 'type': 'home'}
 {'abbreviation': None, 'name': 'Road', 'summary': '1-0', 'type': 'road'}
 {'abbreviation': None, 'name': 'vs. Conf.', 'summary': '0-0', 'type': 'vsconf'}]",,,TEX,BAY,af5c37,154734,ffffff,ffb81c,TEX,af5c37,ffffff,BAY,154734,ffb81c,https://raw.githubusercontent.com/sportsdataverse/wehoop-wbb-raw/main/wbb/json/final/401817583.json,2025-12-14T18:00Z,TRUE,,
401818654,2025-12-14T17:00Z,Nebraska,Illinois State,Home,W,85,44,https://a.espncdn.com/i/teamlogos/ncaa/500/158.png,https://a.espncdn.com/i/teamlogos/ncaa/500/2287.png,24,99,7,18,,,FALSE,1,,STATUS_FINAL,7,TRUE,24,"[{'abbreviation': 'Game', 'name': 'overall', 'summary': '11-0', 'type': 'total'}
 {'abbreviation': None, 'name': 'Home', 'summary': '7-0', 'type': 'home'}
 {'abbreviation': None, 'name': 'Road', 'summary': '1-0', 'type': 'road'}
 {'abbreviation': None, 'name': 'vs. Conf.', 'summary': '1-0', 'type': 'vsconf'}]",18,FALSE,99,"[{'abbreviation': 'Game', 'name': 'overall', 'summary': '5-6', 'type': 'total'}
 {'abbreviation': None, 'name': 'Home', 'summary': '4-0', 'type': 'home'}
 {'abbreviation': None, 'name': 'Road', 'summary': '1-3', 'type': 'road'}
 {'abbreviation': None, 'name': 'vs. Conf.', 'summary': '0-1', 'type': 'vsconf'}]",,,NEB,ILST,e31937,CE1126,ffffff,ffe716,NEB,e31937,ffffff,ILST,CE1126,ffe716,https://raw.githubusercontent.com/sportsdataverse/wehoop-wbb-raw/main/wbb/json/final/401818654.json,2025-12-14T17:00Z,TRUE,,
401817376,2025-12-13T23:07Z,LSU,Louisiana Tech,Neutral,W,87,61,https://a.espncdn.com/i/teamlogos/ncaa/500/99.png,https://a.espncdn.com/i/teamlogos/ncaa/500/2348.png,5,99,23,11,,,FALSE,1,Compete 4 Cause Classic,STATUS_FINAL,23,TRUE,5,"[{'abbreviation': 'Game', 'name': 'overall', 'summary': '11-0', 'type': 'total'}
 {'abbreviation': None, 'name': 'Home', 'summary': '4-0', 'type': 'home'}
 {'abbreviation': None, 'name': 'Road', 'summary': '4-0', 'type': 'road'}
 {'abbreviation': None, 'name': 'vs. Conf.', 'summary': '0-0', 'type': 'vsconf'}]",11,FALSE,99,"[{'abbreviation': 'Game', 'name': 'overall', 'summary': '5-4', 'type': 'total'}
 {'abbreviation': None, 'name': 'Home', 'summary': '5-0', 'type': 'home'}
 {'abbreviation': None, 'name': 'Road', 'summary': '0-3', 'type': 'road'}
 {'abbreviation': None, 'name': 'vs. Conf.', 'summary': '0-0', 'type': 'vsconf'}]",,,LSU,LT,461d76,3087,fdd023,cb333b,LSU,461d76,fdd023,LT,3087,cb333b,https://raw.githubusercontent.com/sportsdataverse/wehoop-wbb-raw/main/wbb/json/final/401817376.json,2025-12-13T23:07Z,TRUE,,
401817388,2025-12-13T22:30Z,UConn,USC,Away,W,79,51,https://a.espncdn.com/i/teamlogos/ncaa/500/41.png,https://a.espncdn.com/i/teamlogos/ncaa/500/30.png,1,16,4,7,,,FALSE,1,,STATUS_FINAL,7,FALSE,16,"[{'abbreviation': 'Game', 'name': 'overall', 'summary': '7-3', 'type': 'total'}
 {'abbreviation': None, 'name': 'Home', 'summary': '6-1', 'type': 'home'}
 {'abbreviation': None, 'name': 'Road', 'summary': '0-1', 'type': 'road'}
 {'abbreviation': None, 'name': 'vs. Conf.', 'summary': '1-0', 'type': 'vsconf'}]",4,TRUE,1,"[{'abbreviation': 'Game', 'name': 'overall', 'summary': '10-0', 'type': 'total'}
 {'abbreviation': None, 'name': 'Home', 'summary': '4-0', 'type': 'home'}
 {'abbreviation': None, 'name': 'Road', 'summary': '3-0', 'type': 'road'}
 {'abbreviation': None, 'name': 'vs. Conf.', 'summary': '2-0', 'type': 'vsconf'}]",,,CONN,USC,0c2340,9d2235,a2aaad,ffc72c,USC,9d2235,ffc72c,CONN,0c2340,a2aaad,https://raw.githubusercontent.com/sportsdataverse/wehoop-wbb-raw/main/wbb/json/final/401817388.json,2025-12-13T22:30Z,TRUE,,
401817388,2025-12-13T22:30Z,USC,UConn,Home,L,51,79,https://a.espncdn.com/i/teamlogos/ncaa/500/30.png,https://a.espncdn.com/i/teamlogos/ncaa/500/41.png,16,1,7,4,,,FALSE,1,,STATUS_FINAL,7,FALSE,16,"[{'abbreviation': 'Game', 'name': 'overall', 'summary': '7-3', 'type': 'total'}
 {'abbreviation': None, 'name': 'Home', 'summary': '6-1', 'type': 'home'}
 {'abbreviation': None, 'name': 'Road', 'summary': '0-1', 'type': 'road'}
 {'abbreviation': None, 'name': 'vs. Conf.', 'summary': '1-0', 'type': 'vsconf'}]",4,TRUE,1,"[{'abbreviation': 'Game', 'name': 'overall', 'summary': '10-0', 'type': 'total'}
 {'abbreviation': None, 'name': 'Home', 'summary': '4-0', 'type': 'home'}
 {'abbreviation': None, 'name': 'Road', 'summary': '3-0', 'type': 'road'}
 {'abbreviation': None, 'name': 'vs. Conf.', 'summary': '2-0', 'type': 'vsconf'}]",,,USC,CONN,9d2235,0c2340,ffc72c,a2aaad,USC,9d2235,ffc72c,CONN,0c2340,a2aaad,https://raw.githubusercontent.com/sportsdataverse/wehoop-wbb-raw/main/wbb/json/final/401817388.json,2025-12-13T22:30Z,TRUE,,
401824194,2025-12-13T21:07Z,Oklahoma State,Oklahoma,Neutral,L,70,92,https://a.espncdn.com/i/teamlogos/ncaa/500/197.png,https://a.espncdn.com/i/teamlogos/ncaa/500/201.png,23,9,8,23,,,FALSE,1,,STATUS_FINAL,8,FALSE,23,"[{'abbreviation': 'Game', 'name': 'overall', 'summary': '10-2', 'type': 'total'}
 {'abbreviation': None, 'name': 'Home', 'summary': '7-0', 'type': 'home'}
 {'abbreviation': None, 'name': 'Road', 'summary': '1-1', 'type': 'road'}
 {'abbreviation': None, 'name': 'vs. Conf.', 'summary': '0-0', 'type': 'vsconf'}]",23,TRUE,9,"[{'abbreviation': 'Game', 'name': 'overall', 'summary': '11-1', 'type': 'total'}
 {'abbreviation': None, 'name': 'Home', 'summary': '7-0', 'type': 'home'}
 {'abbreviation': None, 'name': 'Road', 'summary': '1-0', 'type': 'road'}
 {'abbreviation': None, 'name': 'vs. Conf.', 'summary': '0-0', 'type': 'vsconf'}]",,,OKST,OU,fe5c00,990000,0,ffffff,OKST,fe5c00,0,OU,990000,ffffff,https://raw.githubusercontent.com/sportsdataverse/wehoop-wbb-raw/main/wbb/json/final/401824194.json,2025-12-13T21:07Z,TRUE,,
401824194,2025-12-13T21:07Z,Oklahoma,Oklahoma State,Neutral,W,92,70,https://a.espncdn.com/i/teamlogos/ncaa/500/201.png,https://a.espncdn.com/i/teamlogos/ncaa/500/197.png,9,23,23,8,,,FALSE,1,,STATUS_FINAL,8,FALSE,23,"[{'abbreviation': 'Game', 'name': 'overall', 'summary': '10-2', 'type': 'total'}
 {'abbreviation': None, 'name': 'Home', 'summary': '7-0', 'type': 'home'}
 {'abbreviation': None, 'name': 'Road', 'summary': '1-1', 'type': 'road'}
 {'abbreviation': None, 'name': 'vs. Conf.', 'summary': '0-0', 'type': 'vsconf'}]",23,TRUE,9,"[{'abbreviation': 'Game', 'name': 'overall', 'summary': '11-1', 'type': 'total'}
 {'abbreviation': None, 'name': 'Home', 'summary': '7-0', 'type': 'home'}
 {'abbreviation': None, 'name': 'Road', 'summary': '1-0', 'type': 'road'}
 {'abbreviation': None, 'name': 'vs. Conf.', 'summary': '0-0', 'type': 'vsconf'}]",,,OU,OKST,990000,fe5c00,ffffff,0,OKST,fe5c00,0,OU,990000,ffffff,https://raw.githubusercontent.com/sportsdataverse/wehoop-wbb-raw/main/wbb/json/final/401824194.json,2025-12-13T21:07Z,TRUE,,
401826681,2025-12-13T20:00Z,Washington,Green Bay,Home,W,79,74,https://a.espncdn.com/i/teamlogos/ncaa/500/264.png,https://a.espncdn.com/i/teamlogos/ncaa/500/2739.png,20,99,7,45,,,FALSE,1,,STATUS_FINAL,7,TRUE,20,"[{'abbreviation': 'Game', 'name': 'overall', 'summary': '9-1', 'type': 'total'}
 {'abbreviation': None, 'name': 'Home', 'summary': '8-0', 'type': 'home'}
 {'abbreviation': None, 'name': 'Road', 'summary': '1-1', 'type': 'road'}
 {'abbreviation': None, 'name': 'vs. Conf.', 'summary': '0-1', 'type': 'vsconf'}]",45,FALSE,99,"[{'abbreviation': 'Game', 'name': 'overall', 'summary': '8-4', 'type': 'total'}
 {'abbreviation': None, 'name': 'Home', 'summary': '5-0', 'type': 'home'}
 {'abbreviation': None, 'name': 'Road', 'summary': '3-2', 'type': 'road'}
 {'abbreviation': None, 'name': 'vs. Conf.', 'summary': '3-0', 'type': 'vsconf'}]",,,WASH,GB,33006f,6633,e8d3a2,ffffff,WASH,33006f,e8d3a2,GB,6633,ffffff,https://raw.githubusercontent.com/sportsdataverse/wehoop-wbb-raw/main/wbb/json/final/401826681.json,2025-12-13T20:00Z,TRUE,,
401818635,2025-12-13T20:00Z,Iowa,Lindenwood,Home,W,102,68,https://a.espncdn.com/i/teamlogos/ncaa/500/2294.png,https://a.espncdn.com/i/teamlogos/ncaa/500/2815.png,11,99,7,20,,,FALSE,1,,STATUS_FINAL,7,TRUE,11,"[{'abbreviation': 'Game', 'name': 'overall', 'summary': '10-1', 'type': 'total'}
 {'abbreviation': None, 'name': 'Home', 'summary': '6-0', 'type': 'home'}
 {'abbreviation': None, 'name': 'Road', 'summary': '2-1', 'type': 'road'}
 {'abbreviation': None, 'name': 'vs. Conf.', 'summary': '1-0', 'type': 'vsconf'}]",20,FALSE,99,"[{'abbreviation': 'Game', 'name': 'overall', 'summary': '7-3', 'type': 'total'}
 {'abbreviation': None, 'name': 'Home', 'summary': '3-0', 'type': 'home'}
 {'abbreviation': None, 'name': 'Road', 'summary': '3-2', 'type': 'road'}
 {'abbreviation': None, 'name': 'vs. Conf.', 'summary': '0-0', 'type': 'vsconf'}]",,,IOWA,LIN,231f20,0,fcd116,,IOWA,231f20,fcd116,LIN,0,,https://raw.githubusercontent.com/sportsdataverse/wehoop-wbb-raw/main/wbb/json/final/401818635.json,2025-12-13T20:00Z,TRUE,,
401824157,2025-12-13T19:00Z,Richmond,Liberty,Away,W,76,61,https://a.espncdn.com/i/teamlogos/ncaa/500/257.png,https://a.espncdn.com/i/teamlogos/ncaa/500/2335.png,99,99,3,11,,,FALSE,1,,STATUS_FINAL,11,FALSE,99,"[{'abbreviation': 'Game', 'name': 'overall', 'summary': '6-3', 'type': 'total'}
 {'abbreviation': None, 'name': 'Home', 'summary': '3-2', 'type': 'home'}
 {'abbreviation': None, 'name': 'Road', 'summary': '1-1', 'type': 'road'}
 {'abbreviation': None, 'name': 'vs. Conf.', 'summary': '0-0', 'type': 'vsconf'}]",3,TRUE,99,"[{'abbreviation': 'Game', 'name': 'overall', 'summary': '8-3', 'type': 'total'}
 {'abbreviation': None, 'name': 'Home', 'summary': '4-1', 'type': 'home'}
 {'abbreviation': None, 'name': 'Road', 'summary': '3-1', 'type': 'road'}
 {'abbreviation': None, 'name': 'vs. Conf.', 'summary': '1-0', 'type': 'vsconf'}]",,,RICH,LIB,9e0712,0a254e,b90b2e,b72025,LIB,0a254e,b72025,RICH,9e0712,b90b2e,https://raw.githubusercontent.com/sportsdataverse/wehoop-wbb-raw/main/wbb/json/final/401824157.json,2025-12-13T19:00Z,TRUE,,
401827456,2025-12-13T18:00Z,Ole Miss,Wofford,Home,W,86,52,https://a.espncdn.com/i/teamlogos/ncaa/500/145.png,https://a.espncdn.com/i/teamlogos/ncaa/500/2747.png,17,99,23,24,,,FALSE,1,,STATUS_FINAL,23,TRUE,17,"[{'abbreviation': 'Game', 'name': 'overall', 'summary': '9-1', 'type': 'total'}
 {'abbreviation': None, 'name': 'Home', 'summary': '5-0', 'type': 'home'}
 {'abbreviation': None, 'name': 'Road', 'summary': '2-0', 'type': 'road'}
 {'abbreviation': None, 'name': 'vs. Conf.', 'summary': '0-0', 'type': 'vsconf'}]",24,FALSE,99,"[{'abbreviation': 'Game', 'name': 'overall', 'summary': '4-6', 'type': 'total'}
 {'abbreviation': None, 'name': 'Home', 'summary': '2-2', 'type': 'home'}
 {'abbreviation': None, 'name': 'Road', 'summary': '2-4', 'type': 'road'}
 {'abbreviation': None, 'name': 'vs. Conf.', 'summary': '0-0', 'type': 'vsconf'}]",,,MISS,WOF,13294b,533B24,cf142b,f0f0f0,MISS,13294b,cf142b,WOF,533B24,f0f0f0,https://raw.githubusercontent.com/sportsdataverse/wehoop-wbb-raw/main/wbb/json/final/401827456.json,2025-12-13T18:00Z,TRUE,,
401820856,2025-12-13T17:00Z,Michigan,Akron,Home,W,85,59,https://a.espncdn.com/i/teamlogos/ncaa/500/130.png,https://a.espncdn.com/i/teamlogos/ncaa/500/2006.png,6,99,7,14,,,FALSE,1,,STATUS_FINAL,7,TRUE,6,"[{'abbreviation': 'Game', 'name': 'overall', 'summary': '9-1', 'type': 'total'}
 {'abbreviation': None, 'name': 'Home', 'summary': '6-0', 'type': 'home'}
 {'abbreviation': None, 'name': 'Road', 'summary': '1-0', 'type': 'road'}
 {'abbreviation': None, 'name': 'vs. Conf.', 'summary': '1-0', 'type': 'vsconf'}]",14,FALSE,99,"[{'abbreviation': 'Game', 'name': 'overall', 'summary': '1-8', 'type': 'total'}
 {'abbreviation': None, 'name': 'Home', 'summary': '1-3', 'type': 'home'}
 {'abbreviation': None, 'name': 'Road', 'summary': '0-5', 'type': 'road'}
 {'abbreviation': None, 'name': 'vs. Conf.', 'summary': '0-0', 'type': 'vsconf'}]",,,MICH,AKR,00274c,4.10E+43,ffcb05,c5b783,MICH,00274c,ffcb05,AKR,4.10E+43,c5b783,https://raw.githubusercontent.com/sportsdataverse/wehoop-wbb-raw/main/wbb/json/final/401820856.json,2025-12-13T17:00Z,TRUE,,
401822799,2025-12-13T02:00Z,Texas Tech,Washington State,Away,W,82,51,https://a.espncdn.com/i/teamlogos/ncaa/500/2641.png,https://a.espncdn.com/i/teamlogos/ncaa/500/265.png,99,99,8,29,,,FALSE,1,,STATUS_FINAL,29,FALSE,99,"[{'abbreviation': 'Game', 'name': 'overall', 'summary': '1-10', 'type': 'total'}
 {'abbreviation': None, 'name': 'Home', 'summary': '0-5', 'type': 'home'}
 {'abbreviation': None, 'name': 'Road', 'summary': '0-3', 'type': 'road'}
 {'abbreviation': None, 'name': 'vs. Conf.', 'summary': '0-0', 'type': 'vsconf'}]",8,TRUE,99,"[{'abbreviation': 'Game', 'name': 'overall', 'summary': '11-0', 'type': 'total'}
 {'abbreviation': None, 'name': 'Home', 'summary': '7-0', 'type': 'home'}
 {'abbreviation': None, 'name': 'Road', 'summary': '2-0', 'type': 'road'}
 {'abbreviation': None, 'name': 'vs. Conf.', 'summary': '0-0', 'type': 'vsconf'}]",,,TTU,WSU,da291c,a60f2d,0,4d4d4d,WSU,a60f2d,4d4d4d,TTU,da291c,0,https://raw.githubusercontent.com/sportsdataverse/wehoop-wbb-raw/main/wbb/json/final/401822799.json,2025-12-13T02:00Z,TRUE,,
401819762,2025-12-13T00:00Z,Fairfield,Maine,Home,W,74,51,https://a.espncdn.com/i/teamlogos/ncaa/500/2217.png,https://a.espncdn.com/i/teamlogos/ncaa/500/311.png,99,99,13,1,,,FALSE,1,,STATUS_FINAL,13,TRUE,99,"[{'abbreviation': 'Game', 'name': 'overall', 'summary': '6-3', 'type': 'total'}
 {'abbreviation': None, 'name': 'Home', 'summary': '3-0', 'type': 'home'}
 {'abbreviation': None, 'name': 'Road', 'summary': '2-2', 'type': 'road'}
 {'abbreviation': None, 'name': 'vs. Conf.', 'summary': '0-0', 'type': 'vsconf'}]",1,FALSE,99,"[{'abbreviation': 'Game', 'name': 'overall', 'summary': '3-8', 'type': 'total'}
 {'abbreviation': None, 'name': 'Home', 'summary': '2-2', 'type': 'home'}
 {'abbreviation': None, 'name': 'Road', 'summary': '0-5', 'type': 'road'}
 {'abbreviation': None, 'name': 'vs. Conf.', 'summary': '0-0', 'type': 'vsconf'}]",,,FAIR,ME,0,127dbe,ebebeb,,FAIR,0,ebebeb,ME,127dbe,,https://raw.githubusercontent.com/sportsdataverse/wehoop-wbb-raw/main/wbb/json/final/401819762.json,2025-12-13T00:00Z,TRUE,,
401813194,2025-12-12T00:00Z,West Virginia,Georgia Tech,Home,W,82,50,https://a.espncdn.com/i/teamlogos/ncaa/500/277.png,https://a.espncdn.com/i/teamlogos/ncaa/500/59.png,99,99,8,2,,,FALSE,1,,STATUS_FINAL,8,TRUE,99,"[{'abbreviation': 'Game', 'name': 'overall', 'summary': '9-2', 'type': 'total'}
 {'abbreviation': None, 'name': 'Home', 'summary': '7-1', 'type': 'home'}
 {'abbreviation': None, 'name': 'Road', 'summary': '0-0', 'type': 'road'}
 {'abbreviation': None, 'name': 'vs. Conf.', 'summary': '0-0', 'type': 'vsconf'}]",2,FALSE,99,"[{'abbreviation': 'Game', 'name': 'overall', 'summary': '4-7', 'type': 'total'}
 {'abbreviation': None, 'name': 'Home', 'summary': '4-2', 'type': 'home'}
 {'abbreviation': None, 'name': 'Road', 'summary': '0-3', 'type': 'road'}
 {'abbreviation': None, 'name': 'vs. Conf.', 'summary': '0-0', 'type': 'vsconf'}]",,,WVU,GT,eaaa00,b3a369,2855,ffffff,WVU,eaaa00,2855,GT,b3a369,ffffff,https://raw.githubusercontent.com/sportsdataverse/wehoop-wbb-raw/main/wbb/json/final/401813194.json,2025-12-12T00:00Z,TRUE,,
401825024,2025-12-12T00:00Z,Notre Dame,Morehead State,Home,W,97,48,https://a.espncdn.com/i/teamlogos/ncaa/500/87.png,https://a.espncdn.com/i/teamlogos/ncaa/500/2413.png,19,99,2,20,,,FALSE,1,,STATUS_FINAL,2,TRUE,19,"[{'abbreviation': 'Game', 'name': 'overall', 'summary': '7-2', 'type': 'total'}
 {'abbreviation': None, 'name': 'Home', 'summary': '6-0', 'type': 'home'}
 {'abbreviation': None, 'name': 'Road', 'summary': '1-1', 'type': 'road'}
 {'abbreviation': None, 'name': 'vs. Conf.', 'summary': '1-0', 'type': 'vsconf'}]",20,FALSE,99,"[{'abbreviation': 'Game', 'name': 'overall', 'summary': '4-6', 'type': 'total'}
 {'abbreviation': None, 'name': 'Home', 'summary': '2-2', 'type': 'home'}
 {'abbreviation': None, 'name': 'Road', 'summary': '2-4', 'type': 'road'}
 {'abbreviation': None, 'name': 'vs. Conf.', 'summary': '0-0', 'type': 'vsconf'}]",,,ND,MORE,62340,094FA3,c99700,fed91a,ND,62340,c99700,MORE,094FA3,fed91a,https://raw.githubusercontent.com/sportsdataverse/wehoop-wbb-raw/main/wbb/json/final/401825024.json,2025-12-12T00:00Z,TRUE,,
401829552,2025-12-12T00:00Z,Oklahoma,Little Rock,Home,W,103,48,https://a.espncdn.com/i/teamlogos/ncaa/500/201.png,https://a.espncdn.com/i/teamlogos/ncaa/500/2031.png,9,99,23,20,,,FALSE,1,,STATUS_FINAL,23,TRUE,9,"[{'abbreviation': 'Game', 'name': 'overall', 'summary': '10-1', 'type': 'total'}
 {'abbreviation': None, 'name': 'Home', 'summary': '7-0', 'type': 'home'}
 {'abbreviation': None, 'name': 'Road', 'summary': '1-0', 'type': 'road'}
 {'abbreviation': None, 'name': 'vs. Conf.', 'summary': '0-0', 'type': 'vsconf'}]",20,FALSE,99,"[{'abbreviation': 'Game', 'name': 'overall', 'summary': '3-6', 'type': 'total'}
 {'abbreviation': None, 'name': 'Home', 'summary': '2-2', 'type': 'home'}
 {'abbreviation': None, 'name': 'Road', 'summary': '0-4', 'type': 'road'}
 {'abbreviation': None, 'name': 'vs. Conf.', 'summary': '0-0', 'type': 'vsconf'}]",,,OU,LR,990000,AD0000,ffffff,898d8f,OU,990000,ffffff,LR,AD0000,898d8f,https://raw.githubusercontent.com/sportsdataverse/wehoop-wbb-raw/main/wbb/json/final/401829552.json,2025-12-12T00:00Z,TRUE,,
401818670,2025-12-11T23:30Z,Ohio State,Northern Kentucky,Home,W,94,62,https://a.espncdn.com/i/teamlogos/ncaa/500/194.png,https://a.espncdn.com/i/teamlogos/ncaa/500/94.png,21,99,7,45,,,FALSE,1,,STATUS_FINAL,7,TRUE,21,"[{'abbreviation': 'Game', 'name': 'overall', 'summary': '8-1', 'type': 'total'}
 {'abbreviation': None, 'name': 'Home', 'summary': '5-0', 'type': 'home'}
 {'abbreviation': None, 'name': 'Road', 'summary': '1-1', 'type': 'road'}
 {'abbreviation': None, 'name': 'vs. Conf.', 'summary': '1-0', 'type': 'vsconf'}]",45,FALSE,99,"[{'abbreviation': 'Game', 'name': 'overall', 'summary': '3-9', 'type': 'total'}
 {'abbreviation': None, 'name': 'Home', 'summary': '2-2', 'type': 'home'}
 {'abbreviation': None, 'name': 'Road', 'summary': '0-6', 'type': 'road'}
 {'abbreviation': None, 'name': 'vs. Conf.', 'summary': '0-2', 'type': 'vsconf'}]",,,OSU,NKU,ba0c2f,ffc82e,a8adb4,0,OSU,ba0c2f,a8adb4,NKU,ffc82e,0,https://raw.githubusercontent.com/sportsdataverse/wehoop-wbb-raw/main/wbb/json/final/401818670.json,2025-12-11T23:30Z,TRUE,,
401817570,2025-12-11T02:00Z,Louisville,Ball State,Home,W,93,62,https://a.espncdn.com/i/teamlogos/ncaa/500/97.png,https://a.espncdn.com/i/teamlogos/ncaa/500/2050.png,22,99,2,14,,,FALSE,1,,STATUS_FINAL,2,TRUE,22,"[{'abbreviation': 'Game', 'name': 'overall', 'summary': '9-3', 'type': 'total'}
 {'abbreviation': None, 'name': 'Home', 'summary': '7-2', 'type': 'home'}
 {'abbreviation': None, 'name': 'Road', 'summary': '1-0', 'type': 'road'}
 {'abbreviation': None, 'name': 'vs. Conf.', 'summary': '1-0', 'type': 'vsconf'}]",14,FALSE,99,"[{'abbreviation': 'Game', 'name': 'overall', 'summary': '8-3', 'type': 'total'}
 {'abbreviation': None, 'name': 'Home', 'summary': '3-1', 'type': 'home'}
 {'abbreviation': None, 'name': 'Road', 'summary': '3-2', 'type': 'road'}
 {'abbreviation': None, 'name': 'vs. Conf.', 'summary': '0-0', 'type': 'vsconf'}]",,,LOU,BALL,c9001f,ba0c2f,ffffff,ffffff,LOU,c9001f,ffffff,BALL,ba0c2f,ffffff,https://raw.githubusercontent.com/sportsdataverse/wehoop-wbb-raw/main/wbb/json/final/401817570.json,2025-12-11T02:00Z,TRUE,,
401824260,2025-12-11T01:00Z,Minnesota,Alabama A&M,Home,W,82,44,https://a.espncdn.com/i/teamlogos/ncaa/500/135.png,https://a.espncdn.com/i/teamlogos/ncaa/500/2010.png,99,99,7,26,,,FALSE,1,,STATUS_FINAL,7,TRUE,99,"[{'abbreviation': 'Game', 'name': 'overall', 'summary': '7-3', 'type': 'total'}
 {'abbreviation': None, 'name': 'Home', 'summary': '6-1', 'type': 'home'}
 {'abbreviation': None, 'name': 'Road', 'summary': '0-1', 'type': 'road'}
 {'abbreviation': None, 'name': 'vs. Conf.', 'summary': '0-1', 'type': 'vsconf'}]",26,FALSE,99,"[{'abbreviation': 'Game', 'name': 'overall', 'summary': '3-7', 'type': 'total'}
 {'abbreviation': None, 'name': 'Home', 'summary': '3-1', 'type': 'home'}
 {'abbreviation': None, 'name': 'Road', 'summary': '0-4', 'type': 'road'}
 {'abbreviation': None, 'name': 'vs. Conf.', 'summary': '0-0', 'type': 'vsconf'}]",,,MINN,AAMU,5e0a2f,790000,fab41c,ffffff,MINN,5e0a2f,fab41c,AAMU,790000,ffffff,https://raw.githubusercontent.com/sportsdataverse/wehoop-wbb-raw/main/wbb/json/final/401824260.json,2025-12-11T01:00Z,TRUE,,
401813745,2025-12-11T00:30Z,Princeton,Rutgers,Home,W,81,63,https://a.espncdn.com/i/teamlogos/ncaa/500/163.png,https://a.espncdn.com/i/teamlogos/ncaa/500/164.png,99,99,12,7,,,FALSE,1,,STATUS_FINAL,12,TRUE,99,"[{'abbreviation': 'Game', 'name': 'overall', 'summary': '10-1', 'type': 'total'}
 {'abbreviation': None, 'name': 'Home', 'summary': '4-0', 'type': 'home'}
 {'abbreviation': None, 'name': 'Road', 'summary': '4-1', 'type': 'road'}
 {'abbreviation': None, 'name': 'vs. Conf.', 'summary': '0-0', 'type': 'vsconf'}]",7,FALSE,99,"[{'abbreviation': 'Game', 'name': 'overall', 'summary': '7-4', 'type': 'total'}
 {'abbreviation': None, 'name': 'Home', 'summary': '7-2', 'type': 'home'}
 {'abbreviation': None, 'name': 'Road', 'summary': '0-2', 'type': 'road'}
 {'abbreviation': None, 'name': 'vs. Conf.', 'summary': '0-1', 'type': 'vsconf'}]",,,PRIN,RUTG,0,ce0e2d,ff6000,ffffff,PRIN,0,ff6000,RUTG,ce0e2d,ffffff,https://raw.githubusercontent.com/sportsdataverse/wehoop-wbb-raw/main/wbb/json/final/401813745.json,2025-12-11T00:30Z,TRUE,,
401818603,2025-12-11T00:30Z,Texas,UT Rio Grande Valley,Away,W,110,45,https://a.espncdn.com/i/teamlogos/ncaa/500/251.png,https://a.espncdn.com/i/teamlogos/ncaa/500/292.png,2,99,23,25,,,FALSE,1,,STATUS_FINAL,25,FALSE,99,"[{'abbreviation': 'Game', 'name': 'overall', 'summary': '3-5', 'type': 'total'}
 {'abbreviation': None, 'name': 'Home', 'summary': '2-2', 'type': 'home'}
 {'abbreviation': None, 'name': 'Road', 'summary': '1-3', 'type': 'road'}
 {'abbreviation': None, 'name': 'vs. Conf.', 'summary': '0-1', 'type': 'vsconf'}]",23,TRUE,2,"[{'abbreviation': 'Game', 'name': 'overall', 'summary': '11-0', 'type': 'total'}
 {'abbreviation': None, 'name': 'Home', 'summary': '8-0', 'type': 'home'}
 {'abbreviation': None, 'name': 'Road', 'summary': '1-0', 'type': 'road'}
 {'abbreviation': None, 'name': 'vs. Conf.', 'summary': '0-0', 'type': 'vsconf'}]",,,TEX,RGV,af5c37,dc6000,ffffff,e1732d,RGV,dc6000,e1732d,TEX,af5c37,ffffff,https://raw.githubusercontent.com/sportsdataverse/wehoop-wbb-raw/main/wbb/json/final/401818603.json,2025-12-11T00:30Z,TRUE,,
401817415,2025-12-11T00:00Z,Illinois,Missouri,Away,W,70,62,https://a.espncdn.com/i/teamlogos/ncaa/500/356.png,https://a.espncdn.com/i/teamlogos/ncaa/500/142.png,99,99,7,23,,,FALSE,1,,STATUS_FINAL,23,FALSE,99,"[{'abbreviation': 'Game', 'name': 'overall', 'summary': '9-3', 'type': 'total'}
 {'abbreviation': None, 'name': 'Home', 'summary': '5-2', 'type': 'home'}
 {'abbreviation': None, 'name': 'Road', 'summary': '1-0', 'type': 'road'}
 {'abbreviation': None, 'name': 'vs. Conf.', 'summary': '0-0', 'type': 'vsconf'}]",7,TRUE,99,"[{'abbreviation': 'Game', 'name': 'overall', 'summary': '9-1', 'type': 'total'}
 {'abbreviation': None, 'name': 'Home', 'summary': '7-0', 'type': 'home'}
 {'abbreviation': None, 'name': 'Road', 'summary': '2-1', 'type': 'road'}
 {'abbreviation': None, 'name': 'vs. Conf.', 'summary': '1-0', 'type': 'vsconf'}]",,,ILL,MIZ,ff5f05,f1b82d,13294b,0,MIZ,f1b82d,0,ILL,ff5f05,13294b,https://raw.githubusercontent.com/sportsdataverse/wehoop-wbb-raw/main/wbb/json/final/401817415.json,2025-12-11T00:00Z,TRUE,,
401823665,2025-12-11T00:00Z,Syracuse,Colgate,Home,W,88,42,https://a.espncdn.com/i/teamlogos/ncaa/500/183.png,https://a.espncdn.com/i/teamlogos/ncaa/500/2142.png,99,99,2,22,,,FALSE,1,,STATUS_FINAL,2,TRUE,99,"[{'abbreviation': 'Game', 'name': 'overall', 'summary': '9-1', 'type': 'total'}
 {'abbreviation': None, 'name': 'Home', 'summary': '7-0', 'type': 'home'}
 {'abbreviation': None, 'name': 'Road', 'summary': '1-0', 'type': 'road'}
 {'abbreviation': None, 'name': 'vs. Conf.', 'summary': '1-0', 'type': 'vsconf'}]",22,FALSE,99,"[{'abbreviation': 'Game', 'name': 'overall', 'summary': '4-6', 'type': 'total'}
 {'abbreviation': None, 'name': 'Home', 'summary': '2-2', 'type': 'home'}
 {'abbreviation': None, 'name': 'Road', 'summary': '2-3', 'type': 'road'}
 {'abbreviation': None, 'name': 'vs. Conf.', 'summary': '0-0', 'type': 'vsconf'}]",,,SYR,COLG,0.00E+00,821019,ff431b,ffffff,SYR,0.00E+00,ff431b,COLG,821019,ffffff,https://raw.githubusercontent.com/sportsdataverse/wehoop-wbb-raw/main/wbb/json/final/401823665.json,2025-12-11T00:00Z,TRUE,,
401818634,2025-12-11T00:00Z,Iowa,Iowa State,Away,L,69,74,https://a.espncdn.com/i/teamlogos/ncaa/500/2294.png,https://a.espncdn.com/i/teamlogos/ncaa/500/66.png,11,10,7,8,,,FALSE,1,Jimmy V Women's Classic presented by Modelo,STATUS_FINAL,8,TRUE,10,"[{'abbreviation': 'Game', 'name': 'overall', 'summary': '11-0', 'type': 'total'}
 {'abbreviation': None, 'name': 'Home', 'summary': '8-0', 'type': 'home'}
 {'abbreviation': None, 'name': 'Road', 'summary': '1-0', 'type': 'road'}
 {'abbreviation': None, 'name': 'vs. Conf.', 'summary': '0-0', 'type': 'vsconf'}]",7,FALSE,11,"[{'abbreviation': 'Game', 'name': 'overall', 'summary': '9-1', 'type': 'total'}
 {'abbreviation': None, 'name': 'Home', 'summary': '5-0', 'type': 'home'}
 {'abbreviation': None, 'name': 'Road', 'summary': '2-1', 'type': 'road'}
 {'abbreviation': None, 'name': 'vs. Conf.', 'summary': '1-0', 'type': 'vsconf'}]",,,IOWA,ISU,231f20,ae192d,fcd116,ffc72a,ISU,ae192d,ffc72a,IOWA,231f20,fcd116,https://raw.githubusercontent.com/sportsdataverse/wehoop-wbb-raw/main/wbb/json/final/401818634.json,2025-12-11T00:00Z,TRUE,,
401825007,2025-12-11T00:00Z,Rhode Island,Providence,Away,W,57,51,https://a.espncdn.com/i/teamlogos/ncaa/500/227.png,https://a.espncdn.com/i/teamlogos/ncaa/500/2507.png,99,99,3,4,,,FALSE,1,,STATUS_FINAL,4,FALSE,99,"[{'abbreviation': 'Game', 'name': 'overall', 'summary': '6-5', 'type': 'total'}
 {'abbreviation': None, 'name': 'Home', 'summary': '5-2', 'type': 'home'}
 {'abbreviation': None, 'name': 'Road', 'summary': '1-2', 'type': 'road'}
 {'abbreviation': None, 'name': 'vs. Conf.', 'summary': '0-2', 'type': 'vsconf'}]",3,TRUE,99,"[{'abbreviation': 'Game', 'name': 'overall', 'summary': '9-2', 'type': 'total'}
 {'abbreviation': None, 'name': 'Home', 'summary': '4-1', 'type': 'home'}
 {'abbreviation': None, 'name': 'Road', 'summary': '5-1', 'type': 'road'}
 {'abbreviation': None, 'name': 'vs. Conf.', 'summary': '1-0', 'type': 'vsconf'}]",,,URI,PROV,091f3f,0,5ab3e8,a3a19e,PROV,0,a3a19e,URI,091f3f,5ab3e8,https://raw.githubusercontent.com/sportsdataverse/wehoop-wbb-raw/main/wbb/json/final/401825007.json,2025-12-11T00:00Z,TRUE,,
401818634,2025-12-11T00:00Z,Iowa State,Iowa,Home,W,74,69,https://a.espncdn.com/i/teamlogos/ncaa/500/66.png,https://a.espncdn.com/i/teamlogos/ncaa/500/2294.png,10,11,8,7,,,FALSE,1,Jimmy V Women's Classic presented by Modelo,STATUS_FINAL,8,TRUE,10,"[{'abbreviation': 'Game', 'name': 'overall', 'summary': '11-0', 'type': 'total'}
 {'abbreviation': None, 'name': 'Home', 'summary': '8-0', 'type': 'home'}
 {'abbreviation': None, 'name': 'Road', 'summary': '1-0', 'type': 'road'}
 {'abbreviation': None, 'name': 'vs. Conf.', 'summary': '0-0', 'type': 'vsconf'}]",7,FALSE,11,"[{'abbreviation': 'Game', 'name': 'overall', 'summary': '9-1', 'type': 'total'}
 {'abbreviation': None, 'name': 'Home', 'summary': '5-0', 'type': 'home'}
 {'abbreviation': None, 'name': 'Road', 'summary': '2-1', 'type': 'road'}
 {'abbreviation': None, 'name': 'vs. Conf.', 'summary': '1-0', 'type': 'vsconf'}]",,,ISU,IOWA,ae192d,231f20,ffc72a,fcd116,ISU,ae192d,ffc72a,IOWA,231f20,fcd116,https://raw.githubusercontent.com/sportsdataverse/wehoop-wbb-raw/main/wbb/json/final/401818634.json,2025-12-11T00:00Z,TRUE,,
401823674,2025-12-11T00:00Z,Virginia,Howard,Home,W,76,50,https://a.espncdn.com/i/teamlogos/ncaa/500/258.png,https://a.espncdn.com/i/teamlogos/ncaa/500/47.png,99,99,2,16,,,FALSE,1,,STATUS_FINAL,2,TRUE,99,"[{'abbreviation': 'Game', 'name': 'overall', 'summary': '8-3', 'type': 'total'}
 {'abbreviation': None, 'name': 'Home', 'summary': '6-1', 'type': 'home'}
 {'abbreviation': None, 'name': 'Road', 'summary': '1-1', 'type': 'road'}
 {'abbreviation': None, 'name': 'vs. Conf.', 'summary': '1-0', 'type': 'vsconf'}]",16,FALSE,99,"[{'abbreviation': 'Game', 'name': 'overall', 'summary': '7-5', 'type': 'total'}
 {'abbreviation': None, 'name': 'Home', 'summary': '3-0', 'type': 'home'}
 {'abbreviation': None, 'name': 'Road', 'summary': '4-5', 'type': 'road'}
 {'abbreviation': None, 'name': 'vs. Conf.', 'summary': '0-0', 'type': 'vsconf'}]",,,UVA,HOW,f84c1e,003a63,232d4b,e51937,UVA,f84c1e,232d4b,HOW,003a63,e51937,https://raw.githubusercontent.com/sportsdataverse/wehoop-wbb-raw/main/wbb/json/final/401823674.json,2025-12-11T00:00Z,TRUE,,
401823678,2025-12-10T23:00Z,Virginia Tech,Presbyterian,Home,W,92,36,https://a.espncdn.com/i/teamlogos/ncaa/500/259.png,https://a.espncdn.com/i/teamlogos/ncaa/500/2506.png,99,99,2,6,,,FALSE,1,,STATUS_FINAL,2,TRUE,99,"[{'abbreviation': 'Game', 'name': 'overall', 'summary': '8-3', 'type': 'total'}
 {'abbreviation': None, 'name': 'Home', 'summary': '7-1', 'type': 'home'}
 {'abbreviation': None, 'name': 'Road', 'summary': '0-1', 'type': 'road'}
 {'abbreviation': None, 'name': 'vs. Conf.', 'summary': '0-1', 'type': 'vsconf'}]",6,FALSE,99,"[{'abbreviation': 'Game', 'name': 'overall', 'summary': '2-9', 'type': 'total'}
 {'abbreviation': None, 'name': 'Home', 'summary': '2-1', 'type': 'home'}
 {'abbreviation': None, 'name': 'Road', 'summary': '0-6', 'type': 'road'}
 {'abbreviation': None, 'name': 'vs. Conf.', 'summary': '0-0', 'type': 'vsconf'}]",,,VT,PRES,6a2c3e,194896,cf4520,990134,VT,6a2c3e,cf4520,PRES,194896,990134,https://raw.githubusercontent.com/sportsdataverse/wehoop-wbb-raw/main/wbb/json/final/401823678.json,2025-12-10T23:00Z,TRUE,,
401818644,2025-12-10T23:00Z,Maryland,Delaware State,Home,W,91,21,https://a.espncdn.com/i/teamlogos/ncaa/500/120.png,https://a.espncdn.com/i/teamlogos/ncaa/500/2169.png,7,99,7,16,,,FALSE,1,,STATUS_FINAL,7,TRUE,7,"[{'abbreviation': 'Game', 'name': 'overall', 'summary': '12-0', 'type': 'total'}
 {'abbreviation': None, 'name': 'Home', 'summary': '9-0', 'type': 'home'}
 {'abbreviation': None, 'name': 'Road', 'summary': '1-0', 'type': 'road'}
 {'abbreviation': None, 'name': 'vs. Conf.', 'summary': '1-0', 'type': 'vsconf'}]",16,FALSE,99,"[{'abbreviation': 'Game', 'name': 'overall', 'summary': '3-8', 'type': 'total'}
 {'abbreviation': None, 'name': 'Home', 'summary': '3-2', 'type': 'home'}
 {'abbreviation': None, 'name': 'Road', 'summary': '0-6', 'type': 'road'}
 {'abbreviation': None, 'name': 'vs. Conf.', 'summary': '0-0', 'type': 'vsconf'}]",,,MD,DSU,ce1126,009cdb,ffffff,d51c28,MD,ce1126,ffffff,DSU,009cdb,d51c28,https://raw.githubusercontent.com/sportsdataverse/wehoop-wbb-raw/main/wbb/json/final/401818644.json,2025-12-10T23:00Z,TRUE,,
401818653,2025-12-10T01:00Z,Nebraska,Omaha,Home,W,87,35,https://a.espncdn.com/i/teamlogos/ncaa/500/158.png,https://a.espncdn.com/i/teamlogos/ncaa/500/2437.png,24,99,7,47,,,FALSE,1,,STATUS_FINAL,7,TRUE,24,"[{'abbreviation': 'Game', 'name': 'overall', 'summary': '10-0', 'type': 'total'}
 {'abbreviation': None, 'name': 'Home', 'summary': '6-0', 'type': 'home'}
 {'abbreviation': None, 'name': 'Road', 'summary': '1-0', 'type': 'road'}
 {'abbreviation': None, 'name': 'vs. Conf.', 'summary': '1-0', 'type': 'vsconf'}]",47,FALSE,99,"[{'abbreviation': 'Game', 'name': 'overall', 'summary': '1-9', 'type': 'total'}
 {'abbreviation': None, 'name': 'Home', 'summary': '1-3', 'type': 'home'}
 {'abbreviation': None, 'name': 'Road', 'summary': '0-6', 'type': 'road'}
 {'abbreviation': None, 'name': 'vs. Conf.', 'summary': '0-0', 'type': 'vsconf'}]",,,NEB,OMA,e31937,e3193e,ffffff,474648,NEB,e31937,ffffff,OMA,e3193e,474648,https://raw.githubusercontent.com/sportsdataverse/wehoop-wbb-raw/main/wbb/json/final/401818653.json,2025-12-10T01:00Z,TRUE,,
401824186,2025-12-09T17:00Z,Baylor,Alabama State,Home,W,90,36,https://a.espncdn.com/i/teamlogos/ncaa/500/239.png,https://a.espncdn.com/i/teamlogos/ncaa/500/2011.png,13,99,8,26,,,FALSE,1,,STATUS_FINAL,8,TRUE,13,"[{'abbreviation': 'Game', 'name': 'overall', 'summary': '10-1', 'type': 'total'}
 {'abbreviation': None, 'name': 'Home', 'summary': '7-0', 'type': 'home'}
 {'abbreviation': None, 'name': 'Road', 'summary': '1-0', 'type': 'road'}
 {'abbreviation': None, 'name': 'vs. Conf.', 'summary': '0-0', 'type': 'vsconf'}]",26,FALSE,99,"[{'abbreviation': 'Game', 'name': 'overall', 'summary': '2-6', 'type': 'total'}
 {'abbreviation': None, 'name': 'Home', 'summary': '2-1', 'type': 'home'}
 {'abbreviation': None, 'name': 'Road', 'summary': '0-5', 'type': 'road'}
 {'abbreviation': None, 'name': 'vs. Conf.', 'summary': '0-0', 'type': 'vsconf'}]",,,BAY,ALST,154734,e9a900,ffb81c,0a0a0a,BAY,154734,ffb81c,ALST,e9a900,0a0a0a,https://raw.githubusercontent.com/sportsdataverse/wehoop-wbb-raw/main/wbb/json/final/401824186.json,2025-12-09T17:00Z,TRUE,,
401822982,2025-12-09T00:00Z,West Virginia,Texas Southern,Home,W,109,40,https://a.espncdn.com/i/teamlogos/ncaa/500/277.png,https://a.espncdn.com/i/teamlogos/ncaa/500/2640.png,99,99,8,26,,,FALSE,1,,STATUS_FINAL,8,TRUE,99,"[{'abbreviation': 'Game', 'name': 'overall', 'summary': '8-2', 'type': 'total'}
 {'abbreviation': None, 'name': 'Home', 'summary': '6-1', 'type': 'home'}
 {'abbreviation': None, 'name': 'Road', 'summary': '0-0', 'type': 'road'}
 {'abbreviation': None, 'name': 'vs. Conf.', 'summary': '0-0', 'type': 'vsconf'}]",26,FALSE,99,"[{'abbreviation': 'Game', 'name': 'overall', 'summary': '3-5', 'type': 'total'}
 {'abbreviation': None, 'name': 'Home', 'summary': '3-0', 'type': 'home'}
 {'abbreviation': None, 'name': 'Road', 'summary': '0-3', 'type': 'road'}
 {'abbreviation': None, 'name': 'vs. Conf.', 'summary': '0-0', 'type': 'vsconf'}]",,,WVU,TXSO,eaaa00,860038,2855,ffffff,WVU,eaaa00,2855,TXSO,860038,ffffff,https://raw.githubusercontent.com/sportsdataverse/wehoop-wbb-raw/main/wbb/json/final/401822982.json,2025-12-09T00:00Z,TRUE,,
401825227,2025-12-08T01:00Z,USC,Washington,Home,W,59,50,https://a.espncdn.com/i/teamlogos/ncaa/500/30.png,https://a.espncdn.com/i/teamlogos/ncaa/500/264.png,16,21,7,7,,,TRUE,1,,STATUS_FINAL,7,TRUE,16,"[{'abbreviation': 'Game', 'name': 'overall', 'summary': '7-2', 'type': 'total'}
 {'abbreviation': None, 'name': 'Home', 'summary': '6-0', 'type': 'home'}
 {'abbreviation': None, 'name': 'Road', 'summary': '0-1', 'type': 'road'}
 {'abbreviation': None, 'name': 'vs. Conf.', 'summary': '1-0', 'type': 'vsconf'}]",7,FALSE,21,"[{'abbreviation': 'Game', 'name': 'overall', 'summary': '8-1', 'type': 'total'}
 {'abbreviation': None, 'name': 'Home', 'summary': '7-0', 'type': 'home'}
 {'abbreviation': None, 'name': 'Road', 'summary': '1-1', 'type': 'road'}
 {'abbreviation': None, 'name': 'vs. Conf.', 'summary': '0-1', 'type': 'vsconf'}]",7,Big Ten,USC,WASH,9d2235,33006f,ffc72c,e8d3a2,USC,9d2235,ffc72c,WASH,33006f,e8d3a2,https://raw.githubusercontent.com/sportsdataverse/wehoop-wbb-raw/main/wbb/json/final/401825227.json,2025-12-08T01:00Z,TRUE,,
401822278,2025-12-08T01:00Z,Mississippi State,Charlotte,Home,W,89,59,https://a.espncdn.com/i/teamlogos/ncaa/500/344.png,https://a.espncdn.com/i/teamlogos/ncaa/500/2429.png,99,99,23,62,,,FALSE,1,,STATUS_FINAL,23,TRUE,99,"[{'abbreviation': 'Game', 'name': 'overall', 'summary': '9-1', 'type': 'total'}
 {'abbreviation': None, 'name': 'Home', 'summary': '8-0', 'type': 'home'}
 {'abbreviation': None, 'name': 'Road', 'summary': '0-1', 'type': 'road'}
 {'abbreviation': None, 'name': 'vs. Conf.', 'summary': '0-0', 'type': 'vsconf'}]",62,FALSE,99,"[{'abbreviation': 'Game', 'name': 'overall', 'summary': '4-6', 'type': 'total'}
 {'abbreviation': None, 'name': 'Home', 'summary': '3-1', 'type': 'home'}
 {'abbreviation': None, 'name': 'Road', 'summary': '1-3', 'type': 'road'}
 {'abbreviation': None, 'name': 'vs. Conf.', 'summary': '0-0', 'type': 'vsconf'}]",,,MSST,CLT,5d1725,5035,c1c6c8,a49665,MSST,5d1725,c1c6c8,CLT,5035,a49665,https://raw.githubusercontent.com/sportsdataverse/wehoop-wbb-raw/main/wbb/json/final/401822278.json,2025-12-08T01:00Z,TRUE,,
401825227,2025-12-08T01:00Z,Washington,USC,Away,L,50,59,https://a.espncdn.com/i/teamlogos/ncaa/500/264.png,https://a.espncdn.com/i/teamlogos/ncaa/500/30.png,21,16,7,7,,,TRUE,1,,STATUS_FINAL,7,TRUE,16,"[{'abbreviation': 'Game', 'name': 'overall', 'summary': '7-2', 'type': 'total'}
 {'abbreviation': None, 'name': 'Home', 'summary': '6-0', 'type': 'home'}
 {'abbreviation': None, 'name': 'Road', 'summary': '0-1', 'type': 'road'}
 {'abbreviation': None, 'name': 'vs. Conf.', 'summary': '1-0', 'type': 'vsconf'}]",7,FALSE,21,"[{'abbreviation': 'Game', 'name': 'overall', 'summary': '8-1', 'type': 'total'}
 {'abbreviation': None, 'name': 'Home', 'summary': '7-0', 'type': 'home'}
 {'abbreviation': None, 'name': 'Road', 'summary': '1-1', 'type': 'road'}
 {'abbreviation': None, 'name': 'vs. Conf.', 'summary': '0-1', 'type': 'vsconf'}]",7,Big Ten,WASH,USC,33006f,9d2235,e8d3a2,ffc72c,USC,9d2235,ffc72c,WASH,33006f,e8d3a2,https://raw.githubusercontent.com/sportsdataverse/wehoop-wbb-raw/main/wbb/json/final/401825227.json,2025-12-08T01:00Z,TRUE,,
401825223,2025-12-07T23:00Z,Michigan State,Wisconsin,Away,L,64,78,https://a.espncdn.com/i/teamlogos/ncaa/500/127.png,https://a.espncdn.com/i/teamlogos/ncaa/500/275.png,20,99,7,7,,,TRUE,1,,STATUS_FINAL,7,TRUE,99,"[{'abbreviation': 'Game', 'name': 'overall', 'summary': '7-3', 'type': 'total'}
 {'abbreviation': None, 'name': 'Home', 'summary': '6-0', 'type': 'home'}
 {'abbreviation': None, 'name': 'Road', 'summary': '1-1', 'type': 'road'}
 {'abbreviation': None, 'name': 'vs. Conf.', 'summary': '1-0', 'type': 'vsconf'}]",7,FALSE,20,"[{'abbreviation': 'Game', 'name': 'overall', 'summary': '8-1', 'type': 'total'}
 {'abbreviation': None, 'name': 'Home', 'summary': '6-0', 'type': 'home'}
 {'abbreviation': None, 'name': 'Road', 'summary': '0-1', 'type': 'road'}
 {'abbreviation': None, 'name': 'vs. Conf.', 'summary': '0-1', 'type': 'vsconf'}]",7,Big Ten,MSU,WIS,173f35,a00000,ffffff,ffffff,WIS,a00000,ffffff,MSU,173f35,ffffff,https://raw.githubusercontent.com/sportsdataverse/wehoop-wbb-raw/main/wbb/json/final/401825223.json,2025-12-07T23:00Z,TRUE,,
401813267,2025-12-07T22:15Z,Alabama,UL Monroe,Home,W,75,38,https://a.espncdn.com/i/teamlogos/ncaa/500/333.png,https://a.espncdn.com/i/teamlogos/ncaa/500/2433.png,99,99,23,27,,,FALSE,1,,STATUS_FINAL,23,TRUE,99,"[{'abbreviation': 'Game', 'name': 'overall', 'summary': '10-0', 'type': 'total'}
 {'abbreviation': None, 'name': 'Home', 'summary': '8-0', 'type': 'home'}
 {'abbreviation': None, 'name': 'Road', 'summary': '0-0', 'type': 'road'}
 {'abbreviation': None, 'name': 'vs. Conf.', 'summary': '0-0', 'type': 'vsconf'}]",27,FALSE,99,"[{'abbreviation': 'Game', 'name': 'overall', 'summary': '6-3', 'type': 'total'}
 {'abbreviation': None, 'name': 'Home', 'summary': '6-0', 'type': 'home'}
 {'abbreviation': None, 'name': 'Road', 'summary': '0-3', 'type': 'road'}
 {'abbreviation': None, 'name': 'vs. Conf.', 'summary': '0-0', 'type': 'vsconf'}]",,,ALA,ULM,9e1b32,840029,ffffff,fdb913,ALA,9e1b32,ffffff,ULM,840029,fdb913,https://raw.githubusercontent.com/sportsdataverse/wehoop-wbb-raw/main/wbb/json/final/401813267.json,2025-12-07T22:15Z,TRUE,,
401831309,2025-12-07T21:30Z,Villanova,Saint Joseph's,Home,W,76,70,https://a.espncdn.com/i/teamlogos/ncaa/500/222.png,https://a.espncdn.com/i/teamlogos/ncaa/500/2603.png,99,99,4,3,,,FALSE,6,Big 5 Classic - Championship,STATUS_FINAL,4,TRUE,99,"[{'abbreviation': 'Game', 'name': 'overall', 'summary': '8-2', 'type': 'total'}
 {'abbreviation': None, 'name': 'Home', 'summary': '3-2', 'type': 'home'}
 {'abbreviation': None, 'name': 'Road', 'summary': '4-0', 'type': 'road'}
 {'abbreviation': None, 'name': 'vs. Conf.', 'summary': '1-0', 'type': 'vsconf'}]",3,FALSE,99,"[{'abbreviation': 'Game', 'name': 'overall', 'summary': '6-3', 'type': 'total'}
 {'abbreviation': None, 'name': 'Home', 'summary': '3-2', 'type': 'home'}
 {'abbreviation': None, 'name': 'Road', 'summary': '3-1', 'type': 'road'}
 {'abbreviation': None, 'name': 'vs. Conf.', 'summary': '0-1', 'type': 'vsconf'}]",,,VILL,JOES,00205b,9e1b32,13b5ea,6c6f70,VILL,00205b,13b5ea,JOES,9e1b32,6c6f70,https://raw.githubusercontent.com/sportsdataverse/wehoop-wbb-raw/main/wbb/json/final/401831309.json,2025-12-07T21:30Z,TRUE,,
401825222,2025-12-07T21:00Z,Maryland,Minnesota,Away,W,100,99,https://a.espncdn.com/i/teamlogos/ncaa/500/120.png,https://a.espncdn.com/i/teamlogos/ncaa/500/135.png,7,99,7,7,,,TRUE,1,,STATUS_FINAL,7,FALSE,99,"[{'abbreviation': 'Game', 'name': 'overall', 'summary': '6-3', 'type': 'total'}
 {'abbreviation': None, 'name': 'Home', 'summary': '5-1', 'type': 'home'}
 {'abbreviation': None, 'name': 'Road', 'summary': '0-1', 'type': 'road'}
 {'abbreviation': None, 'name': 'vs. Conf.', 'summary': '0-1', 'type': 'vsconf'}]",7,TRUE,7,"[{'abbreviation': 'Game', 'name': 'overall', 'summary': '11-0', 'type': 'total'}
 {'abbreviation': None, 'name': 'Home', 'summary': '8-0', 'type': 'home'}
 {'abbreviation': None, 'name': 'Road', 'summary': '1-0', 'type': 'road'}
 {'abbreviation': None, 'name': 'vs. Conf.', 'summary': '1-0', 'type': 'vsconf'}]",7,Big Ten,MD,MINN,ce1126,5e0a2f,ffffff,fab41c,MINN,5e0a2f,fab41c,MD,ce1126,ffffff,https://raw.githubusercontent.com/sportsdataverse/wehoop-wbb-raw/main/wbb/json/final/401825222.json,2025-12-07T21:00Z,TRUE,,
401807947,2025-12-07T21:00Z,LSU,New Orleans,Away,W,126,62,https://a.espncdn.com/i/teamlogos/ncaa/500/99.png,https://a.espncdn.com/i/teamlogos/ncaa/500/2443.png,5,99,23,25,,,FALSE,1,,STATUS_FINAL,25,FALSE,99,"[{'abbreviation': 'Game', 'name': 'overall', 'summary': '0-8', 'type': 'total'}
 {'abbreviation': None, 'name': 'Home', 'summary': '0-4', 'type': 'home'}
 {'abbreviation': None, 'name': 'Road', 'summary': '0-4', 'type': 'road'}
 {'abbreviation': None, 'name': 'vs. Conf.', 'summary': '0-1', 'type': 'vsconf'}]",23,TRUE,5,"[{'abbreviation': 'Game', 'name': 'overall', 'summary': '10-0', 'type': 'total'}
 {'abbreviation': None, 'name': 'Home', 'summary': '4-0', 'type': 'home'}
 {'abbreviation': None, 'name': 'Road', 'summary': '4-0', 'type': 'road'}
 {'abbreviation': None, 'name': 'vs. Conf.', 'summary': '0-0', 'type': 'vsconf'}]",,,LSU,UNO,461d76,005da6,fdd023,a2a9ae,UNO,005da6,a2a9ae,LSU,461d76,fdd023,https://raw.githubusercontent.com/sportsdataverse/wehoop-wbb-raw/main/wbb/json/final/401807947.json,2025-12-07T21:00Z,TRUE,,
401825222,2025-12-07T21:00Z,Minnesota,Maryland,Home,L,99,100,https://a.espncdn.com/i/teamlogos/ncaa/500/135.png,https://a.espncdn.com/i/teamlogos/ncaa/500/120.png,99,7,7,7,,,TRUE,1,,STATUS_FINAL,7,FALSE,99,"[{'abbreviation': 'Game', 'name': 'overall', 'summary': '6-3', 'type': 'total'}
 {'abbreviation': None, 'name': 'Home', 'summary': '5-1', 'type': 'home'}
 {'abbreviation': None, 'name': 'Road', 'summary': '0-1', 'type': 'road'}
 {'abbreviation': None, 'name': 'vs. Conf.', 'summary': '0-1', 'type': 'vsconf'}]",7,TRUE,7,"[{'abbreviation': 'Game', 'name': 'overall', 'summary': '11-0', 'type': 'total'}
 {'abbreviation': None, 'name': 'Home', 'summary': '8-0', 'type': 'home'}
 {'abbreviation': None, 'name': 'Road', 'summary': '1-0', 'type': 'road'}
 {'abbreviation': None, 'name': 'vs. Conf.', 'summary': '1-0', 'type': 'vsconf'}]",7,Big Ten,MINN,MD,5e0a2f,ce1126,fab41c,ffffff,MINN,5e0a2f,fab41c,MD,ce1126,ffffff,https://raw.githubusercontent.com/sportsdataverse/wehoop-wbb-raw/main/wbb/json/final/401825222.json,2025-12-07T21:00Z,TRUE,,
401818602,2025-12-07T20:00Z,Texas,Prairie View A&M,Home,W,101,42,https://a.espncdn.com/i/teamlogos/ncaa/500/251.png,https://a.espncdn.com/i/teamlogos/ncaa/500/2504.png,2,99,23,26,,,FALSE,1,,STATUS_FINAL,23,TRUE,2,"[{'abbreviation': 'Game', 'name': 'overall', 'summary': '10-0', 'type': 'total'}
 {'abbreviation': None, 'name': 'Home', 'summary': '8-0', 'type': 'home'}
 {'abbreviation': None, 'name': 'Road', 'summary': '0-0', 'type': 'road'}
 {'abbreviation': None, 'name': 'vs. Conf.', 'summary': '0-0', 'type': 'vsconf'}]",26,FALSE,99,"[{'abbreviation': 'Game', 'name': 'overall', 'summary': '2-6', 'type': 'total'}
 {'abbreviation': None, 'name': 'Home', 'summary': '2-0', 'type': 'home'}
 {'abbreviation': None, 'name': 'Road', 'summary': '0-6', 'type': 'road'}
 {'abbreviation': None, 'name': 'vs. Conf.', 'summary': '0-0', 'type': 'vsconf'}]",,,TEX,PV,af5c37,582c83,ffffff,eaaa00,TEX,af5c37,ffffff,PV,582c83,eaaa00,https://raw.githubusercontent.com/sportsdataverse/wehoop-wbb-raw/main/wbb/json/final/401818602.json,2025-12-07T20:00Z,TRUE,,
401825226,2025-12-07T20:00Z,UCLA,Oregon,Home,W,80,59,https://a.espncdn.com/i/teamlogos/ncaa/500/26.png,https://a.espncdn.com/i/teamlogos/ncaa/500/2483.png,4,99,7,7,,,TRUE,1,,STATUS_FINAL,7,TRUE,4,"[{'abbreviation': 'Game', 'name': 'overall', 'summary': '9-1', 'type': 'total'}
 {'abbreviation': None, 'name': 'Home', 'summary': '4-0', 'type': 'home'}
 {'abbreviation': None, 'name': 'Road', 'summary': '0-0', 'type': 'road'}
 {'abbreviation': None, 'name': 'vs. Conf.', 'summary': '1-0', 'type': 'vsconf'}]",7,FALSE,99,"[{'abbreviation': 'Game', 'name': 'overall', 'summary': '10-1', 'type': 'total'}
 {'abbreviation': None, 'name': 'Home', 'summary': '6-0', 'type': 'home'}
 {'abbreviation': None, 'name': 'Road', 'summary': '2-1', 'type': 'road'}
 {'abbreviation': None, 'name': 'vs. Conf.', 'summary': '0-1', 'type': 'vsconf'}]",7,Big Ten,UCLA,ORE,2774ae,00934b,f2a900,fff41b,UCLA,2774ae,f2a900,ORE,00934b,fff41b,https://raw.githubusercontent.com/sportsdataverse/wehoop-wbb-raw/main/wbb/json/final/401825226.json,2025-12-07T20:00Z,TRUE,,
401825939,2025-12-07T20:00Z,Colorado,Wyoming,Home,W,58,46,https://a.espncdn.com/i/teamlogos/ncaa/500/38.png,https://a.espncdn.com/i/teamlogos/ncaa/500/2751.png,99,99,8,44,,,FALSE,1,,STATUS_FINAL,8,TRUE,99,"[{'abbreviation': 'Game', 'name': 'overall', 'summary': '7-3', 'type': 'total'}
 {'abbreviation': None, 'name': 'Home', 'summary': '5-1', 'type': 'home'}
 {'abbreviation': None, 'name': 'Road', 'summary': '0-1', 'type': 'road'}
 {'abbreviation': None, 'name': 'vs. Conf.', 'summary': '0-0', 'type': 'vsconf'}]",44,FALSE,99,"[{'abbreviation': 'Game', 'name': 'overall', 'summary': '3-5', 'type': 'total'}
 {'abbreviation': None, 'name': 'Home', 'summary': '3-1', 'type': 'home'}
 {'abbreviation': None, 'name': 'Road', 'summary': '0-4', 'type': 'road'}
 {'abbreviation': None, 'name': 'vs. Conf.', 'summary': '0-0', 'type': 'vsconf'}]",,,COLO,WYO,cfb87c,492f24,0,ffc425,COLO,cfb87c,0,WYO,492f24,ffc425,https://raw.githubusercontent.com/sportsdataverse/wehoop-wbb-raw/main/wbb/json/final/401825939.json,2025-12-07T20:00Z,TRUE,,
401824185,2025-12-07T20:00Z,Baylor,UTSA,Home,W,73,55,https://a.espncdn.com/i/teamlogos/ncaa/500/239.png,https://a.espncdn.com/i/teamlogos/ncaa/500/2636.png,14,99,8,62,,,FALSE,1,,STATUS_FINAL,8,TRUE,14,"[{'abbreviation': 'Game', 'name': 'overall', 'summary': '9-1', 'type': 'total'}
 {'abbreviation': None, 'name': 'Home', 'summary': '6-0', 'type': 'home'}
 {'abbreviation': None, 'name': 'Road', 'summary': '1-0', 'type': 'road'}
 {'abbreviation': None, 'name': 'vs. Conf.', 'summary': '0-0', 'type': 'vsconf'}]",62,FALSE,99,"[{'abbreviation': 'Game', 'name': 'overall', 'summary': '3-5', 'type': 'total'}
 {'abbreviation': None, 'name': 'Home', 'summary': '1-1', 'type': 'home'}
 {'abbreviation': None, 'name': 'Road', 'summary': '1-3', 'type': 'road'}
 {'abbreviation': None, 'name': 'vs. Conf.', 'summary': '0-0', 'type': 'vsconf'}]",,,BAY,UTSA,154734,0c2340,ffb81c,f15a22,BAY,154734,ffb81c,UTSA,0c2340,f15a22,https://raw.githubusercontent.com/sportsdataverse/wehoop-wbb-raw/main/wbb/json/final/401824185.json,2025-12-07T20:00Z,TRUE,,
401819632,2025-12-07T20:00Z,Syracuse,SMU,Away,W,78,69,https://a.espncdn.com/i/teamlogos/ncaa/500/183.png,https://a.espncdn.com/i/teamlogos/ncaa/500/2567.png,99,99,2,2,,,TRUE,1,,STATUS_FINAL,2,FALSE,99,"[{'abbreviation': 'Game', 'name': 'overall', 'summary': '4-6', 'type': 'total'}
 {'abbreviation': None, 'name': 'Home', 'summary': '3-3', 'type': 'home'}
 {'abbreviation': None, 'name': 'Road', 'summary': '0-2', 'type': 'road'}
 {'abbreviation': None, 'name': 'vs. Conf.', 'summary': '0-1', 'type': 'vsconf'}]",2,TRUE,99,"[{'abbreviation': 'Game', 'name': 'overall', 'summary': '8-1', 'type': 'total'}
 {'abbreviation': None, 'name': 'Home', 'summary': '6-0', 'type': 'home'}
 {'abbreviation': None, 'name': 'Road', 'summary': '1-0', 'type': 'road'}
 {'abbreviation': None, 'name': 'vs. Conf.', 'summary': '1-0', 'type': 'vsconf'}]",2,ACC,SYR,SMU,0.00E+00,a80000,ff431b,0033a1,SMU,a80000,0033a1,SYR,0.00E+00,ff431b,https://raw.githubusercontent.com/sportsdataverse/wehoop-wbb-raw/main/wbb/json/final/401819632.json,2025-12-07T20:00Z,TRUE,,
401825226,2025-12-07T20:00Z,Oregon,UCLA,Away,L,59,80,https://a.espncdn.com/i/teamlogos/ncaa/500/2483.png,https://a.espncdn.com/i/teamlogos/ncaa/500/26.png,99,4,7,7,,,TRUE,1,,STATUS_FINAL,7,TRUE,4,"[{'abbreviation': 'Game', 'name': 'overall', 'summary': '9-1', 'type': 'total'}
 {'abbreviation': None, 'name': 'Home', 'summary': '4-0', 'type': 'home'}
 {'abbreviation': None, 'name': 'Road', 'summary': '0-0', 'type': 'road'}
 {'abbreviation': None, 'name': 'vs. Conf.', 'summary': '1-0', 'type': 'vsconf'}]",7,FALSE,99,"[{'abbreviation': 'Game', 'name': 'overall', 'summary': '10-1', 'type': 'total'}
 {'abbreviation': None, 'name': 'Home', 'summary': '6-0', 'type': 'home'}
 {'abbreviation': None, 'name': 'Road', 'summary': '2-1', 'type': 'road'}
 {'abbreviation': None, 'name': 'vs. Conf.', 'summary': '0-1', 'type': 'vsconf'}]",7,Big Ten,ORE,UCLA,00934b,2774ae,fff41b,f2a900,UCLA,2774ae,f2a900,ORE,00934b,fff41b,https://raw.githubusercontent.com/sportsdataverse/wehoop-wbb-raw/main/wbb/json/final/401825226.json,2025-12-07T20:00Z,TRUE,,
401822863,2025-12-07T20:00Z,Ole Miss,Kansas State,Neutral,L,60,61,https://a.espncdn.com/i/teamlogos/ncaa/500/145.png,https://a.espncdn.com/i/teamlogos/ncaa/500/2306.png,13,99,23,8,,,FALSE,1,,STATUS_FINAL,8,TRUE,99,"[{'abbreviation': 'Game', 'name': 'overall', 'summary': '6-5', 'type': 'total'}
 {'abbreviation': None, 'name': 'Home', 'summary': '3-2', 'type': 'home'}
 {'abbreviation': None, 'name': 'Road', 'summary': '1-1', 'type': 'road'}
 {'abbreviation': None, 'name': 'vs. Conf.', 'summary': '0-0', 'type': 'vsconf'}]",23,FALSE,13,"[{'abbreviation': 'Game', 'name': 'overall', 'summary': '8-1', 'type': 'total'}
 {'abbreviation': None, 'name': 'Home', 'summary': '4-0', 'type': 'home'}
 {'abbreviation': None, 'name': 'Road', 'summary': '2-0', 'type': 'road'}
 {'abbreviation': None, 'name': 'vs. Conf.', 'summary': '0-0', 'type': 'vsconf'}]",,,MISS,KSU,13294b,330a57,cf142b,e2e3e4,KSU,330a57,e2e3e4,MISS,13294b,cf142b,https://raw.githubusercontent.com/sportsdataverse/wehoop-wbb-raw/main/wbb/json/final/401822863.json,2025-12-07T20:00Z,TRUE,,
401819930,2025-12-07T19:00Z,Iowa State,Northern Illinois,Home,W,105,52,https://a.espncdn.com/i/teamlogos/ncaa/500/66.png,https://a.espncdn.com/i/teamlogos/ncaa/500/2459.png,10,99,8,14,,,FALSE,1,,STATUS_FINAL,8,TRUE,10,"[{'abbreviation': 'Game', 'name': 'overall', 'summary': '10-0', 'type': 'total'}
 {'abbreviation': None, 'name': 'Home', 'summary': '7-0', 'type': 'home'}
 {'abbreviation': None, 'name': 'Road', 'summary': '1-0', 'type': 'road'}
 {'abbreviation': None, 'name': 'vs. Conf.', 'summary': '0-0', 'type': 'vsconf'}]",14,FALSE,99,"[{'abbreviation': 'Game', 'name': 'overall', 'summary': '2-7', 'type': 'total'}
 {'abbreviation': None, 'name': 'Home', 'summary': '1-2', 'type': 'home'}
 {'abbreviation': None, 'name': 'Road', 'summary': '1-5', 'type': 'road'}
 {'abbreviation': None, 'name': 'vs. Conf.', 'summary': '0-0', 'type': 'vsconf'}]",,,ISU,NIU,ae192d,c8102e,ffc72a,0,ISU,ae192d,ffc72a,NIU,c8102e,0,https://raw.githubusercontent.com/sportsdataverse/wehoop-wbb-raw/main/wbb/json/final/401819930.json,2025-12-07T19:00Z,TRUE,,
401822142,2025-12-07T19:00Z,James Madison,VCU,Home,W,81,63,https://a.espncdn.com/i/teamlogos/ncaa/500/256.png,https://a.espncdn.com/i/teamlogos/ncaa/500/2670.png,99,99,27,3,,,FALSE,1,,STATUS_FINAL,27,TRUE,99,"[{'abbreviation': 'Game', 'name': 'overall', 'summary': '8-3', 'type': 'total'}
 {'abbreviation': None, 'name': 'Home', 'summary': '5-2', 'type': 'home'}
 {'abbreviation': None, 'name': 'Road', 'summary': '1-1', 'type': 'road'}
 {'abbreviation': None, 'name': 'vs. Conf.', 'summary': '0-0', 'type': 'vsconf'}]",3,FALSE,99,"[{'abbreviation': 'Game', 'name': 'overall', 'summary': '3-6', 'type': 'total'}
 {'abbreviation': None, 'name': 'Home', 'summary': '3-0', 'type': 'home'}
 {'abbreviation': None, 'name': 'Road', 'summary': '0-2', 'type': 'road'}
 {'abbreviation': None, 'name': 'vs. Conf.', 'summary': '0-1', 'type': 'vsconf'}]",,,JMU,VCU,450084,ffaf00,cbb677,0,JMU,450084,cbb677,VCU,ffaf00,0,https://raw.githubusercontent.com/sportsdataverse/wehoop-wbb-raw/main/wbb/json/final/401822142.json,2025-12-07T19:00Z,TRUE,,
401819761,2025-12-07T19:00Z,Richmond,Fairfield,Home,L,73,93,https://a.espncdn.com/i/teamlogos/ncaa/500/257.png,https://a.espncdn.com/i/teamlogos/ncaa/500/2217.png,99,99,3,13,,,FALSE,1,,STATUS_FINAL,3,FALSE,99,"[{'abbreviation': 'Game', 'name': 'overall', 'summary': '7-3', 'type': 'total'}
 {'abbreviation': None, 'name': 'Home', 'summary': '4-1', 'type': 'home'}
 {'abbreviation': None, 'name': 'Road', 'summary': '2-1', 'type': 'road'}
 {'abbreviation': None, 'name': 'vs. Conf.', 'summary': '1-0', 'type': 'vsconf'}]",13,TRUE,99,"[{'abbreviation': 'Game', 'name': 'overall', 'summary': '5-3', 'type': 'total'}
 {'abbreviation': None, 'name': 'Home', 'summary': '2-0', 'type': 'home'}
 {'abbreviation': None, 'name': 'Road', 'summary': '2-2', 'type': 'road'}
 {'abbreviation': None, 'name': 'vs. Conf.', 'summary': '0-0', 'type': 'vsconf'}]",,,RICH,FAIR,9e0712,0,b90b2e,ebebeb,RICH,9e0712,b90b2e,FAIR,0,ebebeb,https://raw.githubusercontent.com/sportsdataverse/wehoop-wbb-raw/main/wbb/json/final/401819761.json,2025-12-07T19:00Z,TRUE,,
401819630,2025-12-07T19:00Z,Virginia Tech,Duke,Home,L,54,70,https://a.espncdn.com/i/teamlogos/ncaa/500/259.png,https://a.espncdn.com/i/teamlogos/ncaa/500/150.png,99,99,2,2,,,TRUE,1,,STATUS_FINAL,2,FALSE,99,"[{'abbreviation': 'Game', 'name': 'overall', 'summary': '7-3', 'type': 'total'}
 {'abbreviation': None, 'name': 'Home', 'summary': '6-1', 'type': 'home'}
 {'abbreviation': None, 'name': 'Road', 'summary': '0-1', 'type': 'road'}
 {'abbreviation': None, 'name': 'vs. Conf.', 'summary': '0-1', 'type': 'vsconf'}]",2,TRUE,99,"[{'abbreviation': 'Game', 'name': 'overall', 'summary': '4-6', 'type': 'total'}
 {'abbreviation': None, 'name': 'Home', 'summary': '2-1', 'type': 'home'}
 {'abbreviation': None, 'name': 'Road', 'summary': '2-1', 'type': 'road'}
 {'abbreviation': None, 'name': 'vs. Conf.', 'summary': '1-0', 'type': 'vsconf'}]",2,ACC,VT,DUKE,6a2c3e,00539b,cf4520,ffffff,VT,6a2c3e,cf4520,DUKE,00539b,ffffff,https://raw.githubusercontent.com/sportsdataverse/wehoop-wbb-raw/main/wbb/json/final/401819630.json,2025-12-07T19:00Z,TRUE,,
401819583,2025-12-07T19:00Z,Clemson,App State,Home,W,78,59,https://a.espncdn.com/i/teamlogos/ncaa/500/228.png,https://a.espncdn.com/i/teamlogos/ncaa/500/2026.png,99,99,2,27,,,FALSE,1,,STATUS_FINAL,2,TRUE,99,"[{'abbreviation': 'Game', 'name': 'overall', 'summary': '6-4', 'type': 'total'}
 {'abbreviation': None, 'name': 'Home', 'summary': '3-1', 'type': 'home'}
 {'abbreviation': None, 'name': 'Road', 'summary': '2-2', 'type': 'road'}
 {'abbreviation': None, 'name': 'vs. Conf.', 'summary': '0-1', 'type': 'vsconf'}]",27,FALSE,99,"[{'abbreviation': 'Game', 'name': 'overall', 'summary': '6-3', 'type': 'total'}
 {'abbreviation': None, 'name': 'Home', 'summary': '4-1', 'type': 'home'}
 {'abbreviation': None, 'name': 'Road', 'summary': '2-2', 'type': 'road'}
 {'abbreviation': None, 'name': 'vs. Conf.', 'summary': '0-0', 'type': 'vsconf'}]",,,CLEM,APP,f56600,0,ffffff,ffcd00,CLEM,f56600,ffffff,APP,0,ffcd00,https://raw.githubusercontent.com/sportsdataverse/wehoop-wbb-raw/main/wbb/json/final/401819583.json,2025-12-07T19:00Z,TRUE,,
401818521,2025-12-07T19:00Z,Florida,South Alabama,Home,W,75,61,https://a.espncdn.com/i/teamlogos/ncaa/500/57.png,https://a.espncdn.com/i/teamlogos/ncaa/500/6.png,99,99,23,27,,,FALSE,1,,STATUS_FINAL,23,TRUE,99,"[{'abbreviation': 'Game', 'name': 'overall', 'summary': '9-2', 'type': 'total'}
 {'abbreviation': None, 'name': 'Home', 'summary': '6-0', 'type': 'home'}
 {'abbreviation': None, 'name': 'Road', 'summary': '1-2', 'type': 'road'}
 {'abbreviation': None, 'name': 'vs. Conf.', 'summary': '0-0', 'type': 'vsconf'}]",27,FALSE,99,"[{'abbreviation': 'Game', 'name': 'overall', 'summary': '6-3', 'type': 'total'}
 {'abbreviation': None, 'name': 'Home', 'summary': '5-1', 'type': 'home'}
 {'abbreviation': None, 'name': 'Road', 'summary': '1-2', 'type': 'road'}
 {'abbreviation': None, 'name': 'vs. Conf.', 'summary': '0-0', 'type': 'vsconf'}]",,,FLA,USA,0021a5,00205b,fa4616,bf0d3e,FLA,0021a5,fa4616,USA,00205b,bf0d3e,https://raw.githubusercontent.com/sportsdataverse/wehoop-wbb-raw/main/wbb/json/final/401818521.json,2025-12-07T19:00Z,TRUE,,
401817579,2025-12-07T19:00Z,NC State,Seton Hall,Home,W,61,53,https://a.espncdn.com/i/teamlogos/ncaa/500/152.png,https://a.espncdn.com/i/teamlogos/ncaa/500/2550.png,99,99,2,4,,,FALSE,1,,STATUS_FINAL,2,TRUE,99,"[{'abbreviation': 'Game', 'name': 'overall', 'summary': '6-4', 'type': 'total'}
 {'abbreviation': None, 'name': 'Home', 'summary': '3-2', 'type': 'home'}
 {'abbreviation': None, 'name': 'Road', 'summary': '0-1', 'type': 'road'}
 {'abbreviation': None, 'name': 'vs. Conf.', 'summary': '0-0', 'type': 'vsconf'}]",4,FALSE,99,"[{'abbreviation': 'Game', 'name': 'overall', 'summary': '5-2', 'type': 'total'}
 {'abbreviation': None, 'name': 'Home', 'summary': '3-0', 'type': 'home'}
 {'abbreviation': None, 'name': 'Road', 'summary': '2-2', 'type': 'road'}
 {'abbreviation': None, 'name': 'vs. Conf.', 'summary': '1-0', 'type': 'vsconf'}]",,,NCSU,HALL,cc0000,0857B1,ffffff,8a8d8f,NCSU,cc0000,ffffff,HALL,0857B1,8a8d8f,https://raw.githubusercontent.com/sportsdataverse/wehoop-wbb-raw/main/wbb/json/final/401817579.json,2025-12-07T19:00Z,TRUE,,
401819631,2025-12-07T19:00Z,Notre Dame,Florida State,Away,W,93,58,https://a.espncdn.com/i/teamlogos/ncaa/500/87.png,https://a.espncdn.com/i/teamlogos/ncaa/500/52.png,18,99,2,2,,,TRUE,1,,STATUS_FINAL,2,FALSE,99,"[{'abbreviation': 'Game', 'name': 'overall', 'summary': '4-7', 'type': 'total'}
 {'abbreviation': None, 'name': 'Home', 'summary': '3-4', 'type': 'home'}
 {'abbreviation': None, 'name': 'Road', 'summary': '0-2', 'type': 'road'}
 {'abbreviation': None, 'name': 'vs. Conf.', 'summary': '0-1', 'type': 'vsconf'}]",2,TRUE,18,"[{'abbreviation': 'Game', 'name': 'overall', 'summary': '6-2', 'type': 'total'}
 {'abbreviation': None, 'name': 'Home', 'summary': '5-0', 'type': 'home'}
 {'abbreviation': None, 'name': 'Road', 'summary': '1-1', 'type': 'road'}
 {'abbreviation': None, 'name': 'vs. Conf.', 'summary': '1-0', 'type': 'vsconf'}]",2,ACC,ND,FSU,62340,782f40,c99700,ceb888,FSU,782f40,ceb888,ND,62340,c99700,https://raw.githubusercontent.com/sportsdataverse/wehoop-wbb-raw/main/wbb/json/final/401819631.json,2025-12-07T19:00Z,TRUE,,
401827764,2025-12-07T19:00Z,Oklahoma,Maryland Eastern Shore,Home,W,90,37,https://a.espncdn.com/i/teamlogos/ncaa/500/201.png,https://a.espncdn.com/i/teamlogos/ncaa/500/2379.png,9,99,23,16,,,FALSE,1,,STATUS_FINAL,23,TRUE,9,"[{'abbreviation': 'Game', 'name': 'overall', 'summary': '9-1', 'type': 'total'}
 {'abbreviation': None, 'name': 'Home', 'summary': '6-0', 'type': 'home'}
 {'abbreviation': None, 'name': 'Road', 'summary': '1-0', 'type': 'road'}
 {'abbreviation': None, 'name': 'vs. Conf.', 'summary': '0-0', 'type': 'vsconf'}]",16,FALSE,99,"[{'abbreviation': 'Game', 'name': 'overall', 'summary': '6-6', 'type': 'total'}
 {'abbreviation': None, 'name': 'Home', 'summary': '3-0', 'type': 'home'}
 {'abbreviation': None, 'name': 'Road', 'summary': '3-4', 'type': 'road'}
 {'abbreviation': None, 'name': 'vs. Conf.', 'summary': '0-0', 'type': 'vsconf'}]",,,OU,UMES,990000,5c2301,ffffff,b5b7ba,OU,990000,ffffff,UMES,5c2301,b5b7ba,https://raw.githubusercontent.com/sportsdataverse/wehoop-wbb-raw/main/wbb/json/final/401827764.json,2025-12-07T19:00Z,TRUE,,
401825224,2025-12-07T19:00Z,Ohio State,Northwestern,Away,W,79,70,https://a.espncdn.com/i/teamlogos/ncaa/500/194.png,https://a.espncdn.com/i/teamlogos/ncaa/500/77.png,23,99,7,7,,,TRUE,1,,STATUS_FINAL,7,FALSE,99,"[{'abbreviation': 'Game', 'name': 'overall', 'summary': '6-3', 'type': 'total'}
 {'abbreviation': None, 'name': 'Home', 'summary': '4-2', 'type': 'home'}
 {'abbreviation': None, 'name': 'Road', 'summary': '1-0', 'type': 'road'}
 {'abbreviation': None, 'name': 'vs. Conf.', 'summary': '0-1', 'type': 'vsconf'}]",7,TRUE,23,"[{'abbreviation': 'Game', 'name': 'overall', 'summary': '7-1', 'type': 'total'}
 {'abbreviation': None, 'name': 'Home', 'summary': '4-0', 'type': 'home'}
 {'abbreviation': None, 'name': 'Road', 'summary': '1-1', 'type': 'road'}
 {'abbreviation': None, 'name': 'vs. Conf.', 'summary': '1-0', 'type': 'vsconf'}]",7,Big Ten,OSU,NU,ba0c2f,492f92,a8adb4,ffffff,NU,492f92,ffffff,OSU,ba0c2f,a8adb4,https://raw.githubusercontent.com/sportsdataverse/wehoop-wbb-raw/main/wbb/json/final/401825224.json,2025-12-07T19:00Z,TRUE,,
401819761,2025-12-07T19:00Z,Fairfield,Richmond,Away,W,93,73,https://a.espncdn.com/i/teamlogos/ncaa/500/2217.png,https://a.espncdn.com/i/teamlogos/ncaa/500/257.png,99,99,13,3,,,FALSE,1,,STATUS_FINAL,3,FALSE,99,"[{'abbreviation': 'Game', 'name': 'overall', 'summary': '7-3', 'type': 'total'}
 {'abbreviation': None, 'name': 'Home', 'summary': '4-1', 'type': 'home'}
 {'abbreviation': None, 'name': 'Road', 'summary': '2-1', 'type': 'road'}
 {'abbreviation': None, 'name': 'vs. Conf.', 'summary': '1-0', 'type': 'vsconf'}]",13,TRUE,99,"[{'abbreviation': 'Game', 'name': 'overall', 'summary': '5-3', 'type': 'total'}
 {'abbreviation': None, 'name': 'Home', 'summary': '2-0', 'type': 'home'}
 {'abbreviation': None, 'name': 'Road', 'summary': '2-2', 'type': 'road'}
 {'abbreviation': None, 'name': 'vs. Conf.', 'summary': '0-0', 'type': 'vsconf'}]",,,FAIR,RICH,0.00E+00,9e0712,ebebeb,b90b2e,RICH,9e0712,b90b2e,FAIR,0,ebebeb,https://raw.githubusercontent.com/sportsdataverse/wehoop-wbb-raw/main/wbb/json/final/401819761.json,2025-12-07T19:00Z,TRUE,,
401819630,2025-12-07T19:00Z,Duke,Virginia Tech,Away,W,70,54,https://a.espncdn.com/i/teamlogos/ncaa/500/150.png,https://a.espncdn.com/i/teamlogos/ncaa/500/259.png,99,99,2,2,,,TRUE,1,,STATUS_FINAL,2,FALSE,99,"[{'abbreviation': 'Game', 'name': 'overall', 'summary': '7-3', 'type': 'total'}
 {'abbreviation': None, 'name': 'Home', 'summary': '6-1', 'type': 'home'}
 {'abbreviation': None, 'name': 'Road', 'summary': '0-1', 'type': 'road'}
 {'abbreviation': None, 'name': 'vs. Conf.', 'summary': '0-1', 'type': 'vsconf'}]",2,TRUE,99,"[{'abbreviation': 'Game', 'name': 'overall', 'summary': '4-6', 'type': 'total'}
 {'abbreviation': None, 'name': 'Home', 'summary': '2-1', 'type': 'home'}
 {'abbreviation': None, 'name': 'Road', 'summary': '2-1', 'type': 'road'}
 {'abbreviation': None, 'name': 'vs. Conf.', 'summary': '1-0', 'type': 'vsconf'}]",2,ACC,DUKE,VT,00539b,6a2c3e,ffffff,cf4520,VT,6a2c3e,cf4520,DUKE,00539b,ffffff,https://raw.githubusercontent.com/sportsdataverse/wehoop-wbb-raw/main/wbb/json/final/401819630.json,2025-12-07T19:00Z,TRUE,,
401825604,2025-12-07T18:00Z,UConn,DePaul,Home,W,102,35,https://a.espncdn.com/i/teamlogos/ncaa/500/41.png,https://a.espncdn.com/i/teamlogos/ncaa/500/305.png,1,99,4,4,,,TRUE,1,,STATUS_FINAL,4,TRUE,1,"[{'abbreviation': 'Game', 'name': 'overall', 'summary': '9-0', 'type': 'total'}
 {'abbreviation': None, 'name': 'Home', 'summary': '4-0', 'type': 'home'}
 {'abbreviation': None, 'name': 'Road', 'summary': '2-0', 'type': 'road'}
 {'abbreviation': None, 'name': 'vs. Conf.', 'summary': '2-0', 'type': 'vsconf'}]",4,FALSE,99,"[{'abbreviation': 'Game', 'name': 'overall', 'summary': '2-8', 'type': 'total'}
 {'abbreviation': None, 'name': 'Home', 'summary': '2-4', 'type': 'home'}
 {'abbreviation': None, 'name': 'Road', 'summary': '0-4', 'type': 'road'}
 {'abbreviation': None, 'name': 'vs. Conf.', 'summary': '0-2', 'type': 'vsconf'}]",4,Big East,CONN,DEP,0c2340,2d649c,a2aaad,ce1125,CONN,0c2340,a2aaad,DEP,2d649c,ce1125,https://raw.githubusercontent.com/sportsdataverse/wehoop-wbb-raw/main/wbb/json/final/401825604.json,2025-12-07T18:00Z,TRUE,,
401822844,2025-12-07T18:00Z,Rhode Island,Maine,Away,W,69,56,https://a.espncdn.com/i/teamlogos/ncaa/500/227.png,https://a.espncdn.com/i/teamlogos/ncaa/500/311.png,99,99,3,1,,,FALSE,1,,STATUS_FINAL,1,FALSE,99,"[{'abbreviation': 'Game', 'name': 'overall', 'summary': '3-7', 'type': 'total'}
 {'abbreviation': None, 'name': 'Home', 'summary': '2-2', 'type': 'home'}
 {'abbreviation': None, 'name': 'Road', 'summary': '0-4', 'type': 'road'}
 {'abbreviation': None, 'name': 'vs. Conf.', 'summary': '0-0', 'type': 'vsconf'}]",3,TRUE,99,"[{'abbreviation': 'Game', 'name': 'overall', 'summary': '8-2', 'type': 'total'}
 {'abbreviation': None, 'name': 'Home', 'summary': '4-1', 'type': 'home'}
 {'abbreviation': None, 'name': 'Road', 'summary': '4-1', 'type': 'road'}
 {'abbreviation': None, 'name': 'vs. Conf.', 'summary': '1-0', 'type': 'vsconf'}]",,,URI,ME,091f3f,127dbe,5ab3e8,,ME,127dbe,,URI,091f3f,5ab3e8,https://raw.githubusercontent.com/sportsdataverse/wehoop-wbb-raw/main/wbb/json/final/401822844.json,2025-12-07T18:00Z,TRUE,,
401825225,2025-12-07T17:00Z,Michigan,Purdue,Home,W,104,56,https://a.espncdn.com/i/teamlogos/ncaa/500/130.png,https://a.espncdn.com/i/teamlogos/ncaa/500/2509.png,6,99,7,7,,,TRUE,1,,STATUS_FINAL,7,TRUE,6,"[{'abbreviation': 'Game', 'name': 'overall', 'summary': '8-1', 'type': 'total'}
 {'abbreviation': None, 'name': 'Home', 'summary': '5-0', 'type': 'home'}
 {'abbreviation': None, 'name': 'Road', 'summary': '1-0', 'type': 'road'}
 {'abbreviation': None, 'name': 'vs. Conf.', 'summary': '1-0', 'type': 'vsconf'}]",7,FALSE,99,"[{'abbreviation': 'Game', 'name': 'overall', 'summary': '5-4', 'type': 'total'}
 {'abbreviation': None, 'name': 'Home', 'summary': '5-0', 'type': 'home'}
 {'abbreviation': None, 'name': 'Road', 'summary': '0-4', 'type': 'road'}
 {'abbreviation': None, 'name': 'vs. Conf.', 'summary': '0-1', 'type': 'vsconf'}]",7,Big Ten,MICH,PUR,00274c,ceb888,ffcb05,0,MICH,00274c,ffcb05,PUR,ceb888,0,https://raw.githubusercontent.com/sportsdataverse/wehoop-wbb-raw/main/wbb/json/final/401825225.json,2025-12-07T17:00Z,TRUE,,
401811130,2025-12-07T17:00Z,South Carolina,North Carolina Central,Home,W,106,42,https://a.espncdn.com/i/teamlogos/ncaa/500/2579.png,https://a.espncdn.com/i/teamlogos/ncaa/500/2428.png,3,99,23,16,,,FALSE,1,,STATUS_FINAL,23,TRUE,3,"[{'abbreviation': 'Game', 'name': 'overall', 'summary': '9-1', 'type': 'total'}
 {'abbreviation': None, 'name': 'Home', 'summary': '6-0', 'type': 'home'}
 {'abbreviation': None, 'name': 'Road', 'summary': '1-0', 'type': 'road'}
 {'abbreviation': None, 'name': 'vs. Conf.', 'summary': '0-0', 'type': 'vsconf'}]",16,FALSE,99,"[{'abbreviation': 'Game', 'name': 'overall', 'summary': '1-8', 'type': 'total'}
 {'abbreviation': None, 'name': 'Home', 'summary': '1-4', 'type': 'home'}
 {'abbreviation': None, 'name': 'Road', 'summary': '0-4', 'type': 'road'}
 {'abbreviation': None, 'name': 'vs. Conf.', 'summary': '0-0', 'type': 'vsconf'}]",,,SC,NCCU,73000a,880023,0,c2c3c0,SC,73000a,0,NCCU,880023,c2c3c0,https://raw.githubusercontent.com/sportsdataverse/wehoop-wbb-raw/main/wbb/json/final/401811130.json,2025-12-07T17:00Z,TRUE,,
401807521,2025-12-07T17:00Z,UNC,Boston University,Home,W,82,40,https://a.espncdn.com/i/teamlogos/ncaa/500/153.png,https://a.espncdn.com/i/teamlogos/ncaa/500/104.png,11,99,2,22,,,FALSE,1,,STATUS_FINAL,2,TRUE,11,"[{'abbreviation': 'Game', 'name': 'overall', 'summary': '9-2', 'type': 'total'}
 {'abbreviation': None, 'name': 'Home', 'summary': '4-0', 'type': 'home'}
 {'abbreviation': None, 'name': 'Road', 'summary': '1-1', 'type': 'road'}
 {'abbreviation': None, 'name': 'vs. Conf.', 'summary': '0-0', 'type': 'vsconf'}]",22,FALSE,99,"[{'abbreviation': 'Game', 'name': 'overall', 'summary': '3-6', 'type': 'total'}
 {'abbreviation': None, 'name': 'Home', 'summary': '1-3', 'type': 'home'}
 {'abbreviation': None, 'name': 'Road', 'summary': '2-3', 'type': 'road'}
 {'abbreviation': None, 'name': 'vs. Conf.', 'summary': '0-0', 'type': 'vsconf'}]",,,UNC,BU,7bafd4,cc0000,13294b,ffffff,UNC,7bafd4,13294b,BU,cc0000,ffffff,https://raw.githubusercontent.com/sportsdataverse/wehoop-wbb-raw/main/wbb/json/final/401807521.json,2025-12-07T17:00Z,TRUE,,
401819633,2025-12-07T17:00Z,Virginia,Boston College,Away,W,81,55,https://a.espncdn.com/i/teamlogos/ncaa/500/258.png,https://a.espncdn.com/i/teamlogos/ncaa/500/103.png,99,99,2,2,,,TRUE,1,,STATUS_FINAL,2,FALSE,99,"[{'abbreviation': 'Game', 'name': 'overall', 'summary': '4-8', 'type': 'total'}
 {'abbreviation': None, 'name': 'Home', 'summary': '4-4', 'type': 'home'}
 {'abbreviation': None, 'name': 'Road', 'summary': '0-2', 'type': 'road'}
 {'abbreviation': None, 'name': 'vs. Conf.', 'summary': '0-1', 'type': 'vsconf'}]",2,TRUE,99,"[{'abbreviation': 'Game', 'name': 'overall', 'summary': '7-3', 'type': 'total'}
 {'abbreviation': None, 'name': 'Home', 'summary': '5-1', 'type': 'home'}
 {'abbreviation': None, 'name': 'Road', 'summary': '1-1', 'type': 'road'}
 {'abbreviation': None, 'name': 'vs. Conf.', 'summary': '1-0', 'type': 'vsconf'}]",2,ACC,UVA,BC,f84c1e,8c2232,232d4b,dbcca6,BC,8c2232,dbcca6,UVA,f84c1e,232d4b,https://raw.githubusercontent.com/sportsdataverse/wehoop-wbb-raw/main/wbb/json/final/401819633.json,2025-12-07T17:00Z,TRUE,,
401818584,2025-12-07T17:00Z,Kentucky,Central Michigan,Home,W,82,55,https://a.espncdn.com/i/teamlogos/ncaa/500/96.png,https://a.espncdn.com/i/teamlogos/ncaa/500/2117.png,17,99,23,14,,,FALSE,1,,STATUS_FINAL,23,TRUE,17,"[{'abbreviation': 'Game', 'name': 'overall', 'summary': '10-1', 'type': 'total'}
 {'abbreviation': None, 'name': 'Home', 'summary': '5-0', 'type': 'home'}
 {'abbreviation': None, 'name': 'Road', 'summary': '4-0', 'type': 'road'}
 {'abbreviation': None, 'name': 'vs. Conf.', 'summary': '0-0', 'type': 'vsconf'}]",14,FALSE,99,"[{'abbreviation': 'Game', 'name': 'overall', 'summary': '5-4', 'type': 'total'}
 {'abbreviation': None, 'name': 'Home', 'summary': '3-0', 'type': 'home'}
 {'abbreviation': None, 'name': 'Road', 'summary': '2-4', 'type': 'road'}
 {'abbreviation': None, 'name': 'vs. Conf.', 'summary': '0-0', 'type': 'vsconf'}]",,,UK,CMU,0033a0,4c0027,ffffff,fbab18,UK,0033a0,ffffff,CMU,4c0027,fbab18,https://raw.githubusercontent.com/sportsdataverse/wehoop-wbb-raw/main/wbb/json/final/401818584.json,2025-12-07T17:00Z,TRUE,,
401817569,2025-12-07T17:00Z,Louisville,New Hampshire,Home,W,94,43,https://a.espncdn.com/i/teamlogos/ncaa/500/97.png,https://a.espncdn.com/i/teamlogos/ncaa/500/160.png,22,99,2,1,,,FALSE,1,,STATUS_FINAL,2,TRUE,22,"[{'abbreviation': 'Game', 'name': 'overall', 'summary': '8-3', 'type': 'total'}
 {'abbreviation': None, 'name': 'Home', 'summary': '6-2', 'type': 'home'}
 {'abbreviation': None, 'name': 'Road', 'summary': '1-0', 'type': 'road'}
 {'abbreviation': None, 'name': 'vs. Conf.', 'summary': '1-0', 'type': 'vsconf'}]",1,FALSE,99,"[{'abbreviation': 'Game', 'name': 'overall', 'summary': '3-7', 'type': 'total'}
 {'abbreviation': None, 'name': 'Home', 'summary': '3-0', 'type': 'home'}
 {'abbreviation': None, 'name': 'Road', 'summary': '0-7', 'type': 'road'}
 {'abbreviation': None, 'name': 'vs. Conf.', 'summary': '0-0', 'type': 'vsconf'}]",,,LOU,UNH,c9001f,4990,ffffff,c3c4c6,LOU,c9001f,ffffff,UNH,4990,c3c4c6,https://raw.githubusercontent.com/sportsdataverse/wehoop-wbb-raw/main/wbb/json/final/401817569.json,2025-12-07T17:00Z,TRUE,,
401825220,2025-12-06T23:00Z,Iowa,Rutgers,Away,W,79,36,https://a.espncdn.com/i/teamlogos/ncaa/500/2294.png,https://a.espncdn.com/i/teamlogos/ncaa/500/164.png,12,99,7,7,,,TRUE,1,,STATUS_FINAL,7,FALSE,99,"[{'abbreviation': 'Game', 'name': 'overall', 'summary': '7-3', 'type': 'total'}
 {'abbreviation': None, 'name': 'Home', 'summary': '7-2', 'type': 'home'}
 {'abbreviation': None, 'name': 'Road', 'summary': '0-1', 'type': 'road'}
 {'abbreviation': None, 'name': 'vs. Conf.', 'summary': '0-1', 'type': 'vsconf'}]",7,TRUE,12,"[{'abbreviation': 'Game', 'name': 'overall', 'summary': '9-0', 'type': 'total'}
 {'abbreviation': None, 'name': 'Home', 'summary': '5-0', 'type': 'home'}
 {'abbreviation': None, 'name': 'Road', 'summary': '2-0', 'type': 'road'}
 {'abbreviation': None, 'name': 'vs. Conf.', 'summary': '1-0', 'type': 'vsconf'}]",7,Big Ten,IOWA,RUTG,231f20,ce0e2d,fcd116,ffffff,RUTG,ce0e2d,ffffff,IOWA,231f20,fcd116,https://raw.githubusercontent.com/sportsdataverse/wehoop-wbb-raw/main/wbb/json/final/401825220.json,2025-12-06T23:00Z,TRUE,,
401824193,2025-12-06T20:00Z,Oklahoma State,Mississippi Valley State,Home,W,133,46,https://a.espncdn.com/i/teamlogos/ncaa/500/197.png,https://a.espncdn.com/i/teamlogos/ncaa/500/2400.png,24,99,8,26,,,FALSE,1,,STATUS_FINAL,8,TRUE,24,"[{'abbreviation': 'Game', 'name': 'overall', 'summary': '10-1', 'type': 'total'}
 {'abbreviation': None, 'name': 'Home', 'summary': '7-0', 'type': 'home'}
 {'abbreviation': None, 'name': 'Road', 'summary': '1-1', 'type': 'road'}
 {'abbreviation': None, 'name': 'vs. Conf.', 'summary': '0-0', 'type': 'vsconf'}]",26,FALSE,99,"[{'abbreviation': 'Game', 'name': 'overall', 'summary': '1-7', 'type': 'total'}
 {'abbreviation': None, 'name': 'Home', 'summary': '1-1', 'type': 'home'}
 {'abbreviation': None, 'name': 'Road', 'summary': '0-6', 'type': 'road'}
 {'abbreviation': None, 'name': 'vs. Conf.', 'summary': '0-0', 'type': 'vsconf'}]",,,OKST,MVSU,fe5c00,5328,0,cf2d34,OKST,fe5c00,0,MVSU,5328,cf2d34,https://raw.githubusercontent.com/sportsdataverse/wehoop-wbb-raw/main/wbb/json/final/401824193.json,2025-12-06T20:00Z,TRUE,,
401827786,2025-12-06T19:00Z,Princeton,Belmont,Away,W,70,58,https://a.espncdn.com/i/teamlogos/ncaa/500/163.png,https://a.espncdn.com/i/teamlogos/ncaa/500/2057.png,99,99,12,18,,,FALSE,1,,STATUS_FINAL,18,FALSE,99,"[{'abbreviation': 'Game', 'name': 'overall', 'summary': '4-5', 'type': 'total'}
 {'abbreviation': None, 'name': 'Home', 'summary': '2-1', 'type': 'home'}
 {'abbreviation': None, 'name': 'Road', 'summary': '2-2', 'type': 'road'}
 {'abbreviation': None, 'name': 'vs. Conf.', 'summary': '0-0', 'type': 'vsconf'}]",12,TRUE,99,"[{'abbreviation': 'Game', 'name': 'overall', 'summary': '9-1', 'type': 'total'}
 {'abbreviation': None, 'name': 'Home', 'summary': '3-0', 'type': 'home'}
 {'abbreviation': None, 'name': 'Road', 'summary': '4-1', 'type': 'road'}
 {'abbreviation': None, 'name': 'vs. Conf.', 'summary': '0-0', 'type': 'vsconf'}]",,,PRIN,BEL,0,182142,ff6000,c9262d,BEL,182142,c9262d,PRIN,0,ff6000,https://raw.githubusercontent.com/sportsdataverse/wehoop-wbb-raw/main/wbb/json/final/401827786.json,2025-12-06T19:00Z,TRUE,,
401823034,2025-12-06T19:00Z,TCU,UTEP,Home,W,95,40,https://a.espncdn.com/i/teamlogos/ncaa/500/2628.png,https://a.espncdn.com/i/teamlogos/ncaa/500/2638.png,8,99,8,11,,,FALSE,1,,STATUS_FINAL,8,TRUE,8,"[{'abbreviation': 'Game', 'name': 'overall', 'summary': '10-0', 'type': 'total'}
 {'abbreviation': None, 'name': 'Home', 'summary': '7-0', 'type': 'home'}
 {'abbreviation': None, 'name': 'Road', 'summary': '1-0', 'type': 'road'}
 {'abbreviation': None, 'name': 'vs. Conf.', 'summary': '0-0', 'type': 'vsconf'}]",11,FALSE,99,"[{'abbreviation': 'Game', 'name': 'overall', 'summary': '7-1', 'type': 'total'}
 {'abbreviation': None, 'name': 'Home', 'summary': '6-0', 'type': 'home'}
 {'abbreviation': None, 'name': 'Road', 'summary': '1-1', 'type': 'road'}
 {'abbreviation': None, 'name': 'vs. Conf.', 'summary': '0-0', 'type': 'vsconf'}]",,,TCU,UTEP,4d1979,ff8200,ffffff,4.10E+43,TCU,4d1979,ffffff,UTEP,ff8200,4.10E+43,https://raw.githubusercontent.com/sportsdataverse/wehoop-wbb-raw/main/wbb/json/final/401823034.json,2025-12-06T19:00Z,TRUE,,
401825221,2025-12-06T18:00Z,Nebraska,Penn State,Away,W,101,83,https://a.espncdn.com/i/teamlogos/ncaa/500/158.png,https://a.espncdn.com/i/teamlogos/ncaa/500/213.png,99,99,7,7,,,TRUE,1,,STATUS_FINAL,7,FALSE,99,"[{'abbreviation': 'Game', 'name': 'overall', 'summary': '6-2', 'type': 'total'}
 {'abbreviation': None, 'name': 'Home', 'summary': '4-1', 'type': 'home'}
 {'abbreviation': None, 'name': 'Road', 'summary': '1-0', 'type': 'road'}
 {'abbreviation': None, 'name': 'vs. Conf.', 'summary': '0-1', 'type': 'vsconf'}]",7,TRUE,99,"[{'abbreviation': 'Game', 'name': 'overall', 'summary': '9-0', 'type': 'total'}
 {'abbreviation': None, 'name': 'Home', 'summary': '5-0', 'type': 'home'}
 {'abbreviation': None, 'name': 'Road', 'summary': '1-0', 'type': 'road'}
 {'abbreviation': None, 'name': 'vs. Conf.', 'summary': '1-0', 'type': 'vsconf'}]",7,Big Ten,NEB,PSU,e31937,61440,ffffff,ffffff,PSU,61440,ffffff,NEB,e31937,ffffff,https://raw.githubusercontent.com/sportsdataverse/wehoop-wbb-raw/main/wbb/json/final/401825221.json,2025-12-06T18:00Z,TRUE,,
401825219,2025-12-06T17:00Z,Illinois,Indiana,Home,W,78,57,https://a.espncdn.com/i/teamlogos/ncaa/500/356.png,https://a.espncdn.com/i/teamlogos/ncaa/500/84.png,99,99,7,7,,,TRUE,1,,STATUS_FINAL,7,TRUE,99,"[{'abbreviation': 'Game', 'name': 'overall', 'summary': '8-1', 'type': 'total'}
 {'abbreviation': None, 'name': 'Home', 'summary': '7-0', 'type': 'home'}
 {'abbreviation': None, 'name': 'Road', 'summary': '1-1', 'type': 'road'}
 {'abbreviation': None, 'name': 'vs. Conf.', 'summary': '1-0', 'type': 'vsconf'}]",7,FALSE,99,"[{'abbreviation': 'Game', 'name': 'overall', 'summary': '8-2', 'type': 'total'}
 {'abbreviation': None, 'name': 'Home', 'summary': '5-0', 'type': 'home'}
 {'abbreviation': None, 'name': 'Road', 'summary': '2-1', 'type': 'road'}
 {'abbreviation': None, 'name': 'vs. Conf.', 'summary': '0-1', 'type': 'vsconf'}]",7,Big Ten,ILL,IU,ff5f05,970310,13294b,ffffff,ILL,ff5f05,13294b,IU,970310,ffffff,https://raw.githubusercontent.com/sportsdataverse/wehoop-wbb-raw/main/wbb/json/final/401825219.json,2025-12-06T17:00Z,TRUE,,
401825824,2025-12-06T00:00Z,West Virginia,Mercyhurst,Home,W,97,51,https://a.espncdn.com/i/teamlogos/ncaa/500/277.png,https://a.espncdn.com/i/teamlogos/ncaa/500/2385.png,25,99,8,19,,,FALSE,1,,STATUS_FINAL,8,TRUE,25,"[{'abbreviation': 'Game', 'name': 'overall', 'summary': '7-2', 'type': 'total'}
 {'abbreviation': None, 'name': 'Home', 'summary': '5-1', 'type': 'home'}
 {'abbreviation': None, 'name': 'Road', 'summary': '0-0', 'type': 'road'}
 {'abbreviation': None, 'name': 'vs. Conf.', 'summary': '0-0', 'type': 'vsconf'}]",19,FALSE,99,"[{'abbreviation': 'Game', 'name': 'overall', 'summary': '0-8', 'type': 'total'}
 {'abbreviation': None, 'name': 'Home', 'summary': '0-3', 'type': 'home'}
 {'abbreviation': None, 'name': 'Road', 'summary': '0-5', 'type': 'road'}
 {'abbreviation': None, 'name': 'vs. Conf.', 'summary': '0-0', 'type': 'vsconf'}]",,,WVU,MERC,eaaa00,0,2855,,WVU,eaaa00,2855,MERC,0,,https://raw.githubusercontent.com/sportsdataverse/wehoop-wbb-raw/main/wbb/json/final/401825824.json,2025-12-06T00:00Z,TRUE,,
401819760,2025-12-05T17:00Z,Fairfield,Howard,Away,L,69,72,https://a.espncdn.com/i/teamlogos/ncaa/500/2217.png,https://a.espncdn.com/i/teamlogos/ncaa/500/47.png,99,99,13,16,,,FALSE,1,,STATUS_FINAL,16,TRUE,99,"[{'abbreviation': 'Game', 'name': 'overall', 'summary': '7-3', 'type': 'total'}
 {'abbreviation': None, 'name': 'Home', 'summary': '3-0', 'type': 'home'}
 {'abbreviation': None, 'name': 'Road', 'summary': '4-3', 'type': 'road'}
 {'abbreviation': None, 'name': 'vs. Conf.', 'summary': '0-0', 'type': 'vsconf'}]",13,FALSE,99,"[{'abbreviation': 'Game', 'name': 'overall', 'summary': '4-3', 'type': 'total'}
 {'abbreviation': None, 'name': 'Home', 'summary': '2-0', 'type': 'home'}
 {'abbreviation': None, 'name': 'Road', 'summary': '1-2', 'type': 'road'}
 {'abbreviation': None, 'name': 'vs. Conf.', 'summary': '0-0', 'type': 'vsconf'}]",,,FAIR,HOW,0,003a63,ebebeb,e51937,HOW,003a63,e51937,FAIR,0,ebebeb,https://raw.githubusercontent.com/sportsdataverse/wehoop-wbb-raw/main/wbb/json/final/401819760.json,2025-12-05T17:00Z,TRUE,,
401806390,2025-12-05T02:00Z,Ole Miss,Notre Dame,Home,W,69,62,https://a.espncdn.com/i/teamlogos/ncaa/500/145.png,https://a.espncdn.com/i/teamlogos/ncaa/500/87.png,13,18,23,2,,,FALSE,1,ACC/SEC Women's Challenge,STATUS_FINAL,23,TRUE,13,"[{'abbreviation': 'Game', 'name': 'overall', 'summary': '8-0', 'type': 'total'}
 {'abbreviation': None, 'name': 'Home', 'summary': '4-0', 'type': 'home'}
 {'abbreviation': None, 'name': 'Road', 'summary': '2-0', 'type': 'road'}
 {'abbreviation': None, 'name': 'vs. Conf.', 'summary': '0-0', 'type': 'vsconf'}]",2,FALSE,18,"[{'abbreviation': 'Game', 'name': 'overall', 'summary': '5-2', 'type': 'total'}
 {'abbreviation': None, 'name': 'Home', 'summary': '5-0', 'type': 'home'}
 {'abbreviation': None, 'name': 'Road', 'summary': '0-1', 'type': 'road'}
 {'abbreviation': None, 'name': 'vs. Conf.', 'summary': '0-0', 'type': 'vsconf'}]",,,MISS,ND,13294b,62340,cf142b,c99700,MISS,13294b,cf142b,ND,62340,c99700,https://raw.githubusercontent.com/sportsdataverse/wehoop-wbb-raw/main/wbb/json/final/401806390.json,2025-12-05T02:00Z,TRUE,,
401806387,2025-12-05T02:00Z,Duke,LSU,Home,L,77,93,https://a.espncdn.com/i/teamlogos/ncaa/500/150.png,https://a.espncdn.com/i/teamlogos/ncaa/500/99.png,99,5,2,23,,,FALSE,1,ACC/SEC Women's Challenge,STATUS_FINAL,2,FALSE,99,"[{'abbreviation': 'Game', 'name': 'overall', 'summary': '3-6', 'type': 'total'}
 {'abbreviation': None, 'name': 'Home', 'summary': '2-1', 'type': 'home'}
 {'abbreviation': None, 'name': 'Road', 'summary': '1-1', 'type': 'road'}
 {'abbreviation': None, 'name': 'vs. Conf.', 'summary': '0-0', 'type': 'vsconf'}]",23,TRUE,5,"[{'abbreviation': 'Game', 'name': 'overall', 'summary': '9-0', 'type': 'total'}
 {'abbreviation': None, 'name': 'Home', 'summary': '4-0', 'type': 'home'}
 {'abbreviation': None, 'name': 'Road', 'summary': '3-0', 'type': 'road'}
 {'abbreviation': None, 'name': 'vs. Conf.', 'summary': '0-0', 'type': 'vsconf'}]",,,DUKE,LSU,00539b,461d76,ffffff,fdd023,DUKE,00539b,ffffff,LSU,461d76,fdd023,https://raw.githubusercontent.com/sportsdataverse/wehoop-wbb-raw/main/wbb/json/final/401806387.json,2025-12-05T02:00Z,TRUE,,
401806387,2025-12-05T02:00Z,LSU,Duke,Away,W,93,77,https://a.espncdn.com/i/teamlogos/ncaa/500/99.png,https://a.espncdn.com/i/teamlogos/ncaa/500/150.png,5,99,23,2,,,FALSE,1,ACC/SEC Women's Challenge,STATUS_FINAL,2,FALSE,99,"[{'abbreviation': 'Game', 'name': 'overall', 'summary': '3-6', 'type': 'total'}
 {'abbreviation': None, 'name': 'Home', 'summary': '2-1', 'type': 'home'}
 {'abbreviation': None, 'name': 'Road', 'summary': '1-1', 'type': 'road'}
 {'abbreviation': None, 'name': 'vs. Conf.', 'summary': '0-0', 'type': 'vsconf'}]",23,TRUE,5,"[{'abbreviation': 'Game', 'name': 'overall', 'summary': '9-0', 'type': 'total'}
 {'abbreviation': None, 'name': 'Home', 'summary': '4-0', 'type': 'home'}
 {'abbreviation': None, 'name': 'Road', 'summary': '3-0', 'type': 'road'}
 {'abbreviation': None, 'name': 'vs. Conf.', 'summary': '0-0', 'type': 'vsconf'}]",,,LSU,DUKE,461d76,00539b,fdd023,ffffff,DUKE,00539b,ffffff,LSU,461d76,fdd023,https://raw.githubusercontent.com/sportsdataverse/wehoop-wbb-raw/main/wbb/json/final/401806387.json,2025-12-05T02:00Z,TRUE,,
401806390,2025-12-05T02:00Z,Notre Dame,Ole Miss,Away,L,62,69,https://a.espncdn.com/i/teamlogos/ncaa/500/87.png,https://a.espncdn.com/i/teamlogos/ncaa/500/145.png,18,13,2,23,,,FALSE,1,ACC/SEC Women's Challenge,STATUS_FINAL,23,TRUE,13,"[{'abbreviation': 'Game', 'name': 'overall', 'summary': '8-0', 'type': 'total'}
 {'abbreviation': None, 'name': 'Home', 'summary': '4-0', 'type': 'home'}
 {'abbreviation': None, 'name': 'Road', 'summary': '2-0', 'type': 'road'}
 {'abbreviation': None, 'name': 'vs. Conf.', 'summary': '0-0', 'type': 'vsconf'}]",2,FALSE,18,"[{'abbreviation': 'Game', 'name': 'overall', 'summary': '5-2', 'type': 'total'}
 {'abbreviation': None, 'name': 'Home', 'summary': '5-0', 'type': 'home'}
 {'abbreviation': None, 'name': 'Road', 'summary': '0-1', 'type': 'road'}
 {'abbreviation': None, 'name': 'vs. Conf.', 'summary': '0-0', 'type': 'vsconf'}]",,,ND,MISS,62340,13294b,c99700,cf142b,MISS,13294b,cf142b,ND,62340,c99700,https://raw.githubusercontent.com/sportsdataverse/wehoop-wbb-raw/main/wbb/json/final/401806390.json,2025-12-05T02:00Z,TRUE,,
401806391,2025-12-05T00:02Z,UNC,Texas,Away,L,64,79,https://a.espncdn.com/i/teamlogos/ncaa/500/153.png,https://a.espncdn.com/i/teamlogos/ncaa/500/251.png,11,2,2,23,,,FALSE,1,ACC/SEC Women's Challenge,STATUS_FINAL,23,TRUE,2,"[{'abbreviation': 'Game', 'name': 'overall', 'summary': '9-0', 'type': 'total'}
 {'abbreviation': None, 'name': 'Home', 'summary': '7-0', 'type': 'home'}
 {'abbreviation': None, 'name': 'Road', 'summary': '0-0', 'type': 'road'}
 {'abbreviation': None, 'name': 'vs. Conf.', 'summary': '0-0', 'type': 'vsconf'}]",2,FALSE,11,"[{'abbreviation': 'Game', 'name': 'overall', 'summary': '8-2', 'type': 'total'}
 {'abbreviation': None, 'name': 'Home', 'summary': '3-0', 'type': 'home'}
 {'abbreviation': None, 'name': 'Road', 'summary': '1-1', 'type': 'road'}
 {'abbreviation': None, 'name': 'vs. Conf.', 'summary': '0-0', 'type': 'vsconf'}]",,,UNC,TEX,7bafd4,af5c37,13294b,ffffff,TEX,af5c37,ffffff,UNC,7bafd4,13294b,https://raw.githubusercontent.com/sportsdataverse/wehoop-wbb-raw/main/wbb/json/final/401806391.json,2025-12-05T00:02Z,TRUE,,
401806391,2025-12-05T00:02Z,Texas,UNC,Home,W,79,64,https://a.espncdn.com/i/teamlogos/ncaa/500/251.png,https://a.espncdn.com/i/teamlogos/ncaa/500/153.png,2,11,23,2,,,FALSE,1,ACC/SEC Women's Challenge,STATUS_FINAL,23,TRUE,2,"[{'abbreviation': 'Game', 'name': 'overall', 'summary': '9-0', 'type': 'total'}
 {'abbreviation': None, 'name': 'Home', 'summary': '7-0', 'type': 'home'}
 {'abbreviation': None, 'name': 'Road', 'summary': '0-0', 'type': 'road'}
 {'abbreviation': None, 'name': 'vs. Conf.', 'summary': '0-0', 'type': 'vsconf'}]",2,FALSE,11,"[{'abbreviation': 'Game', 'name': 'overall', 'summary': '8-2', 'type': 'total'}
 {'abbreviation': None, 'name': 'Home', 'summary': '3-0', 'type': 'home'}
 {'abbreviation': None, 'name': 'Road', 'summary': '1-1', 'type': 'road'}
 {'abbreviation': None, 'name': 'vs. Conf.', 'summary': '0-0', 'type': 'vsconf'}]",,,TEX,UNC,af5c37,7bafd4,ffffff,13294b,TEX,af5c37,ffffff,UNC,7bafd4,13294b,https://raw.githubusercontent.com/sportsdataverse/wehoop-wbb-raw/main/wbb/json/final/401806391.json,2025-12-05T00:02Z,TRUE,,
401806392,2025-12-05T00:00Z,Alabama,Clemson,Home,W,72,48,https://a.espncdn.com/i/teamlogos/ncaa/500/333.png,https://a.espncdn.com/i/teamlogos/ncaa/500/228.png,99,99,23,2,,,FALSE,1,ACC/SEC Women's Challenge,STATUS_FINAL,23,TRUE,99,"[{'abbreviation': 'Game', 'name': 'overall', 'summary': '9-0', 'type': 'total'}
 {'abbreviation': None, 'name': 'Home', 'summary': '7-0', 'type': 'home'}
 {'abbreviation': None, 'name': 'Road', 'summary': '0-0', 'type': 'road'}
 {'abbreviation': None, 'name': 'vs. Conf.', 'summary': '0-0', 'type': 'vsconf'}]",2,FALSE,99,"[{'abbreviation': 'Game', 'name': 'overall', 'summary': '5-4', 'type': 'total'}
 {'abbreviation': None, 'name': 'Home', 'summary': '2-1', 'type': 'home'}
 {'abbreviation': None, 'name': 'Road', 'summary': '2-2', 'type': 'road'}
 {'abbreviation': None, 'name': 'vs. Conf.', 'summary': '0-1', 'type': 'vsconf'}]",,,ALA,CLEM,9e1b32,f56600,ffffff,ffffff,ALA,9e1b32,ffffff,CLEM,f56600,ffffff,https://raw.githubusercontent.com/sportsdataverse/wehoop-wbb-raw/main/wbb/json/final/401806392.json,2025-12-05T00:00Z,TRUE,,
401806394,2025-12-05T00:00Z,Mississippi State,Pittsburgh,Home,W,79,44,https://a.espncdn.com/i/teamlogos/ncaa/500/344.png,https://a.espncdn.com/i/teamlogos/ncaa/500/221.png,99,99,23,2,,,FALSE,1,ACC/SEC Women's Challenge,STATUS_FINAL,23,TRUE,99,"[{'abbreviation': 'Game', 'name': 'overall', 'summary': '8-1', 'type': 'total'}
 {'abbreviation': None, 'name': 'Home', 'summary': '7-0', 'type': 'home'}
 {'abbreviation': None, 'name': 'Road', 'summary': '0-1', 'type': 'road'}
 {'abbreviation': None, 'name': 'vs. Conf.', 'summary': '0-0', 'type': 'vsconf'}]",2,FALSE,99,"[{'abbreviation': 'Game', 'name': 'overall', 'summary': '6-5', 'type': 'total'}
 {'abbreviation': None, 'name': 'Home', 'summary': '5-3', 'type': 'home'}
 {'abbreviation': None, 'name': 'Road', 'summary': '0-1', 'type': 'road'}
 {'abbreviation': None, 'name': 'vs. Conf.', 'summary': '0-0', 'type': 'vsconf'}]",,,MSST,PITT,5d1725,3594,c1c6c8,ffb81c,MSST,5d1725,c1c6c8,PITT,3594,ffb81c,https://raw.githubusercontent.com/sportsdataverse/wehoop-wbb-raw/main/wbb/json/final/401806394.json,2025-12-05T00:00Z,TRUE,,
401806388,2025-12-05T00:00Z,Louisville,South Carolina,Home,L,77,79,https://a.espncdn.com/i/teamlogos/ncaa/500/97.png,https://a.espncdn.com/i/teamlogos/ncaa/500/2579.png,22,3,2,23,,,FALSE,1,ACC/SEC Women's Challenge,STATUS_FINAL,2,FALSE,22,"[{'abbreviation': 'Game', 'name': 'overall', 'summary': '7-3', 'type': 'total'}
 {'abbreviation': None, 'name': 'Home', 'summary': '5-2', 'type': 'home'}
 {'abbreviation': None, 'name': 'Road', 'summary': '1-0', 'type': 'road'}
 {'abbreviation': None, 'name': 'vs. Conf.', 'summary': '1-0', 'type': 'vsconf'}]",23,TRUE,3,"[{'abbreviation': 'Game', 'name': 'overall', 'summary': '8-1', 'type': 'total'}
 {'abbreviation': None, 'name': 'Home', 'summary': '5-0', 'type': 'home'}
 {'abbreviation': None, 'name': 'Road', 'summary': '1-0', 'type': 'road'}
 {'abbreviation': None, 'name': 'vs. Conf.', 'summary': '0-0', 'type': 'vsconf'}]",,,LOU,SC,c9001f,73000a,ffffff,0,LOU,c9001f,ffffff,SC,73000a,0,https://raw.githubusercontent.com/sportsdataverse/wehoop-wbb-raw/main/wbb/json/final/401806388.json,2025-12-05T00:00Z,TRUE,,
401806392,2025-12-05T00:00Z,Clemson,Alabama,Away,L,48,72,https://a.espncdn.com/i/teamlogos/ncaa/500/228.png,https://a.espncdn.com/i/teamlogos/ncaa/500/333.png,99,99,2,23,,,FALSE,1,ACC/SEC Women's Challenge,STATUS_FINAL,23,TRUE,99,"[{'abbreviation': 'Game', 'name': 'overall', 'summary': '9-0', 'type': 'total'}
 {'abbreviation': None, 'name': 'Home', 'summary': '7-0', 'type': 'home'}
 {'abbreviation': None, 'name': 'Road', 'summary': '0-0', 'type': 'road'}
 {'abbreviation': None, 'name': 'vs. Conf.', 'summary': '0-0', 'type': 'vsconf'}]",2,FALSE,99,"[{'abbreviation': 'Game', 'name': 'overall', 'summary': '5-4', 'type': 'total'}
 {'abbreviation': None, 'name': 'Home', 'summary': '2-1', 'type': 'home'}
 {'abbreviation': None, 'name': 'Road', 'summary': '2-2', 'type': 'road'}
 {'abbreviation': None, 'name': 'vs. Conf.', 'summary': '0-1', 'type': 'vsconf'}]",,,CLEM,ALA,f56600,9e1b32,ffffff,ffffff,ALA,9e1b32,ffffff,CLEM,f56600,ffffff,https://raw.githubusercontent.com/sportsdataverse/wehoop-wbb-raw/main/wbb/json/final/401806392.json,2025-12-05T00:00Z,TRUE,,
401825602,2025-12-05T00:00Z,Villanova,Georgetown,Away,W,76,69,https://a.espncdn.com/i/teamlogos/ncaa/500/222.png,https://a.espncdn.com/i/teamlogos/ncaa/500/46.png,99,99,4,4,,,TRUE,1,,STATUS_FINAL,4,FALSE,99,"[{'abbreviation': 'Game', 'name': 'overall', 'summary': '5-3', 'type': 'total'}
 {'abbreviation': None, 'name': 'Home', 'summary': '5-1', 'type': 'home'}
 {'abbreviation': None, 'name': 'Road', 'summary': '0-2', 'type': 'road'}
 {'abbreviation': None, 'name': 'vs. Conf.', 'summary': '0-1', 'type': 'vsconf'}]",4,TRUE,99,"[{'abbreviation': 'Game', 'name': 'overall', 'summary': '7-2', 'type': 'total'}
 {'abbreviation': None, 'name': 'Home', 'summary': '2-2', 'type': 'home'}
 {'abbreviation': None, 'name': 'Road', 'summary': '4-0', 'type': 'road'}
 {'abbreviation': None, 'name': 'vs. Conf.', 'summary': '1-0', 'type': 'vsconf'}]",4,Big East,VILL,GTWN,00205b,1.10E+44,13b5ea,001c58,GTWN,1.10E+44,001c58,VILL,00205b,13b5ea,https://raw.githubusercontent.com/sportsdataverse/wehoop-wbb-raw/main/wbb/json/final/401825602.json,2025-12-05T00:00Z,TRUE,,
401806388,2025-12-05T00:00Z,South Carolina,Louisville,Away,W,79,77,https://a.espncdn.com/i/teamlogos/ncaa/500/2579.png,https://a.espncdn.com/i/teamlogos/ncaa/500/97.png,3,22,23,2,,,FALSE,1,ACC/SEC Women's Challenge,STATUS_FINAL,2,FALSE,22,"[{'abbreviation': 'Game', 'name': 'overall', 'summary': '7-3', 'type': 'total'}
 {'abbreviation': None, 'name': 'Home', 'summary': '5-2', 'type': 'home'}
 {'abbreviation': None, 'name': 'Road', 'summary': '1-0', 'type': 'road'}
 {'abbreviation': None, 'name': 'vs. Conf.', 'summary': '1-0', 'type': 'vsconf'}]",23,TRUE,3,"[{'abbreviation': 'Game', 'name': 'overall', 'summary': '8-1', 'type': 'total'}
 {'abbreviation': None, 'name': 'Home', 'summary': '5-0', 'type': 'home'}
 {'abbreviation': None, 'name': 'Road', 'summary': '1-0', 'type': 'road'}
 {'abbreviation': None, 'name': 'vs. Conf.', 'summary': '0-0', 'type': 'vsconf'}]",,,SC,LOU,73000a,c9001f,0,ffffff,LOU,c9001f,ffffff,SC,73000a,0,https://raw.githubusercontent.com/sportsdataverse/wehoop-wbb-raw/main/wbb/json/final/401806388.json,2025-12-05T00:00Z,TRUE,,
401806389,2025-12-04T22:00Z,Florida,Virginia Tech,Away,L,64,68,https://a.espncdn.com/i/teamlogos/ncaa/500/57.png,https://a.espncdn.com/i/teamlogos/ncaa/500/259.png,99,99,23,2,,,FALSE,1,ACC/SEC Women's Challenge,STATUS_FINAL,2,TRUE,99,"[{'abbreviation': 'Game', 'name': 'overall', 'summary': '7-2', 'type': 'total'}
 {'abbreviation': None, 'name': 'Home', 'summary': '6-0', 'type': 'home'}
 {'abbreviation': None, 'name': 'Road', 'summary': '0-1', 'type': 'road'}
 {'abbreviation': None, 'name': 'vs. Conf.', 'summary': '0-0', 'type': 'vsconf'}]",23,FALSE,99,"[{'abbreviation': 'Game', 'name': 'overall', 'summary': '8-2', 'type': 'total'}
 {'abbreviation': None, 'name': 'Home', 'summary': '5-0', 'type': 'home'}
 {'abbreviation': None, 'name': 'Road', 'summary': '1-2', 'type': 'road'}
 {'abbreviation': None, 'name': 'vs. Conf.', 'summary': '0-0', 'type': 'vsconf'}]",,,FLA,VT,0021a5,6a2c3e,fa4616,cf4520,VT,6a2c3e,cf4520,FLA,0021a5,fa4616,https://raw.githubusercontent.com/sportsdataverse/wehoop-wbb-raw/main/wbb/json/final/401806389.json,2025-12-04T22:00Z,TRUE,,
401806389,2025-12-04T22:00Z,Virginia Tech,Florida,Home,W,68,64,https://a.espncdn.com/i/teamlogos/ncaa/500/259.png,https://a.espncdn.com/i/teamlogos/ncaa/500/57.png,99,99,2,23,,,FALSE,1,ACC/SEC Women's Challenge,STATUS_FINAL,2,TRUE,99,"[{'abbreviation': 'Game', 'name': 'overall', 'summary': '7-2', 'type': 'total'}
 {'abbreviation': None, 'name': 'Home', 'summary': '6-0', 'type': 'home'}
 {'abbreviation': None, 'name': 'Road', 'summary': '0-1', 'type': 'road'}
 {'abbreviation': None, 'name': 'vs. Conf.', 'summary': '0-0', 'type': 'vsconf'}]",23,FALSE,99,"[{'abbreviation': 'Game', 'name': 'overall', 'summary': '8-2', 'type': 'total'}
 {'abbreviation': None, 'name': 'Home', 'summary': '5-0', 'type': 'home'}
 {'abbreviation': None, 'name': 'Road', 'summary': '1-2', 'type': 'road'}
 {'abbreviation': None, 'name': 'vs. Conf.', 'summary': '0-0', 'type': 'vsconf'}]",,,VT,FLA,6a2c3e,0021a5,cf4520,fa4616,VT,6a2c3e,cf4520,FLA,0021a5,fa4616,https://raw.githubusercontent.com/sportsdataverse/wehoop-wbb-raw/main/wbb/json/final/401806389.json,2025-12-04T22:00Z,TRUE,,
401806381,2025-12-04T02:15Z,Tennessee,Stanford,Away,W,65,62,https://a.espncdn.com/i/teamlogos/ncaa/500/2633_ncw.png,https://a.espncdn.com/i/teamlogos/ncaa/500/24.png,19,99,23,2,,,FALSE,1,ACC/SEC Women's Challenge,STATUS_FINAL,2,FALSE,99,"[{'abbreviation': 'Game', 'name': 'overall', 'summary': '8-2', 'type': 'total'}
 {'abbreviation': None, 'name': 'Home', 'summary': '5-1', 'type': 'home'}
 {'abbreviation': None, 'name': 'Road', 'summary': '2-0', 'type': 'road'}
 {'abbreviation': None, 'name': 'vs. Conf.', 'summary': '0-0', 'type': 'vsconf'}]",23,TRUE,19,"[{'abbreviation': 'Game', 'name': 'overall', 'summary': '6-2', 'type': 'total'}
 {'abbreviation': None, 'name': 'Home', 'summary': '3-0', 'type': 'home'}
 {'abbreviation': None, 'name': 'Road', 'summary': '3-1', 'type': 'road'}
 {'abbreviation': None, 'name': 'vs. Conf.', 'summary': '0-0', 'type': 'vsconf'}]",,,TENN,STAN,ff8200,8c1515,ffffff,ffffff,STAN,8c1515,ffffff,TENN,ff8200,ffffff,https://raw.githubusercontent.com/sportsdataverse/wehoop-wbb-raw/main/wbb/json/final/401806381.json,2025-12-04T02:15Z,TRUE,,
401806381,2025-12-04T02:15Z,Stanford,Tennessee,Home,L,62,65,https://a.espncdn.com/i/teamlogos/ncaa/500/24.png,https://a.espncdn.com/i/teamlogos/ncaa/500/2633_ncw.png,99,19,2,23,,,FALSE,1,ACC/SEC Women's Challenge,STATUS_FINAL,2,FALSE,99,"[{'abbreviation': 'Game', 'name': 'overall', 'summary': '8-2', 'type': 'total'}
 {'abbreviation': None, 'name': 'Home', 'summary': '5-1', 'type': 'home'}
 {'abbreviation': None, 'name': 'Road', 'summary': '2-0', 'type': 'road'}
 {'abbreviation': None, 'name': 'vs. Conf.', 'summary': '0-0', 'type': 'vsconf'}]",23,TRUE,19,"[{'abbreviation': 'Game', 'name': 'overall', 'summary': '6-2', 'type': 'total'}
 {'abbreviation': None, 'name': 'Home', 'summary': '3-0', 'type': 'home'}
 {'abbreviation': None, 'name': 'Road', 'summary': '3-1', 'type': 'road'}
 {'abbreviation': None, 'name': 'vs. Conf.', 'summary': '0-0', 'type': 'vsconf'}]",,,STAN,TENN,8c1515,ff8200,ffffff,ffffff,STAN,8c1515,ffffff,TENN,ff8200,ffffff,https://raw.githubusercontent.com/sportsdataverse/wehoop-wbb-raw/main/wbb/json/final/401806381.json,2025-12-04T02:15Z,TRUE,,
401818683,2025-12-04T02:00Z,Oregon,Oregon State,Home,W,96,73,https://a.espncdn.com/i/teamlogos/ncaa/500/2483.png,https://a.espncdn.com/i/teamlogos/ncaa/500/204.png,99,99,7,29,,,FALSE,1,,STATUS_FINAL,7,TRUE,99,"[{'abbreviation': 'Game', 'name': 'overall', 'summary': '10-0', 'type': 'total'}
 {'abbreviation': None, 'name': 'Home', 'summary': '6-0', 'type': 'home'}
 {'abbreviation': None, 'name': 'Road', 'summary': '2-0', 'type': 'road'}
 {'abbreviation': None, 'name': 'vs. Conf.', 'summary': '0-0', 'type': 'vsconf'}]",29,FALSE,99,"[{'abbreviation': 'Game', 'name': 'overall', 'summary': '5-4', 'type': 'total'}
 {'abbreviation': None, 'name': 'Home', 'summary': '5-1', 'type': 'home'}
 {'abbreviation': None, 'name': 'Road', 'summary': '0-1', 'type': 'road'}
 {'abbreviation': None, 'name': 'vs. Conf.', 'summary': '0-0', 'type': 'vsconf'}]",,,ORE,ORST,00934b,dc4405,fff41b,0,ORE,00934b,fff41b,ORST,dc4405,0,https://raw.githubusercontent.com/sportsdataverse/wehoop-wbb-raw/main/wbb/json/final/401818683.json,2025-12-04T02:00Z,TRUE,,
401818652,2025-12-04T01:00Z,Nebraska,Bradley,Home,W,92,53,https://a.espncdn.com/i/teamlogos/ncaa/500/158.png,https://a.espncdn.com/i/teamlogos/ncaa/500/71.png,99,99,7,18,,,FALSE,1,,STATUS_FINAL,7,TRUE,99,"[{'abbreviation': 'Game', 'name': 'overall', 'summary': '8-0', 'type': 'total'}
 {'abbreviation': None, 'name': 'Home', 'summary': '5-0', 'type': 'home'}
 {'abbreviation': None, 'name': 'Road', 'summary': '0-0', 'type': 'road'}
 {'abbreviation': None, 'name': 'vs. Conf.', 'summary': '0-0', 'type': 'vsconf'}]",18,FALSE,99,"[{'abbreviation': 'Game', 'name': 'overall', 'summary': '4-4', 'type': 'total'}
 {'abbreviation': None, 'name': 'Home', 'summary': '3-0', 'type': 'home'}
 {'abbreviation': None, 'name': 'Road', 'summary': '0-3', 'type': 'road'}
 {'abbreviation': None, 'name': 'vs. Conf.', 'summary': '0-0', 'type': 'vsconf'}]",,,NEB,BRAD,e31937,b70002,ffffff,c0c0c0,NEB,e31937,ffffff,BRAD,b70002,c0c0c0,https://raw.githubusercontent.com/sportsdataverse/wehoop-wbb-raw/main/wbb/json/final/401818652.json,2025-12-04T01:00Z,TRUE,,
401807968,2025-12-04T01:00Z,Baylor,SE Louisiana,Home,W,112,47,https://a.espncdn.com/i/teamlogos/ncaa/500/239.png,https://a.espncdn.com/i/teamlogos/ncaa/500/2545.png,14,99,8,25,,,FALSE,1,,STATUS_FINAL,8,TRUE,14,"[{'abbreviation': 'Game', 'name': 'overall', 'summary': '8-1', 'type': 'total'}
 {'abbreviation': None, 'name': 'Home', 'summary': '5-0', 'type': 'home'}
 {'abbreviation': None, 'name': 'Road', 'summary': '1-0', 'type': 'road'}
 {'abbreviation': None, 'name': 'vs. Conf.', 'summary': '0-0', 'type': 'vsconf'}]",25,FALSE,99,"[{'abbreviation': 'Game', 'name': 'overall', 'summary': '2-4', 'type': 'total'}
 {'abbreviation': None, 'name': 'Home', 'summary': '2-0', 'type': 'home'}
 {'abbreviation': None, 'name': 'Road', 'summary': '0-4', 'type': 'road'}
 {'abbreviation': None, 'name': 'vs. Conf.', 'summary': '1-0', 'type': 'vsconf'}]",,,BAY,SELA,154734,215732,ffb81c,ffc72c,BAY,154734,ffb81c,SELA,215732,ffc72c,https://raw.githubusercontent.com/sportsdataverse/wehoop-wbb-raw/main/wbb/json/final/401807968.json,2025-12-04T01:00Z,TRUE,,
401823033,2025-12-04T00:30Z,TCU,Incarnate Word,Home,W,84,56,https://a.espncdn.com/i/teamlogos/ncaa/500/2628.png,https://a.espncdn.com/i/teamlogos/ncaa/500/2916.png,8,99,8,25,,,FALSE,1,,STATUS_FINAL,8,TRUE,8,"[{'abbreviation': 'Game', 'name': 'overall', 'summary': '9-0', 'type': 'total'}
 {'abbreviation': None, 'name': 'Home', 'summary': '6-0', 'type': 'home'}
 {'abbreviation': None, 'name': 'Road', 'summary': '1-0', 'type': 'road'}
 {'abbreviation': None, 'name': 'vs. Conf.', 'summary': '0-0', 'type': 'vsconf'}]",25,FALSE,99,"[{'abbreviation': 'Game', 'name': 'overall', 'summary': '1-5', 'type': 'total'}
 {'abbreviation': None, 'name': 'Home', 'summary': '1-1', 'type': 'home'}
 {'abbreviation': None, 'name': 'Road', 'summary': '0-4', 'type': 'road'}
 {'abbreviation': None, 'name': 'vs. Conf.', 'summary': '0-0', 'type': 'vsconf'}]",,,TCU,UIW,4d1979,0,ffffff,80808,TCU,4d1979,ffffff,UIW,0,80808,https://raw.githubusercontent.com/sportsdataverse/wehoop-wbb-raw/main/wbb/json/final/401823033.json,2025-12-04T00:30Z,TRUE,,
401806382,2025-12-04T00:15Z,NC State,Oklahoma,Away,L,98,103,https://a.espncdn.com/i/teamlogos/ncaa/500/152.png,https://a.espncdn.com/i/teamlogos/ncaa/500/201.png,99,9,2,23,,,FALSE,1,ACC/SEC Women's Challenge,STATUS_FINAL,23,TRUE,9,"[{'abbreviation': 'Game', 'name': 'overall', 'summary': '8-1', 'type': 'total'}
 {'abbreviation': None, 'name': 'Home', 'summary': '5-0', 'type': 'home'}
 {'abbreviation': None, 'name': 'Road', 'summary': '1-0', 'type': 'road'}
 {'abbreviation': None, 'name': 'vs. Conf.', 'summary': '0-0', 'type': 'vsconf'}]",2,FALSE,99,"[{'abbreviation': 'Game', 'name': 'overall', 'summary': '5-4', 'type': 'total'}
 {'abbreviation': None, 'name': 'Home', 'summary': '2-2', 'type': 'home'}
 {'abbreviation': None, 'name': 'Road', 'summary': '0-1', 'type': 'road'}
 {'abbreviation': None, 'name': 'vs. Conf.', 'summary': '0-0', 'type': 'vsconf'}]",,,NCSU,OU,cc0000,990000,ffffff,ffffff,OU,990000,ffffff,NCSU,cc0000,ffffff,https://raw.githubusercontent.com/sportsdataverse/wehoop-wbb-raw/main/wbb/json/final/401806382.json,2025-12-04T00:15Z,TRUE,,
401806382,2025-12-04T00:15Z,Oklahoma,NC State,Home,W,103,98,https://a.espncdn.com/i/teamlogos/ncaa/500/201.png,https://a.espncdn.com/i/teamlogos/ncaa/500/152.png,9,99,23,2,,,FALSE,1,ACC/SEC Women's Challenge,STATUS_FINAL,23,TRUE,9,"[{'abbreviation': 'Game', 'name': 'overall', 'summary': '8-1', 'type': 'total'}
 {'abbreviation': None, 'name': 'Home', 'summary': '5-0', 'type': 'home'}
 {'abbreviation': None, 'name': 'Road', 'summary': '1-0', 'type': 'road'}
 {'abbreviation': None, 'name': 'vs. Conf.', 'summary': '0-0', 'type': 'vsconf'}]",2,FALSE,99,"[{'abbreviation': 'Game', 'name': 'overall', 'summary': '5-4', 'type': 'total'}
 {'abbreviation': None, 'name': 'Home', 'summary': '2-2', 'type': 'home'}
 {'abbreviation': None, 'name': 'Road', 'summary': '0-1', 'type': 'road'}
 {'abbreviation': None, 'name': 'vs. Conf.', 'summary': '0-0', 'type': 'vsconf'}]",,,OU,NCSU,990000,cc0000,ffffff,ffffff,OU,990000,ffffff,NCSU,cc0000,ffffff,https://raw.githubusercontent.com/sportsdataverse/wehoop-wbb-raw/main/wbb/json/final/401806382.json,2025-12-04T00:15Z,TRUE,,
401829021,2025-12-04T00:00Z,Rhode Island,Saint Joseph's,Away,W,59,52,https://a.espncdn.com/i/teamlogos/ncaa/500/227.png,https://a.espncdn.com/i/teamlogos/ncaa/500/2603.png,99,99,3,3,,,TRUE,1,,STATUS_FINAL,3,FALSE,99,"[{'abbreviation': 'Game', 'name': 'overall', 'summary': '6-2', 'type': 'total'}
 {'abbreviation': None, 'name': 'Home', 'summary': '3-2', 'type': 'home'}
 {'abbreviation': None, 'name': 'Road', 'summary': '3-0', 'type': 'road'}
 {'abbreviation': None, 'name': 'vs. Conf.', 'summary': '0-1', 'type': 'vsconf'}]",3,TRUE,99,"[{'abbreviation': 'Game', 'name': 'overall', 'summary': '7-2', 'type': 'total'}
 {'abbreviation': None, 'name': 'Home', 'summary': '4-1', 'type': 'home'}
 {'abbreviation': None, 'name': 'Road', 'summary': '3-1', 'type': 'road'}
 {'abbreviation': None, 'name': 'vs. Conf.', 'summary': '1-0', 'type': 'vsconf'}]",3,A-10,URI,JOES,091f3f,9e1b32,5ab3e8,6c6f70,JOES,9e1b32,6c6f70,URI,091f3f,5ab3e8,https://raw.githubusercontent.com/sportsdataverse/wehoop-wbb-raw/main/wbb/json/final/401829021.json,2025-12-04T00:00Z,TRUE,,
401822991,2025-12-04T00:00Z,Texas Tech,Wichita State,Home,W,83,43,https://a.espncdn.com/i/teamlogos/ncaa/500/2641.png,https://a.espncdn.com/i/teamlogos/ncaa/500/2724.png,99,99,8,62,,,FALSE,1,,STATUS_FINAL,8,TRUE,99,"[{'abbreviation': 'Game', 'name': 'overall', 'summary': '10-0', 'type': 'total'}
 {'abbreviation': None, 'name': 'Home', 'summary': '7-0', 'type': 'home'}
 {'abbreviation': None, 'name': 'Road', 'summary': '1-0', 'type': 'road'}
 {'abbreviation': None, 'name': 'vs. Conf.', 'summary': '0-0', 'type': 'vsconf'}]",62,FALSE,99,"[{'abbreviation': 'Game', 'name': 'overall', 'summary': '1-8', 'type': 'total'}
 {'abbreviation': None, 'name': 'Home', 'summary': '1-3', 'type': 'home'}
 {'abbreviation': None, 'name': 'Road', 'summary': '0-3', 'type': 'road'}
 {'abbreviation': None, 'name': 'vs. Conf.', 'summary': '0-0', 'type': 'vsconf'}]",,,TTU,WICH,da291c,ffcd00,0,27251f,TTU,da291c,0,WICH,ffcd00,27251f,https://raw.githubusercontent.com/sportsdataverse/wehoop-wbb-raw/main/wbb/json/final/401822991.json,2025-12-04T00:00Z,TRUE,,
401824221,2025-12-04T00:00Z,Michigan,Central Michigan,Home,W,82,40,https://a.espncdn.com/i/teamlogos/ncaa/500/130.png,https://a.espncdn.com/i/teamlogos/ncaa/500/2117.png,6,99,7,14,,,FALSE,1,,STATUS_FINAL,7,TRUE,6,"[{'abbreviation': 'Game', 'name': 'overall', 'summary': '7-1', 'type': 'total'}
 {'abbreviation': None, 'name': 'Home', 'summary': '4-0', 'type': 'home'}
 {'abbreviation': None, 'name': 'Road', 'summary': '1-0', 'type': 'road'}
 {'abbreviation': None, 'name': 'vs. Conf.', 'summary': '0-0', 'type': 'vsconf'}]",14,FALSE,99,"[{'abbreviation': 'Game', 'name': 'overall', 'summary': '5-3', 'type': 'total'}
 {'abbreviation': None, 'name': 'Home', 'summary': '3-0', 'type': 'home'}
 {'abbreviation': None, 'name': 'Road', 'summary': '2-3', 'type': 'road'}
 {'abbreviation': None, 'name': 'vs. Conf.', 'summary': '0-0', 'type': 'vsconf'}]",,,MICH,CMU,00274c,4c0027,ffcb05,fbab18,MICH,00274c,ffcb05,CMU,4c0027,fbab18,https://raw.githubusercontent.com/sportsdataverse/wehoop-wbb-raw/main/wbb/json/final/401824221.json,2025-12-04T00:00Z,TRUE,,
401813912,2025-12-04T00:00Z,Maryland,Mount St. Mary's,Home,W,92,44,https://a.espncdn.com/i/teamlogos/ncaa/500/120.png,https://a.espncdn.com/i/teamlogos/ncaa/500/116.png,7,99,7,13,,,FALSE,1,,STATUS_FINAL,7,TRUE,7,"[{'abbreviation': 'Game', 'name': 'overall', 'summary': '10-0', 'type': 'total'}
 {'abbreviation': None, 'name': 'Home', 'summary': '8-0', 'type': 'home'}
 {'abbreviation': None, 'name': 'Road', 'summary': '0-0', 'type': 'road'}
 {'abbreviation': None, 'name': 'vs. Conf.', 'summary': '0-0', 'type': 'vsconf'}]",13,FALSE,99,"[{'abbreviation': 'Game', 'name': 'overall', 'summary': '2-5', 'type': 'total'}
 {'abbreviation': None, 'name': 'Home', 'summary': '1-1', 'type': 'home'}
 {'abbreviation': None, 'name': 'Road', 'summary': '1-4', 'type': 'road'}
 {'abbreviation': None, 'name': 'vs. Conf.', 'summary': '0-0', 'type': 'vsconf'}]",,,MD,MSM,ce1126,5596,ffffff,ebebeb,MD,ce1126,ffffff,MSM,5596,ebebeb,https://raw.githubusercontent.com/sportsdataverse/wehoop-wbb-raw/main/wbb/json/final/401813912.json,2025-12-04T00:00Z,TRUE,,
401824192,2025-12-04T00:00Z,Oklahoma State,North Texas,Away,W,73,55,https://a.espncdn.com/i/teamlogos/ncaa/500/197.png,https://a.espncdn.com/i/teamlogos/ncaa/500/249.png,24,99,8,62,,,FALSE,1,,STATUS_FINAL,62,FALSE,99,"[{'abbreviation': 'Game', 'name': 'overall', 'summary': '5-3', 'type': 'total'}
 {'abbreviation': None, 'name': 'Home', 'summary': '3-2', 'type': 'home'}
 {'abbreviation': None, 'name': 'Road', 'summary': '1-0', 'type': 'road'}
 {'abbreviation': None, 'name': 'vs. Conf.', 'summary': '0-0', 'type': 'vsconf'}]",8,TRUE,24,"[{'abbreviation': 'Game', 'name': 'overall', 'summary': '9-1', 'type': 'total'}
 {'abbreviation': None, 'name': 'Home', 'summary': '6-0', 'type': 'home'}
 {'abbreviation': None, 'name': 'Road', 'summary': '1-1', 'type': 'road'}
 {'abbreviation': None, 'name': 'vs. Conf.', 'summary': '0-0', 'type': 'vsconf'}]",,,OKST,UNT,fe5c00,068f33,0,ffffff,UNT,068f33,ffffff,OKST,fe5c00,0,https://raw.githubusercontent.com/sportsdataverse/wehoop-wbb-raw/main/wbb/json/final/401824192.json,2025-12-04T00:00Z,TRUE,,
401824169,2025-12-03T23:00Z,James Madison,East Carolina,Away,W,83,66,https://a.espncdn.com/i/teamlogos/ncaa/500/256.png,https://a.espncdn.com/i/teamlogos/ncaa/500/151.png,99,99,27,62,,,FALSE,1,,STATUS_FINAL,62,FALSE,99,"[{'abbreviation': 'Game', 'name': 'overall', 'summary': '4-5', 'type': 'total'}
 {'abbreviation': None, 'name': 'Home', 'summary': '2-2', 'type': 'home'}
 {'abbreviation': None, 'name': 'Road', 'summary': '0-2', 'type': 'road'}
 {'abbreviation': None, 'name': 'vs. Conf.', 'summary': '0-0', 'type': 'vsconf'}]",27,TRUE,99,"[{'abbreviation': 'Game', 'name': 'overall', 'summary': '7-3', 'type': 'total'}
 {'abbreviation': None, 'name': 'Home', 'summary': '4-2', 'type': 'home'}
 {'abbreviation': None, 'name': 'Road', 'summary': '1-1', 'type': 'road'}
 {'abbreviation': None, 'name': 'vs. Conf.', 'summary': '0-0', 'type': 'vsconf'}]",,,JMU,ECU,450084,582c83,cbb677,ffc72c,ECU,582c83,ffc72c,JMU,450084,cbb677,https://raw.githubusercontent.com/sportsdataverse/wehoop-wbb-raw/main/wbb/json/final/401824169.json,2025-12-03T23:00Z,TRUE,,
401829020,2025-12-03T23:00Z,Richmond,Loyola Chicago,Home,W,69,46,https://a.espncdn.com/i/teamlogos/ncaa/500/257.png,https://a.espncdn.com/i/teamlogos/ncaa/500/2350.png,99,99,3,3,,,TRUE,1,,STATUS_FINAL,3,TRUE,99,"[{'abbreviation': 'Game', 'name': 'overall', 'summary': '7-2', 'type': 'total'}
 {'abbreviation': None, 'name': 'Home', 'summary': '4-0', 'type': 'home'}
 {'abbreviation': None, 'name': 'Road', 'summary': '2-1', 'type': 'road'}
 {'abbreviation': None, 'name': 'vs. Conf.', 'summary': '1-0', 'type': 'vsconf'}]",3,FALSE,99,"[{'abbreviation': 'Game', 'name': 'overall', 'summary': '2-6', 'type': 'total'}
 {'abbreviation': None, 'name': 'Home', 'summary': '0-3', 'type': 'home'}
 {'abbreviation': None, 'name': 'Road', 'summary': '2-3', 'type': 'road'}
 {'abbreviation': None, 'name': 'vs. Conf.', 'summary': '0-1', 'type': 'vsconf'}]",3,A-10,RICH,LUC,9e0712,9d1244,b90b2e,,RICH,9e0712,b90b2e,LUC,9d1244,,https://raw.githubusercontent.com/sportsdataverse/wehoop-wbb-raw/main/wbb/json/final/401829020.json,2025-12-03T23:00Z,TRUE,,
401806386,2025-12-03T22:00Z,Vanderbilt,Virginia,Home,W,81,68,https://a.espncdn.com/i/teamlogos/ncaa/500/238.png,https://a.espncdn.com/i/teamlogos/ncaa/500/258.png,15,99,23,2,,,FALSE,1,ACC/SEC Women's Challenge,STATUS_FINAL,23,TRUE,15,"[{'abbreviation': 'Game', 'name': 'overall', 'summary': '9-0', 'type': 'total'}
 {'abbreviation': None, 'name': 'Home', 'summary': '4-0', 'type': 'home'}
 {'abbreviation': None, 'name': 'Road', 'summary': '2-0', 'type': 'road'}
 {'abbreviation': None, 'name': 'vs. Conf.', 'summary': '0-0', 'type': 'vsconf'}]",2,FALSE,99,"[{'abbreviation': 'Game', 'name': 'overall', 'summary': '6-3', 'type': 'total'}
 {'abbreviation': None, 'name': 'Home', 'summary': '5-1', 'type': 'home'}
 {'abbreviation': None, 'name': 'Road', 'summary': '0-1', 'type': 'road'}
 {'abbreviation': None, 'name': 'vs. Conf.', 'summary': '0-0', 'type': 'vsconf'}]",,,VAN,UVA,0,f84c1e,cfae70,232d4b,VAN,0,cfae70,UVA,f84c1e,232d4b,https://raw.githubusercontent.com/sportsdataverse/wehoop-wbb-raw/main/wbb/json/final/401806386.json,2025-12-03T22:00Z,TRUE,,
401806383,2025-12-03T22:00Z,Georgia,Florida State,Away,W,80,60,https://a.espncdn.com/i/teamlogos/ncaa/500/61.png,https://a.espncdn.com/i/teamlogos/ncaa/500/52.png,99,99,23,2,,,FALSE,1,ACC/SEC Women's Challenge,STATUS_FINAL,2,FALSE,99,"[{'abbreviation': 'Game', 'name': 'overall', 'summary': '4-6', 'type': 'total'}
 {'abbreviation': None, 'name': 'Home', 'summary': '3-3', 'type': 'home'}
 {'abbreviation': None, 'name': 'Road', 'summary': '0-2', 'type': 'road'}
 {'abbreviation': None, 'name': 'vs. Conf.', 'summary': '0-0', 'type': 'vsconf'}]",23,TRUE,99,"[{'abbreviation': 'Game', 'name': 'overall', 'summary': '10-0', 'type': 'total'}
 {'abbreviation': None, 'name': 'Home', 'summary': '6-0', 'type': 'home'}
 {'abbreviation': None, 'name': 'Road', 'summary': '2-0', 'type': 'road'}
 {'abbreviation': None, 'name': 'vs. Conf.', 'summary': '0-0', 'type': 'vsconf'}]",,,UGA,FSU,ba0c2f,782f40,2c2a29,ceb888,FSU,782f40,ceb888,UGA,ba0c2f,2c2a29,https://raw.githubusercontent.com/sportsdataverse/wehoop-wbb-raw/main/wbb/json/final/401806383.json,2025-12-03T22:00Z,TRUE,,
401806380,2025-12-03T22:00Z,Kentucky,Miami (FL),Away,W,64,48,https://a.espncdn.com/i/teamlogos/ncaa/500/96.png,https://a.espncdn.com/i/teamlogos/ncaa/500/2390.png,17,99,23,2,,,FALSE,1,ACC/SEC Women's Challenge,STATUS_FINAL,2,FALSE,99,"[{'abbreviation': 'Game', 'name': 'overall', 'summary': '5-3', 'type': 'total'}
 {'abbreviation': None, 'name': 'Home', 'summary': '3-1', 'type': 'home'}
 {'abbreviation': None, 'name': 'Road', 'summary': '0-0', 'type': 'road'}
 {'abbreviation': None, 'name': 'vs. Conf.', 'summary': '0-0', 'type': 'vsconf'}]",23,TRUE,17,"[{'abbreviation': 'Game', 'name': 'overall', 'summary': '9-1', 'type': 'total'}
 {'abbreviation': None, 'name': 'Home', 'summary': '4-0', 'type': 'home'}
 {'abbreviation': None, 'name': 'Road', 'summary': '4-0', 'type': 'road'}
 {'abbreviation': None, 'name': 'vs. Conf.', 'summary': '0-0', 'type': 'vsconf'}]",,,UK,MIA,0033a0,f47423,ffffff,35131,MIA,f47423,35131,UK,0033a0,ffffff,https://raw.githubusercontent.com/sportsdataverse/wehoop-wbb-raw/main/wbb/json/final/401806380.json,2025-12-03T22:00Z,TRUE,,
401806386,2025-12-03T22:00Z,Virginia,Vanderbilt,Away,L,68,81,https://a.espncdn.com/i/teamlogos/ncaa/500/258.png,https://a.espncdn.com/i/teamlogos/ncaa/500/238.png,99,15,2,23,,,FALSE,1,ACC/SEC Women's Challenge,STATUS_FINAL,23,TRUE,15,"[{'abbreviation': 'Game', 'name': 'overall', 'summary': '9-0', 'type': 'total'}
 {'abbreviation': None, 'name': 'Home', 'summary': '4-0', 'type': 'home'}
 {'abbreviation': None, 'name': 'Road', 'summary': '2-0', 'type': 'road'}
 {'abbreviation': None, 'name': 'vs. Conf.', 'summary': '0-0', 'type': 'vsconf'}]",2,FALSE,99,"[{'abbreviation': 'Game', 'name': 'overall', 'summary': '6-3', 'type': 'total'}
 {'abbreviation': None, 'name': 'Home', 'summary': '5-1', 'type': 'home'}
 {'abbreviation': None, 'name': 'Road', 'summary': '0-1', 'type': 'road'}
 {'abbreviation': None, 'name': 'vs. Conf.', 'summary': '0-0', 'type': 'vsconf'}]",,,UVA,VAN,f84c1e,0,232d4b,cfae70,VAN,0,cfae70,UVA,f84c1e,232d4b,https://raw.githubusercontent.com/sportsdataverse/wehoop-wbb-raw/main/wbb/json/final/401806386.json,2025-12-03T22:00Z,TRUE,,
401806384,2025-12-03T22:00Z,Syracuse,Auburn,Home,W,66,60,https://a.espncdn.com/i/teamlogos/ncaa/500/183.png,https://a.espncdn.com/i/teamlogos/ncaa/500/2.png,99,99,2,23,,,FALSE,1,ACC/SEC Women's Challenge,STATUS_FINAL,2,TRUE,99,"[{'abbreviation': 'Game', 'name': 'overall', 'summary': '7-1', 'type': 'total'}
 {'abbreviation': None, 'name': 'Home', 'summary': '6-0', 'type': 'home'}
 {'abbreviation': None, 'name': 'Road', 'summary': '0-0', 'type': 'road'}
 {'abbreviation': None, 'name': 'vs. Conf.', 'summary': '0-0', 'type': 'vsconf'}]",23,FALSE,99,"[{'abbreviation': 'Game', 'name': 'overall', 'summary': '8-2', 'type': 'total'}
 {'abbreviation': None, 'name': 'Home', 'summary': '5-1', 'type': 'home'}
 {'abbreviation': None, 'name': 'Road', 'summary': '1-1', 'type': 'road'}
 {'abbreviation': None, 'name': 'vs. Conf.', 'summary': '0-0', 'type': 'vsconf'}]",,,SYR,AUB,0.00E+00,002b5c,ff431b,f26522,SYR,0.00E+00,ff431b,AUB,002b5c,f26522,https://raw.githubusercontent.com/sportsdataverse/wehoop-wbb-raw/main/wbb/json/final/401806384.json,2025-12-03T22:00Z,TRUE,,
401826674,2025-12-03T03:00Z,USC,Saint Mary's,Home,W,79,33,https://a.espncdn.com/i/teamlogos/ncaa/500/30.png,https://a.espncdn.com/i/teamlogos/ncaa/500/2608.png,16,99,7,29,,,FALSE,1,,STATUS_FINAL,7,TRUE,16,"[{'abbreviation': 'Game', 'name': 'overall', 'summary': '6-2', 'type': 'total'}
 {'abbreviation': None, 'name': 'Home', 'summary': '5-0', 'type': 'home'}
 {'abbreviation': None, 'name': 'Road', 'summary': '0-1', 'type': 'road'}
 {'abbreviation': None, 'name': 'vs. Conf.', 'summary': '0-0', 'type': 'vsconf'}]",29,FALSE,99,"[{'abbreviation': 'Game', 'name': 'overall', 'summary': '5-4', 'type': 'total'}
 {'abbreviation': None, 'name': 'Home', 'summary': '3-0', 'type': 'home'}
 {'abbreviation': None, 'name': 'Road', 'summary': '2-2', 'type': 'road'}
 {'abbreviation': None, 'name': 'vs. Conf.', 'summary': '0-0', 'type': 'vsconf'}]",,,USC,SMC,9d2235,d80024,ffc72c,3057,USC,9d2235,ffc72c,SMC,d80024,3057,https://raw.githubusercontent.com/sportsdataverse/wehoop-wbb-raw/main/wbb/json/final/401826674.json,2025-12-03T03:00Z,TRUE,,
401825938,2025-12-03T02:00Z,Colorado,Charleston,Home,W,66,47,https://a.espncdn.com/i/teamlogos/ncaa/500/38.png,https://a.espncdn.com/i/teamlogos/ncaa/500/232.png,99,99,8,10,,,FALSE,1,,STATUS_FINAL,8,TRUE,99,"[{'abbreviation': 'Game', 'name': 'overall', 'summary': '6-3', 'type': 'total'}
 {'abbreviation': None, 'name': 'Home', 'summary': '4-1', 'type': 'home'}
 {'abbreviation': None, 'name': 'Road', 'summary': '0-1', 'type': 'road'}
 {'abbreviation': None, 'name': 'vs. Conf.', 'summary': '0-0', 'type': 'vsconf'}]",10,FALSE,99,"[{'abbreviation': 'Game', 'name': 'overall', 'summary': '6-2', 'type': 'total'}
 {'abbreviation': None, 'name': 'Home', 'summary': '3-0', 'type': 'home'}
 {'abbreviation': None, 'name': 'Road', 'summary': '2-1', 'type': 'road'}
 {'abbreviation': None, 'name': 'vs. Conf.', 'summary': '0-0', 'type': 'vsconf'}]",,,COLO,COFC,cfb87c,7a2531,0,9e8959,COLO,cfb87c,0,COFC,7a2531,9e8959,https://raw.githubusercontent.com/sportsdataverse/wehoop-wbb-raw/main/wbb/json/final/401825938.json,2025-12-03T02:00Z,TRUE,,
401818625,2025-12-03T00:00Z,Illinois,Bellarmine,Home,W,90,41,https://a.espncdn.com/i/teamlogos/ncaa/500/356.png,https://a.espncdn.com/i/teamlogos/ncaa/500/91.png,99,99,7,46,,,FALSE,1,,STATUS_FINAL,7,TRUE,99,"[{'abbreviation': 'Game', 'name': 'overall', 'summary': '7-1', 'type': 'total'}
 {'abbreviation': None, 'name': 'Home', 'summary': '6-0', 'type': 'home'}
 {'abbreviation': None, 'name': 'Road', 'summary': '1-1', 'type': 'road'}
 {'abbreviation': None, 'name': 'vs. Conf.', 'summary': '0-0', 'type': 'vsconf'}]",46,FALSE,99,"[{'abbreviation': 'Game', 'name': 'overall', 'summary': '2-8', 'type': 'total'}
 {'abbreviation': None, 'name': 'Home', 'summary': '1-3', 'type': 'home'}
 {'abbreviation': None, 'name': 'Road', 'summary': '1-4', 'type': 'road'}
 {'abbreviation': None, 'name': 'vs. Conf.', 'summary': '0-0', 'type': 'vsconf'}]",,,ILL,BELL,ff5f05,0,13294b,,ILL,ff5f05,13294b,BELL,0.00E+00,,https://raw.githubusercontent.com/sportsdataverse/wehoop-wbb-raw/main/wbb/json/final/401818625.json,2025-12-03T00:00Z,TRUE,,
401825724,2025-12-03T00:00Z,Princeton,Seton Hall,Home,W,82,78,https://a.espncdn.com/i/teamlogos/ncaa/500/163.png,https://a.espncdn.com/i/teamlogos/ncaa/500/2550.png,99,99,12,4,,,FALSE,1,,STATUS_FINAL,12,TRUE,99,"[{'abbreviation': 'Game', 'name': 'overall', 'summary': '8-1', 'type': 'total'}
 {'abbreviation': None, 'name': 'Home', 'summary': '3-0', 'type': 'home'}
 {'abbreviation': None, 'name': 'Road', 'summary': '3-1', 'type': 'road'}
 {'abbreviation': None, 'name': 'vs. Conf.', 'summary': '0-0', 'type': 'vsconf'}]",4,FALSE,99,"[{'abbreviation': 'Game', 'name': 'overall', 'summary': '4-1', 'type': 'total'}
 {'abbreviation': None, 'name': 'Home', 'summary': '2-0', 'type': 'home'}
 {'abbreviation': None, 'name': 'Road', 'summary': '2-1', 'type': 'road'}
 {'abbreviation': None, 'name': 'vs. Conf.', 'summary': '0-0', 'type': 'vsconf'}]",,,PRIN,HALL,0,0857B1,ff6000,8a8d8f,PRIN,0,ff6000,HALL,0857B1,8a8d8f,https://raw.githubusercontent.com/sportsdataverse/wehoop-wbb-raw/main/wbb/json/final/401825724.json,2025-12-03T00:00Z,TRUE,,
401817387,2025-12-02T22:00Z,UConn,South Florida,Away,W,85,51,https://a.espncdn.com/i/teamlogos/ncaa/500/41.png,https://a.espncdn.com/i/teamlogos/ncaa/500/58.png,1,99,4,62,,,FALSE,1,,STATUS_FINAL,62,FALSE,99,"[{'abbreviation': 'Game', 'name': 'overall', 'summary': '5-4', 'type': 'total'}
 {'abbreviation': None, 'name': 'Home', 'summary': '4-1', 'type': 'home'}
 {'abbreviation': None, 'name': 'Road', 'summary': '0-0', 'type': 'road'}
 {'abbreviation': None, 'name': 'vs. Conf.', 'summary': '0-0', 'type': 'vsconf'}]",4,TRUE,1,"[{'abbreviation': 'Game', 'name': 'overall', 'summary': '8-0', 'type': 'total'}
 {'abbreviation': None, 'name': 'Home', 'summary': '3-0', 'type': 'home'}
 {'abbreviation': None, 'name': 'Road', 'summary': '2-0', 'type': 'road'}
 {'abbreviation': None, 'name': 'vs. Conf.', 'summary': '1-0', 'type': 'vsconf'}]",,,CONN,USF,0c2340,6747,a2aaad,cfc493,USF,6747,cfc493,CONN,0c2340,a2aaad,https://raw.githubusercontent.com/sportsdataverse/wehoop-wbb-raw/main/wbb/json/final/401817387.json,2025-12-02T22:00Z,TRUE,,
401826680,2025-12-02T02:00Z,Washington,San José State,Home,W,80,54,https://a.espncdn.com/i/teamlogos/ncaa/500/264.png,https://a.espncdn.com/i/teamlogos/ncaa/500/23.png,21,99,7,44,,,FALSE,1,,STATUS_FINAL,7,TRUE,21,"[{'abbreviation': 'Game', 'name': 'overall', 'summary': '8-0', 'type': 'total'}
 {'abbreviation': None, 'name': 'Home', 'summary': '7-0', 'type': 'home'}
 {'abbreviation': None, 'name': 'Road', 'summary': '1-0', 'type': 'road'}
 {'abbreviation': None, 'name': 'vs. Conf.', 'summary': '0-0', 'type': 'vsconf'}]",44,FALSE,99,"[{'abbreviation': 'Game', 'name': 'overall', 'summary': '0-6', 'type': 'total'}
 {'abbreviation': None, 'name': 'Home', 'summary': '0-1', 'type': 'home'}
 {'abbreviation': None, 'name': 'Road', 'summary': '0-5', 'type': 'road'}
 {'abbreviation': None, 'name': 'vs. Conf.', 'summary': '0-0', 'type': 'vsconf'}]",,,WASH,SJSU,33006f,0038a8,e8d3a2,ffb81a,WASH,33006f,e8d3a2,SJSU,0038a8,ffb81a,https://raw.githubusercontent.com/sportsdataverse/wehoop-wbb-raw/main/wbb/json/final/401826680.json,2025-12-02T02:00Z,TRUE,,
401825988,2025-12-02T01:00Z,Minnesota,Samford,Home,W,77,40,https://a.espncdn.com/i/teamlogos/ncaa/500/135.png,https://a.espncdn.com/i/teamlogos/ncaa/500/2535.png,99,99,7,24,,,FALSE,1,,STATUS_FINAL,7,TRUE,99,"[{'abbreviation': 'Game', 'name': 'overall', 'summary': '6-2', 'type': 'total'}
 {'abbreviation': None, 'name': 'Home', 'summary': '5-0', 'type': 'home'}
 {'abbreviation': None, 'name': 'Road', 'summary': '0-1', 'type': 'road'}
 {'abbreviation': None, 'name': 'vs. Conf.', 'summary': '0-0', 'type': 'vsconf'}]",24,FALSE,99,"[{'abbreviation': 'Game', 'name': 'overall', 'summary': '4-6', 'type': 'total'}
 {'abbreviation': None, 'name': 'Home', 'summary': '2-0', 'type': 'home'}
 {'abbreviation': None, 'name': 'Road', 'summary': '1-5', 'type': 'road'}
 {'abbreviation': None, 'name': 'vs. Conf.', 'summary': '0-0', 'type': 'vsconf'}]",,,MINN,SAM,5e0a2f,5485,fab41c,bc0023,MINN,5e0a2f,fab41c,SAM,5485,bc0023,https://raw.githubusercontent.com/sportsdataverse/wehoop-wbb-raw/main/wbb/json/final/401825988.json,2025-12-02T01:00Z,TRUE,,
401825729,2025-12-02T00:00Z,Villanova,West Virginia,Away,W,81,59,https://a.espncdn.com/i/teamlogos/ncaa/500/222.png,https://a.espncdn.com/i/teamlogos/ncaa/500/277.png,99,25,4,8,,,FALSE,1,,STATUS_FINAL,8,FALSE,25,"[{'abbreviation': 'Game', 'name': 'overall', 'summary': '6-2', 'type': 'total'}
 {'abbreviation': None, 'name': 'Home', 'summary': '4-1', 'type': 'home'}
 {'abbreviation': None, 'name': 'Road', 'summary': '0-0', 'type': 'road'}
 {'abbreviation': None, 'name': 'vs. Conf.', 'summary': '0-0', 'type': 'vsconf'}]",4,TRUE,99,"[{'abbreviation': 'Game', 'name': 'overall', 'summary': '6-2', 'type': 'total'}
 {'abbreviation': None, 'name': 'Home', 'summary': '2-2', 'type': 'home'}
 {'abbreviation': None, 'name': 'Road', 'summary': '3-0', 'type': 'road'}
 {'abbreviation': None, 'name': 'vs. Conf.', 'summary': '0-0', 'type': 'vsconf'}]",,,VILL,WVU,00205b,eaaa00,13b5ea,2855,WVU,eaaa00,2855,VILL,00205b,13b5ea,https://raw.githubusercontent.com/sportsdataverse/wehoop-wbb-raw/main/wbb/json/final/401825729.json,2025-12-02T00:00Z,TRUE,,
401825729,2025-12-02T00:00Z,West Virginia,Villanova,Home,L,59,81,https://a.espncdn.com/i/teamlogos/ncaa/500/277.png,https://a.espncdn.com/i/teamlogos/ncaa/500/222.png,25,99,8,4,,,FALSE,1,,STATUS_FINAL,8,FALSE,25,"[{'abbreviation': 'Game', 'name': 'overall', 'summary': '6-2', 'type': 'total'}
 {'abbreviation': None, 'name': 'Home', 'summary': '4-1', 'type': 'home'}
 {'abbreviation': None, 'name': 'Road', 'summary': '0-0', 'type': 'road'}
 {'abbreviation': None, 'name': 'vs. Conf.', 'summary': '0-0', 'type': 'vsconf'}]",4,TRUE,99,"[{'abbreviation': 'Game', 'name': 'overall', 'summary': '6-2', 'type': 'total'}
 {'abbreviation': None, 'name': 'Home', 'summary': '2-2', 'type': 'home'}
 {'abbreviation': None, 'name': 'Road', 'summary': '3-0', 'type': 'road'}
 {'abbreviation': None, 'name': 'vs. Conf.', 'summary': '0-0', 'type': 'vsconf'}]",,,WVU,VILL,eaaa00,00205b,2855,13b5ea,WVU,eaaa00,2855,VILL,00205b,13b5ea,https://raw.githubusercontent.com/sportsdataverse/wehoop-wbb-raw/main/wbb/json/final/401825729.json,2025-12-02T00:00Z,TRUE,,
401813266,2025-12-01T17:00Z,Alabama,Kennesaw State,Home,W,79,65,https://a.espncdn.com/i/teamlogos/ncaa/500/333.png,https://a.espncdn.com/i/teamlogos/ncaa/500/338.png,99,99,23,11,,,FALSE,1,,STATUS_FINAL,23,TRUE,99,"[{'abbreviation': 'Game', 'name': 'overall', 'summary': '8-0', 'type': 'total'}
 {'abbreviation': None, 'name': 'Home', 'summary': '6-0', 'type': 'home'}
 {'abbreviation': None, 'name': 'Road', 'summary': '0-0', 'type': 'road'}
 {'abbreviation': None, 'name': 'vs. Conf.', 'summary': '0-0', 'type': 'vsconf'}]",11,FALSE,99,"[{'abbreviation': 'Game', 'name': 'overall', 'summary': '4-3', 'type': 'total'}
 {'abbreviation': None, 'name': 'Home', 'summary': '3-1', 'type': 'home'}
 {'abbreviation': None, 'name': 'Road', 'summary': '1-2', 'type': 'road'}
 {'abbreviation': None, 'name': 'vs. Conf.', 'summary': '0-0', 'type': 'vsconf'}]",,,ALA,KENN,9e1b32,fdbb30,ffffff,0b1315,ALA,9e1b32,ffffff,KENN,fdbb30,0b1315,https://raw.githubusercontent.com/sportsdataverse/wehoop-wbb-raw/main/wbb/json/final/401813266.json,2025-12-01T17:00Z,TRUE,,
401824463,2025-11-30T23:30Z,Clemson,Michigan State,Neutral,L,64,72,https://a.espncdn.com/i/teamlogos/ncaa/500/228.png,https://a.espncdn.com/i/teamlogos/ncaa/500/127.png,99,20,2,7,,,FALSE,6,Baha Mar Nassau Championship - Junkanoo Division - Championship,STATUS_FINAL,2,FALSE,99,"[{'abbreviation': 'Game', 'name': 'overall', 'summary': '5-3', 'type': 'total'}
 {'abbreviation': None, 'name': 'Home', 'summary': '2-1', 'type': 'home'}
 {'abbreviation': None, 'name': 'Road', 'summary': '2-1', 'type': 'road'}
 {'abbreviation': None, 'name': 'vs. Conf.', 'summary': '0-1', 'type': 'vsconf'}]",7,TRUE,20,"[{'abbreviation': 'Game', 'name': 'overall', 'summary': '8-0', 'type': 'total'}
 {'abbreviation': None, 'name': 'Home', 'summary': '6-0', 'type': 'home'}
 {'abbreviation': None, 'name': 'Road', 'summary': '0-0', 'type': 'road'}
 {'abbreviation': None, 'name': 'vs. Conf.', 'summary': '0-0', 'type': 'vsconf'}]",,,CLEM,MSU,f56600,173f35,ffffff,ffffff,CLEM,f56600,ffffff,MSU,173f35,ffffff,https://raw.githubusercontent.com/sportsdataverse/wehoop-wbb-raw/main/wbb/json/final/401824463.json,2025-11-30T23:30Z,TRUE,,
401824463,2025-11-30T23:30Z,Michigan State,Clemson,Neutral,W,72,64,https://a.espncdn.com/i/teamlogos/ncaa/500/127.png,https://a.espncdn.com/i/teamlogos/ncaa/500/228.png,20,99,7,2,,,FALSE,6,Baha Mar Nassau Championship - Junkanoo Division - Championship,STATUS_FINAL,2,FALSE,99,"[{'abbreviation': 'Game', 'name': 'overall', 'summary': '5-3', 'type': 'total'}
 {'abbreviation': None, 'name': 'Home', 'summary': '2-1', 'type': 'home'}
 {'abbreviation': None, 'name': 'Road', 'summary': '2-1', 'type': 'road'}
 {'abbreviation': None, 'name': 'vs. Conf.', 'summary': '0-1', 'type': 'vsconf'}]",7,TRUE,20,"[{'abbreviation': 'Game', 'name': 'overall', 'summary': '8-0', 'type': 'total'}
 {'abbreviation': None, 'name': 'Home', 'summary': '6-0', 'type': 'home'}
 {'abbreviation': None, 'name': 'Road', 'summary': '0-0', 'type': 'road'}
 {'abbreviation': None, 'name': 'vs. Conf.', 'summary': '0-0', 'type': 'vsconf'}]",,,MSU,CLEM,173f35,f56600,ffffff,ffffff,CLEM,f56600,ffffff,MSU,173f35,ffffff,https://raw.githubusercontent.com/sportsdataverse/wehoop-wbb-raw/main/wbb/json/final/401824463.json,2025-11-30T23:30Z,TRUE,,
401830923,2025-11-30T23:30Z,Oklahoma,Florida State,Neutral,W,109,91,https://a.espncdn.com/i/teamlogos/ncaa/500/201.png,https://a.espncdn.com/i/teamlogos/ncaa/500/52.png,9,99,23,2,,,FALSE,6,Coconut Hoops - Great Egret Division - Championship,STATUS_FINAL,2,FALSE,99,"[{'abbreviation': 'Game', 'name': 'overall', 'summary': '4-5', 'type': 'total'}
 {'abbreviation': None, 'name': 'Home', 'summary': '3-2', 'type': 'home'}
 {'abbreviation': None, 'name': 'Road', 'summary': '0-2', 'type': 'road'}
 {'abbreviation': None, 'name': 'vs. Conf.', 'summary': '0-0', 'type': 'vsconf'}]",23,TRUE,9,"[{'abbreviation': 'Game', 'name': 'overall', 'summary': '7-1', 'type': 'total'}
 {'abbreviation': None, 'name': 'Home', 'summary': '4-0', 'type': 'home'}
 {'abbreviation': None, 'name': 'Road', 'summary': '1-0', 'type': 'road'}
 {'abbreviation': None, 'name': 'vs. Conf.', 'summary': '0-0', 'type': 'vsconf'}]",,,OU,FSU,990000,782f40,ffffff,ceb888,FSU,782f40,ceb888,OU,990000,ffffff,https://raw.githubusercontent.com/sportsdataverse/wehoop-wbb-raw/main/wbb/json/final/401830923.json,2025-11-30T23:30Z,TRUE,,
401818593,2025-11-30T21:30Z,Tennessee,UCLA,Away,L,77,99,https://a.espncdn.com/i/teamlogos/ncaa/500/2633_ncw.png,https://a.espncdn.com/i/teamlogos/ncaa/500/26.png,14,3,23,7,,,FALSE,1,,STATUS_FINAL,7,TRUE,3,"[{'abbreviation': 'Game', 'name': 'overall', 'summary': '8-1', 'type': 'total'}
 {'abbreviation': None, 'name': 'Home', 'summary': '3-0', 'type': 'home'}
 {'abbreviation': None, 'name': 'Road', 'summary': '0-0', 'type': 'road'}
 {'abbreviation': None, 'name': 'vs. Conf.', 'summary': '0-0', 'type': 'vsconf'}]",23,FALSE,14,"[{'abbreviation': 'Game', 'name': 'overall', 'summary': '5-2', 'type': 'total'}
 {'abbreviation': None, 'name': 'Home', 'summary': '3-0', 'type': 'home'}
 {'abbreviation': None, 'name': 'Road', 'summary': '2-1', 'type': 'road'}
 {'abbreviation': None, 'name': 'vs. Conf.', 'summary': '0-0', 'type': 'vsconf'}]",,,TENN,UCLA,ff8200,2774ae,ffffff,f2a900,UCLA,2774ae,f2a900,TENN,ff8200,ffffff,https://raw.githubusercontent.com/sportsdataverse/wehoop-wbb-raw/main/wbb/json/final/401818593.json,2025-11-30T21:30Z,TRUE,,
401818593,2025-11-30T21:30Z,UCLA,Tennessee,Home,W,99,77,https://a.espncdn.com/i/teamlogos/ncaa/500/26.png,https://a.espncdn.com/i/teamlogos/ncaa/500/2633_ncw.png,3,14,7,23,,,FALSE,1,,STATUS_FINAL,7,TRUE,3,"[{'abbreviation': 'Game', 'name': 'overall', 'summary': '8-1', 'type': 'total'}
 {'abbreviation': None, 'name': 'Home', 'summary': '3-0', 'type': 'home'}
 {'abbreviation': None, 'name': 'Road', 'summary': '0-0', 'type': 'road'}
 {'abbreviation': None, 'name': 'vs. Conf.', 'summary': '0-0', 'type': 'vsconf'}]",23,FALSE,14,"[{'abbreviation': 'Game', 'name': 'overall', 'summary': '5-2', 'type': 'total'}
 {'abbreviation': None, 'name': 'Home', 'summary': '3-0', 'type': 'home'}
 {'abbreviation': None, 'name': 'Road', 'summary': '2-1', 'type': 'road'}
 {'abbreviation': None, 'name': 'vs. Conf.', 'summary': '0-0', 'type': 'vsconf'}]",,,UCLA,TENN,2774ae,ff8200,f2a900,ffffff,UCLA,2774ae,f2a900,TENN,ff8200,ffffff,https://raw.githubusercontent.com/sportsdataverse/wehoop-wbb-raw/main/wbb/json/final/401818593.json,2025-11-30T21:30Z,TRUE,,
401822277,2025-11-30T20:00Z,Mississippi State,UL Monroe,Home,W,66,54,https://a.espncdn.com/i/teamlogos/ncaa/500/344.png,https://a.espncdn.com/i/teamlogos/ncaa/500/2433.png,99,99,23,27,,,FALSE,1,,STATUS_FINAL,23,TRUE,99,"[{'abbreviation': 'Game', 'name': 'overall', 'summary': '7-1', 'type': 'total'}
 {'abbreviation': None, 'name': 'Home', 'summary': '6-0', 'type': 'home'}
 {'abbreviation': None, 'name': 'Road', 'summary': '0-1', 'type': 'road'}
 {'abbreviation': None, 'name': 'vs. Conf.', 'summary': '0-0', 'type': 'vsconf'}]",27,FALSE,99,"[{'abbreviation': 'Game', 'name': 'overall', 'summary': '6-2', 'type': 'total'}
 {'abbreviation': None, 'name': 'Home', 'summary': '6-0', 'type': 'home'}
 {'abbreviation': None, 'name': 'Road', 'summary': '0-2', 'type': 'road'}
 {'abbreviation': None, 'name': 'vs. Conf.', 'summary': '0-0', 'type': 'vsconf'}]",,,MSST,ULM,5d1725,840029,c1c6c8,fdb913,MSST,5d1725,c1c6c8,ULM,840029,fdb913,https://raw.githubusercontent.com/sportsdataverse/wehoop-wbb-raw/main/wbb/json/final/401822277.json,2025-11-30T20:00Z,TRUE,,
401825937,2025-11-30T20:00Z,Colorado,Montana State,Home,L,70,71,https://a.espncdn.com/i/teamlogos/ncaa/500/38.png,https://a.espncdn.com/i/teamlogos/ncaa/500/147.png,99,99,8,5,,,FALSE,1,,STATUS_FINAL,8,FALSE,99,"[{'abbreviation': 'Game', 'name': 'overall', 'summary': '5-3', 'type': 'total'}
 {'abbreviation': None, 'name': 'Home', 'summary': '3-1', 'type': 'home'}
 {'abbreviation': None, 'name': 'Road', 'summary': '0-1', 'type': 'road'}
 {'abbreviation': None, 'name': 'vs. Conf.', 'summary': '0-0', 'type': 'vsconf'}]",5,TRUE,99,"[{'abbreviation': 'Game', 'name': 'overall', 'summary': '5-1', 'type': 'total'}
 {'abbreviation': None, 'name': 'Home', 'summary': '3-0', 'type': 'home'}
 {'abbreviation': None, 'name': 'Road', 'summary': '2-1', 'type': 'road'}
 {'abbreviation': None, 'name': 'vs. Conf.', 'summary': '0-0', 'type': 'vsconf'}]",,,COLO,MTST,cfb87c,00205c,0,bc955c,COLO,cfb87c,0,MTST,00205c,bc955c,https://raw.githubusercontent.com/sportsdataverse/wehoop-wbb-raw/main/wbb/json/final/401825937.json,2025-11-30T20:00Z,TRUE,,
401818622,2025-11-30T20:00Z,Illinois,Le Moyne,Home,W,100,28,https://a.espncdn.com/i/teamlogos/ncaa/500/356.png,https://a.espncdn.com/i/teamlogos/ncaa/500/2330.png,99,99,7,19,,,FALSE,1,,STATUS_FINAL,7,TRUE,99,"[{'abbreviation': 'Game', 'name': 'overall', 'summary': '6-1', 'type': 'total'}
 {'abbreviation': None, 'name': 'Home', 'summary': '5-0', 'type': 'home'}
 {'abbreviation': None, 'name': 'Road', 'summary': '1-1', 'type': 'road'}
 {'abbreviation': None, 'name': 'vs. Conf.', 'summary': '0-0', 'type': 'vsconf'}]",19,FALSE,99,"[{'abbreviation': 'Game', 'name': 'overall', 'summary': '1-6', 'type': 'total'}
 {'abbreviation': None, 'name': 'Home', 'summary': '0-1', 'type': 'home'}
 {'abbreviation': None, 'name': 'Road', 'summary': '1-5', 'type': 'road'}
 {'abbreviation': None, 'name': 'vs. Conf.', 'summary': '0-0', 'type': 'vsconf'}]",,,ILL,LEM,ff5f05,0,13294b,,ILL,ff5f05,13294b,LEM,0,,https://raw.githubusercontent.com/sportsdataverse/wehoop-wbb-raw/main/wbb/json/final/401818622.json,2025-11-30T20:00Z,TRUE,,
401824184,2025-11-30T20:00Z,Baylor,Grambling,Home,W,76,35,https://a.espncdn.com/i/teamlogos/ncaa/500/239.png,https://a.espncdn.com/i/teamlogos/ncaa/500/2755.png,15,99,8,26,,,FALSE,1,,STATUS_FINAL,8,TRUE,15,"[{'abbreviation': 'Game', 'name': 'overall', 'summary': '7-1', 'type': 'total'}
 {'abbreviation': None, 'name': 'Home', 'summary': '4-0', 'type': 'home'}
 {'abbreviation': None, 'name': 'Road', 'summary': '1-0', 'type': 'road'}
 {'abbreviation': None, 'name': 'vs. Conf.', 'summary': '0-0', 'type': 'vsconf'}]",26,FALSE,99,"[{'abbreviation': 'Game', 'name': 'overall', 'summary': '1-7', 'type': 'total'}
 {'abbreviation': None, 'name': 'Home', 'summary': '1-0', 'type': 'home'}
 {'abbreviation': None, 'name': 'Road', 'summary': '0-6', 'type': 'road'}
 {'abbreviation': None, 'name': 'vs. Conf.', 'summary': '0-0', 'type': 'vsconf'}]",,,BAY,GRAM,154734,ee8601,ffb81c,ffd10a,BAY,154734,ffb81c,GRAM,ee8601,ffd10a,https://raw.githubusercontent.com/sportsdataverse/wehoop-wbb-raw/main/wbb/json/final/401824184.json,2025-11-30T20:00Z,TRUE,,
401818682,2025-11-30T20:00Z,Oregon,Auburn,Away,W,58,53,https://a.espncdn.com/i/teamlogos/ncaa/500/2483.png,https://a.espncdn.com/i/teamlogos/ncaa/500/2.png,99,99,7,23,,,FALSE,1,,STATUS_FINAL,23,FALSE,99,"[{'abbreviation': 'Game', 'name': 'overall', 'summary': '8-1', 'type': 'total'}
 {'abbreviation': None, 'name': 'Home', 'summary': '5-1', 'type': 'home'}
 {'abbreviation': None, 'name': 'Road', 'summary': '1-0', 'type': 'road'}
 {'abbreviation': None, 'name': 'vs. Conf.', 'summary': '0-0', 'type': 'vsconf'}]",7,TRUE,99,"[{'abbreviation': 'Game', 'name': 'overall', 'summary': '9-0', 'type': 'total'}
 {'abbreviation': None, 'name': 'Home', 'summary': '5-0', 'type': 'home'}
 {'abbreviation': None, 'name': 'Road', 'summary': '2-0', 'type': 'road'}
 {'abbreviation': None, 'name': 'vs. Conf.', 'summary': '0-0', 'type': 'vsconf'}]",,,ORE,AUB,00934b,002b5c,fff41b,f26522,AUB,002b5c,f26522,ORE,00934b,fff41b,https://raw.githubusercontent.com/sportsdataverse/wehoop-wbb-raw/main/wbb/json/final/401818682.json,2025-11-30T20:00Z,TRUE,,
401825597,2025-11-30T19:30Z,UConn,Xavier,Away,W,104,39,https://a.espncdn.com/i/teamlogos/ncaa/500/41.png,https://a.espncdn.com/i/teamlogos/ncaa/500/2752.png,1,99,4,4,,,TRUE,1,,STATUS_FINAL,4,FALSE,99,"[{'abbreviation': 'Game', 'name': 'overall', 'summary': '4-3', 'type': 'total'}
 {'abbreviation': None, 'name': 'Home', 'summary': '3-3', 'type': 'home'}
 {'abbreviation': None, 'name': 'Road', 'summary': '1-0', 'type': 'road'}
 {'abbreviation': None, 'name': 'vs. Conf.', 'summary': '0-1', 'type': 'vsconf'}]",4,TRUE,1,"[{'abbreviation': 'Game', 'name': 'overall', 'summary': '7-0', 'type': 'total'}
 {'abbreviation': None, 'name': 'Home', 'summary': '3-0', 'type': 'home'}
 {'abbreviation': None, 'name': 'Road', 'summary': '1-0', 'type': 'road'}
 {'abbreviation': None, 'name': 'vs. Conf.', 'summary': '1-0', 'type': 'vsconf'}]",4,Big East,CONN,XAV,0c2340,21304e,a2aaad,a5a7a8,XAV,21304e,a5a7a8,CONN,0c2340,a2aaad,https://raw.githubusercontent.com/sportsdataverse/wehoop-wbb-raw/main/wbb/json/final/401825597.json,2025-11-30T19:30Z,TRUE,,
401817568,2025-11-30T19:00Z,Louisville,Bellarmine,Home,W,100,37,https://a.espncdn.com/i/teamlogos/ncaa/500/97.png,https://a.espncdn.com/i/teamlogos/ncaa/500/91.png,23,99,2,46,,,FALSE,6,Louisville MTE,STATUS_FINAL,2,TRUE,23,"[{'abbreviation': 'Game', 'name': 'overall', 'summary': '7-2', 'type': 'total'}
 {'abbreviation': None, 'name': 'Home', 'summary': '5-1', 'type': 'home'}
 {'abbreviation': None, 'name': 'Road', 'summary': '1-0', 'type': 'road'}
 {'abbreviation': None, 'name': 'vs. Conf.', 'summary': '1-0', 'type': 'vsconf'}]",46,FALSE,99,"[{'abbreviation': 'Game', 'name': 'overall', 'summary': '2-7', 'type': 'total'}
 {'abbreviation': None, 'name': 'Home', 'summary': '1-3', 'type': 'home'}
 {'abbreviation': None, 'name': 'Road', 'summary': '1-3', 'type': 'road'}
 {'abbreviation': None, 'name': 'vs. Conf.', 'summary': '0-0', 'type': 'vsconf'}]",,,LOU,BELL,c9001f,0,ffffff,,LOU,c9001f,ffffff,BELL,0,,https://raw.githubusercontent.com/sportsdataverse/wehoop-wbb-raw/main/wbb/json/final/401817568.json,2025-11-30T19:00Z,TRUE,,
401823673,2025-11-30T19:00Z,Virginia,Maryland Eastern Shore,Home,W,92,59,https://a.espncdn.com/i/teamlogos/ncaa/500/258.png,https://a.espncdn.com/i/teamlogos/ncaa/500/2379.png,99,99,2,16,,,FALSE,1,,STATUS_FINAL,2,TRUE,99,"[{'abbreviation': 'Game', 'name': 'overall', 'summary': '6-2', 'type': 'total'}
 {'abbreviation': None, 'name': 'Home', 'summary': '5-1', 'type': 'home'}
 {'abbreviation': None, 'name': 'Road', 'summary': '0-0', 'type': 'road'}
 {'abbreviation': None, 'name': 'vs. Conf.', 'summary': '0-0', 'type': 'vsconf'}]",16,FALSE,99,"[{'abbreviation': 'Game', 'name': 'overall', 'summary': '5-5', 'type': 'total'}
 {'abbreviation': None, 'name': 'Home', 'summary': '3-0', 'type': 'home'}
 {'abbreviation': None, 'name': 'Road', 'summary': '2-3', 'type': 'road'}
 {'abbreviation': None, 'name': 'vs. Conf.', 'summary': '0-0', 'type': 'vsconf'}]",,,UVA,UMES,f84c1e,5c2301,232d4b,b5b7ba,UVA,f84c1e,232d4b,UMES,5c2301,b5b7ba,https://raw.githubusercontent.com/sportsdataverse/wehoop-wbb-raw/main/wbb/json/final/401823673.json,2025-11-30T19:00Z,TRUE,,
401818601,2025-11-30T19:00Z,Texas,Pennsylvania,Home,W,81,63,https://a.espncdn.com/i/teamlogos/ncaa/500/251.png,https://a.espncdn.com/i/teamlogos/ncaa/500/219.png,4,99,23,12,,,FALSE,1,,STATUS_FINAL,23,TRUE,4,"[{'abbreviation': 'Game', 'name': 'overall', 'summary': '8-0', 'type': 'total'}
 {'abbreviation': None, 'name': 'Home', 'summary': '6-0', 'type': 'home'}
 {'abbreviation': None, 'name': 'Road', 'summary': '0-0', 'type': 'road'}
 {'abbreviation': None, 'name': 'vs. Conf.', 'summary': '0-0', 'type': 'vsconf'}]",12,FALSE,99,"[{'abbreviation': 'Game', 'name': 'overall', 'summary': '5-3', 'type': 'total'}
 {'abbreviation': None, 'name': 'Home', 'summary': '2-1', 'type': 'home'}
 {'abbreviation': None, 'name': 'Road', 'summary': '3-2', 'type': 'road'}
 {'abbreviation': None, 'name': 'vs. Conf.', 'summary': '0-0', 'type': 'vsconf'}]",,,TEX,PENN,af5c37,082A74,ffffff,a6163d,TEX,af5c37,ffffff,PENN,082A74,a6163d,https://raw.githubusercontent.com/sportsdataverse/wehoop-wbb-raw/main/wbb/json/final/401818601.json,2025-11-30T19:00Z,TRUE,,
401823664,2025-11-30T19:00Z,Syracuse,Howard,Home,W,78,62,https://a.espncdn.com/i/teamlogos/ncaa/500/183.png,https://a.espncdn.com/i/teamlogos/ncaa/500/47.png,99,99,2,16,,,FALSE,1,,STATUS_FINAL,2,TRUE,99,"[{'abbreviation': 'Game', 'name': 'overall', 'summary': '6-1', 'type': 'total'}
 {'abbreviation': None, 'name': 'Home', 'summary': '5-0', 'type': 'home'}
 {'abbreviation': None, 'name': 'Road', 'summary': '0-0', 'type': 'road'}
 {'abbreviation': None, 'name': 'vs. Conf.', 'summary': '0-0', 'type': 'vsconf'}]",16,FALSE,99,"[{'abbreviation': 'Game', 'name': 'overall', 'summary': '6-3', 'type': 'total'}
 {'abbreviation': None, 'name': 'Home', 'summary': '2-0', 'type': 'home'}
 {'abbreviation': None, 'name': 'Road', 'summary': '4-3', 'type': 'road'}
 {'abbreviation': None, 'name': 'vs. Conf.', 'summary': '0-0', 'type': 'vsconf'}]",,,SYR,HOW,0.00E+00,003a63,ff431b,e51937,SYR,0.00E+00,ff431b,HOW,003a63,e51937,https://raw.githubusercontent.com/sportsdataverse/wehoop-wbb-raw/main/wbb/json/final/401823664.json,2025-11-30T19:00Z,TRUE,,
401830922,2025-11-30T18:30Z,Iowa State,Indiana,Neutral,W,106,95,https://a.espncdn.com/i/teamlogos/ncaa/500/66.png,https://a.espncdn.com/i/teamlogos/ncaa/500/84.png,10,99,8,7,,,FALSE,6,Coconut Hoops - Blue Heron Division - Championship,STATUS_FINAL,8,TRUE,10,"[{'abbreviation': 'Game', 'name': 'overall', 'summary': '9-0', 'type': 'total'}
 {'abbreviation': None, 'name': 'Home', 'summary': '6-0', 'type': 'home'}
 {'abbreviation': None, 'name': 'Road', 'summary': '1-0', 'type': 'road'}
 {'abbreviation': None, 'name': 'vs. Conf.', 'summary': '0-0', 'type': 'vsconf'}]",7,FALSE,99,"[{'abbreviation': 'Game', 'name': 'overall', 'summary': '7-1', 'type': 'total'}
 {'abbreviation': None, 'name': 'Home', 'summary': '4-0', 'type': 'home'}
 {'abbreviation': None, 'name': 'Road', 'summary': '2-0', 'type': 'road'}
 {'abbreviation': None, 'name': 'vs. Conf.', 'summary': '0-0', 'type': 'vsconf'}]",,,ISU,IU,ae192d,970310,ffc72a,ffffff,ISU,ae192d,ffc72a,IU,970310,ffffff,https://raw.githubusercontent.com/sportsdataverse/wehoop-wbb-raw/main/wbb/json/final/401830922.json,2025-11-30T18:30Z,TRUE,,
401818633,2025-11-30T18:00Z,Fairfield,Iowa,Away,L,72,86,https://a.espncdn.com/i/teamlogos/ncaa/500/2217.png,https://a.espncdn.com/i/teamlogos/ncaa/500/2294.png,99,11,13,7,,,FALSE,1,,STATUS_FINAL,7,TRUE,11,"[{'abbreviation': 'Game', 'name': 'overall', 'summary': '8-0', 'type': 'total'}
 {'abbreviation': None, 'name': 'Home', 'summary': '5-0', 'type': 'home'}
 {'abbreviation': None, 'name': 'Road', 'summary': '1-0', 'type': 'road'}
 {'abbreviation': None, 'name': 'vs. Conf.', 'summary': '0-0', 'type': 'vsconf'}]",13,FALSE,99,"[{'abbreviation': 'Game', 'name': 'overall', 'summary': '4-2', 'type': 'total'}
 {'abbreviation': None, 'name': 'Home', 'summary': '2-0', 'type': 'home'}
 {'abbreviation': None, 'name': 'Road', 'summary': '1-1', 'type': 'road'}
 {'abbreviation': None, 'name': 'vs. Conf.', 'summary': '0-0', 'type': 'vsconf'}]",,,FAIR,IOWA,0,231f20,ebebeb,fcd116,IOWA,231f20,fcd116,FAIR,0,ebebeb,https://raw.githubusercontent.com/sportsdataverse/wehoop-wbb-raw/main/wbb/json/final/401818633.json,2025-11-30T18:00Z,TRUE,,
401813853,2025-11-30T18:00Z,Ohio State,Niagara,Home,W,130,32,https://a.espncdn.com/i/teamlogos/ncaa/500/194.png,https://a.espncdn.com/i/teamlogos/ncaa/500/315.png,99,99,7,13,,,FALSE,1,,STATUS_FINAL,7,TRUE,99,"[{'abbreviation': 'Game', 'name': 'overall', 'summary': '6-1', 'type': 'total'}
 {'abbreviation': None, 'name': 'Home', 'summary': '4-0', 'type': 'home'}
 {'abbreviation': None, 'name': 'Road', 'summary': '0-1', 'type': 'road'}
 {'abbreviation': None, 'name': 'vs. Conf.', 'summary': '0-0', 'type': 'vsconf'}]",13,FALSE,99,"[{'abbreviation': 'Game', 'name': 'overall', 'summary': '0-7', 'type': 'total'}
 {'abbreviation': None, 'name': 'Home', 'summary': '0-2', 'type': 'home'}
 {'abbreviation': None, 'name': 'Road', 'summary': '0-5', 'type': 'road'}
 {'abbreviation': None, 'name': 'vs. Conf.', 'summary': '0-0', 'type': 'vsconf'}]",,,OSU,NIA,ba0c2f,69207E,a8adb4,f0f0f0,OSU,ba0c2f,a8adb4,NIA,69207E,f0f0f0,https://raw.githubusercontent.com/sportsdataverse/wehoop-wbb-raw/main/wbb/json/final/401813853.json,2025-11-30T18:00Z,TRUE,,
401822231,2025-11-30T18:00Z,Princeton,DePaul,Home,W,71,41,https://a.espncdn.com/i/teamlogos/ncaa/500/163.png,https://a.espncdn.com/i/teamlogos/ncaa/500/305.png,99,99,12,4,,,FALSE,1,,STATUS_FINAL,12,TRUE,99,"[{'abbreviation': 'Game', 'name': 'overall', 'summary': '7-1', 'type': 'total'}
 {'abbreviation': None, 'name': 'Home', 'summary': '2-0', 'type': 'home'}
 {'abbreviation': None, 'name': 'Road', 'summary': '3-1', 'type': 'road'}
 {'abbreviation': None, 'name': 'vs. Conf.', 'summary': '0-0', 'type': 'vsconf'}]",4,FALSE,99,"[{'abbreviation': 'Game', 'name': 'overall', 'summary': '2-6', 'type': 'total'}
 {'abbreviation': None, 'name': 'Home', 'summary': '2-3', 'type': 'home'}
 {'abbreviation': None, 'name': 'Road', 'summary': '0-3', 'type': 'road'}
 {'abbreviation': None, 'name': 'vs. Conf.', 'summary': '0-0', 'type': 'vsconf'}]",,,PRIN,DEP,0,2d649c,ff6000,ce1125,PRIN,0,ff6000,DEP,2d649c,ce1125,https://raw.githubusercontent.com/sportsdataverse/wehoop-wbb-raw/main/wbb/json/final/401822231.json,2025-11-30T18:00Z,TRUE,,
401818633,2025-11-30T18:00Z,Iowa,Fairfield,Home,W,86,72,https://a.espncdn.com/i/teamlogos/ncaa/500/2294.png,https://a.espncdn.com/i/teamlogos/ncaa/500/2217.png,11,99,7,13,,,FALSE,1,,STATUS_FINAL,7,TRUE,11,"[{'abbreviation': 'Game', 'name': 'overall', 'summary': '8-0', 'type': 'total'}
 {'abbreviation': None, 'name': 'Home', 'summary': '5-0', 'type': 'home'}
 {'abbreviation': None, 'name': 'Road', 'summary': '1-0', 'type': 'road'}
 {'abbreviation': None, 'name': 'vs. Conf.', 'summary': '0-0', 'type': 'vsconf'}]",13,FALSE,99,"[{'abbreviation': 'Game', 'name': 'overall', 'summary': '4-2', 'type': 'total'}
 {'abbreviation': None, 'name': 'Home', 'summary': '2-0', 'type': 'home'}
 {'abbreviation': None, 'name': 'Road', 'summary': '1-1', 'type': 'road'}
 {'abbreviation': None, 'name': 'vs. Conf.', 'summary': '0-0', 'type': 'vsconf'}]",,,IOWA,FAIR,231f20,0,fcd116,ebebeb,IOWA,231f20,fcd116,FAIR,0,ebebeb,https://raw.githubusercontent.com/sportsdataverse/wehoop-wbb-raw/main/wbb/json/final/401818633.json,2025-11-30T18:00Z,TRUE,,
401819611,2025-11-30T01:00Z,Stanford,Colorado State,Neutral,W,62,60,https://a.espncdn.com/i/teamlogos/ncaa/500/24.png,https://a.espncdn.com/i/teamlogos/ncaa/500/36.png,99,99,2,44,,,FALSE,6,Resorts World Classic,STATUS_FINAL,2,TRUE,99,"[{'abbreviation': 'Game', 'name': 'overall', 'summary': '8-1', 'type': 'total'}
 {'abbreviation': None, 'name': 'Home', 'summary': '5-0', 'type': 'home'}
 {'abbreviation': None, 'name': 'Road', 'summary': '2-0', 'type': 'road'}
 {'abbreviation': None, 'name': 'vs. Conf.', 'summary': '0-0', 'type': 'vsconf'}]",44,FALSE,99,"[{'abbreviation': 'Game', 'name': 'overall', 'summary': '7-1', 'type': 'total'}
 {'abbreviation': None, 'name': 'Home', 'summary': '4-0', 'type': 'home'}
 {'abbreviation': None, 'name': 'Road', 'summary': '2-0', 'type': 'road'}
 {'abbreviation': None, 'name': 'vs. Conf.', 'summary': '0-0', 'type': 'vsconf'}]",,,STAN,CSU,8c1515,004c23,ffffff,c8c372,STAN,8c1515,ffffff,CSU,004c23,c8c372,https://raw.githubusercontent.com/sportsdataverse/wehoop-wbb-raw/main/wbb/json/final/401819611.json,2025-11-30T01:00Z,TRUE,,
401830952,2025-11-30T00:30Z,LSU,Washington State,Neutral,W,112,35,https://a.espncdn.com/i/teamlogos/ncaa/500/99.png,https://a.espncdn.com/i/teamlogos/ncaa/500/265.png,5,99,23,29,,,FALSE,6,Paradise Jam - Reef Division - Championship,STATUS_FINAL,23,TRUE,5,"[{'abbreviation': 'Game', 'name': 'overall', 'summary': '8-0', 'type': 'total'}
 {'abbreviation': None, 'name': 'Home', 'summary': '4-0', 'type': 'home'}
 {'abbreviation': None, 'name': 'Road', 'summary': '2-0', 'type': 'road'}
 {'abbreviation': None, 'name': 'vs. Conf.', 'summary': '0-0', 'type': 'vsconf'}]",29,FALSE,99,"[{'abbreviation': 'Game', 'name': 'overall', 'summary': '1-7', 'type': 'total'}
 {'abbreviation': None, 'name': 'Home', 'summary': '0-3', 'type': 'home'}
 {'abbreviation': None, 'name': 'Road', 'summary': '0-2', 'type': 'road'}
 {'abbreviation': None, 'name': 'vs. Conf.', 'summary': '0-0', 'type': 'vsconf'}]",,,LSU,WSU,461d76,a60f2d,fdd023,4d4d4d,LSU,461d76,fdd023,WSU,a60f2d,4d4d4d,https://raw.githubusercontent.com/sportsdataverse/wehoop-wbb-raw/main/wbb/json/final/401830952.json,2025-11-30T00:30Z,TRUE,,
401804840,2025-11-29T22:00Z,Florida,Georgia Tech,Neutral,W,65,56,https://a.espncdn.com/i/teamlogos/ncaa/500/57.png,https://a.espncdn.com/i/teamlogos/ncaa/500/59.png,99,99,23,2,,,FALSE,6,Cayman Islands Classic,STATUS_FINAL,23,TRUE,99,"[{'abbreviation': 'Game', 'name': 'overall', 'summary': '8-1', 'type': 'total'}
 {'abbreviation': None, 'name': 'Home', 'summary': '5-0', 'type': 'home'}
 {'abbreviation': None, 'name': 'Road', 'summary': '1-1', 'type': 'road'}
 {'abbreviation': None, 'name': 'vs. Conf.', 'summary': '0-0', 'type': 'vsconf'}]",2,FALSE,99,"[{'abbreviation': 'Game', 'name': 'overall', 'summary': '3-5', 'type': 'total'}
 {'abbreviation': None, 'name': 'Home', 'summary': '3-2', 'type': 'home'}
 {'abbreviation': None, 'name': 'Road', 'summary': '0-1', 'type': 'road'}
 {'abbreviation': None, 'name': 'vs. Conf.', 'summary': '0-0', 'type': 'vsconf'}]",,,FLA,GT,0021a5,b3a369,fa4616,ffffff,FLA,0021a5,fa4616,GT,b3a369,ffffff,https://raw.githubusercontent.com/sportsdataverse/wehoop-wbb-raw/main/wbb/json/final/401804840.json,2025-11-29T22:00Z,TRUE,,
401818574,2025-11-29T22:00Z,Georgia,Butler,Neutral,W,80,54,https://a.espncdn.com/i/teamlogos/ncaa/500/61.png,https://a.espncdn.com/i/teamlogos/ncaa/500/2086.png,99,99,23,4,,,FALSE,6,Fort Myers Tip-Off - Island Division,STATUS_FINAL,23,TRUE,99,"[{'abbreviation': 'Game', 'name': 'overall', 'summary': '9-0', 'type': 'total'}
 {'abbreviation': None, 'name': 'Home', 'summary': '6-0', 'type': 'home'}
 {'abbreviation': None, 'name': 'Road', 'summary': '1-0', 'type': 'road'}
 {'abbreviation': None, 'name': 'vs. Conf.', 'summary': '0-0', 'type': 'vsconf'}]",4,FALSE,99,"[{'abbreviation': 'Game', 'name': 'overall', 'summary': '4-4', 'type': 'total'}
 {'abbreviation': None, 'name': 'Home', 'summary': '3-2', 'type': 'home'}
 {'abbreviation': None, 'name': 'Road', 'summary': '0-1', 'type': 'road'}
 {'abbreviation': None, 'name': 'vs. Conf.', 'summary': '0-0', 'type': 'vsconf'}]",,,UGA,BUT,ba0c2f,0d1361,2c2a29,00a3e0,UGA,ba0c2f,2c2a29,BUT,0d1361,00a3e0,https://raw.githubusercontent.com/sportsdataverse/wehoop-wbb-raw/main/wbb/json/final/401818574.json,2025-11-29T22:00Z,TRUE,,
401824919,2025-11-29T21:00Z,Ole Miss,George Mason,Neutral,W,81,67,https://a.espncdn.com/i/teamlogos/ncaa/500/145.png,https://a.espncdn.com/i/teamlogos/ncaa/500/2244.png,13,99,23,3,,,FALSE,6,Daytona Beach Classic,STATUS_FINAL,3,FALSE,99,"[{'abbreviation': 'Game', 'name': 'overall', 'summary': '5-4', 'type': 'total'}
 {'abbreviation': None, 'name': 'Home', 'summary': '4-0', 'type': 'home'}
 {'abbreviation': None, 'name': 'Road', 'summary': '1-2', 'type': 'road'}
 {'abbreviation': None, 'name': 'vs. Conf.', 'summary': '0-0', 'type': 'vsconf'}]",23,TRUE,13,"[{'abbreviation': 'Game', 'name': 'overall', 'summary': '7-0', 'type': 'total'}
 {'abbreviation': None, 'name': 'Home', 'summary': '3-0', 'type': 'home'}
 {'abbreviation': None, 'name': 'Road', 'summary': '2-0', 'type': 'road'}
 {'abbreviation': None, 'name': 'vs. Conf.', 'summary': '0-0', 'type': 'vsconf'}]",,,MISS,GMU,13294b,16600,cf142b,ecb010,GMU,16600,ecb010,MISS,13294b,cf142b,https://raw.githubusercontent.com/sportsdataverse/wehoop-wbb-raw/main/wbb/json/final/401824919.json,2025-11-29T21:00Z,TRUE,,
401817307,2025-11-29T20:30Z,Louisville,East Tennessee State,Neutral,W,88,50,https://a.espncdn.com/i/teamlogos/ncaa/500/97.png,https://a.espncdn.com/i/teamlogos/ncaa/500/2193.png,23,99,2,24,,,FALSE,6,Louisville MTE,STATUS_FINAL,24,FALSE,99,"[{'abbreviation': 'Game', 'name': 'overall', 'summary': '2-6', 'type': 'total'}
 {'abbreviation': None, 'name': 'Home', 'summary': '1-2', 'type': 'home'}
 {'abbreviation': None, 'name': 'Road', 'summary': '0-3', 'type': 'road'}
 {'abbreviation': None, 'name': 'vs. Conf.', 'summary': '0-0', 'type': 'vsconf'}]",2,TRUE,23,"[{'abbreviation': 'Game', 'name': 'overall', 'summary': '6-2', 'type': 'total'}
 {'abbreviation': None, 'name': 'Home', 'summary': '4-1', 'type': 'home'}
 {'abbreviation': None, 'name': 'Road', 'summary': '1-0', 'type': 'road'}
 {'abbreviation': None, 'name': 'vs. Conf.', 'summary': '1-0', 'type': 'vsconf'}]",,,LOU,ETSU,c9001f,002d61,ffffff,ffc423,ETSU,002d61,ffc423,LOU,c9001f,ffffff,https://raw.githubusercontent.com/sportsdataverse/wehoop-wbb-raw/main/wbb/json/final/401817307.json,2025-11-29T20:30Z,TRUE,,
401830949,2025-11-29T19:30Z,Virginia Tech,Oregon State,Neutral,W,78,67,https://a.espncdn.com/i/teamlogos/ncaa/500/259.png,https://a.espncdn.com/i/teamlogos/ncaa/500/204.png,99,99,2,29,,,FALSE,6,Paradise Jam - Island Division - Consolation,STATUS_FINAL,29,FALSE,99,"[{'abbreviation': 'Game', 'name': 'overall', 'summary': '5-3', 'type': 'total'}
 {'abbreviation': None, 'name': 'Home', 'summary': '5-1', 'type': 'home'}
 {'abbreviation': None, 'name': 'Road', 'summary': '0-0', 'type': 'road'}
 {'abbreviation': None, 'name': 'vs. Conf.', 'summary': '0-0', 'type': 'vsconf'}]",2,TRUE,99,"[{'abbreviation': 'Game', 'name': 'overall', 'summary': '6-2', 'type': 'total'}
 {'abbreviation': None, 'name': 'Home', 'summary': '5-0', 'type': 'home'}
 {'abbreviation': None, 'name': 'Road', 'summary': '0-1', 'type': 'road'}
 {'abbreviation': None, 'name': 'vs. Conf.', 'summary': '0-0', 'type': 'vsconf'}]",,,VT,ORST,6a2c3e,dc4405,cf4520,0,ORST,dc4405,0,VT,6a2c3e,cf4520,https://raw.githubusercontent.com/sportsdataverse/wehoop-wbb-raw/main/wbb/json/final/401830949.json,2025-11-29T19:30Z,TRUE,,
401817834,2025-11-29T18:30Z,UNC,Columbia,Neutral,W,80,63,https://a.espncdn.com/i/teamlogos/ncaa/500/153.png,https://a.espncdn.com/i/teamlogos/ncaa/500/171.png,12,99,2,12,,,FALSE,6,Cancun Challenge - Mayan Division,STATUS_FINAL,12,FALSE,99,"[{'abbreviation': 'Game', 'name': 'overall', 'summary': '4-4', 'type': 'total'}
 {'abbreviation': None, 'name': 'Home', 'summary': '1-2', 'type': 'home'}
 {'abbreviation': None, 'name': 'Road', 'summary': '2-0', 'type': 'road'}
 {'abbreviation': None, 'name': 'vs. Conf.', 'summary': '0-0', 'type': 'vsconf'}]",2,TRUE,12,"[{'abbreviation': 'Game', 'name': 'overall', 'summary': '8-1', 'type': 'total'}
 {'abbreviation': None, 'name': 'Home', 'summary': '3-0', 'type': 'home'}
 {'abbreviation': None, 'name': 'Road', 'summary': '1-0', 'type': 'road'}
 {'abbreviation': None, 'name': 'vs. Conf.', 'summary': '0-0', 'type': 'vsconf'}]",,,UNC,COLU,7bafd4,7ba4db,13294b,183863,COLU,7ba4db,183863,UNC,7bafd4,13294b,https://raw.githubusercontent.com/sportsdataverse/wehoop-wbb-raw/main/wbb/json/final/401817834.json,2025-11-29T18:30Z,TRUE,,
401826630,2025-11-29T18:30Z,James Madison,Wisconsin,Neutral,W,69,50,https://a.espncdn.com/i/teamlogos/ncaa/500/256.png,https://a.espncdn.com/i/teamlogos/ncaa/500/275.png,99,99,27,7,,,FALSE,6,Daytona Beach Classic,STATUS_FINAL,7,FALSE,99,"[{'abbreviation': 'Game', 'name': 'overall', 'summary': '6-3', 'type': 'total'}
 {'abbreviation': None, 'name': 'Home', 'summary': '5-0', 'type': 'home'}
 {'abbreviation': None, 'name': 'Road', 'summary': '1-1', 'type': 'road'}
 {'abbreviation': None, 'name': 'vs. Conf.', 'summary': '0-0', 'type': 'vsconf'}]",27,TRUE,99,"[{'abbreviation': 'Game', 'name': 'overall', 'summary': '6-3', 'type': 'total'}
 {'abbreviation': None, 'name': 'Home', 'summary': '4-2', 'type': 'home'}
 {'abbreviation': None, 'name': 'Road', 'summary': '0-1', 'type': 'road'}
 {'abbreviation': None, 'name': 'vs. Conf.', 'summary': '0-0', 'type': 'vsconf'}]",,,JMU,WIS,450084,a00000,cbb677,ffffff,WIS,a00000,ffffff,JMU,450084,cbb677,https://raw.githubusercontent.com/sportsdataverse/wehoop-wbb-raw/main/wbb/json/final/401826630.json,2025-11-29T18:30Z,TRUE,,
401830950,2025-11-29T17:00Z,Vanderbilt,BYU,Neutral,W,84,71,https://a.espncdn.com/i/teamlogos/ncaa/500/238.png,https://a.espncdn.com/i/teamlogos/ncaa/500/252.png,17,99,23,8,,,FALSE,6,Paradise Jam - Island Division - Championship,STATUS_FINAL,23,TRUE,17,"[{'abbreviation': 'Game', 'name': 'overall', 'summary': '8-0', 'type': 'total'}
 {'abbreviation': None, 'name': 'Home', 'summary': '3-0', 'type': 'home'}
 {'abbreviation': None, 'name': 'Road', 'summary': '2-0', 'type': 'road'}
 {'abbreviation': None, 'name': 'vs. Conf.', 'summary': '0-0', 'type': 'vsconf'}]",8,FALSE,99,"[{'abbreviation': 'Game', 'name': 'overall', 'summary': '7-1', 'type': 'total'}
 {'abbreviation': None, 'name': 'Home', 'summary': '5-0', 'type': 'home'}
 {'abbreviation': None, 'name': 'Road', 'summary': '1-0', 'type': 'road'}
 {'abbreviation': None, 'name': 'vs. Conf.', 'summary': '0-0', 'type': 'vsconf'}]",,,VAN,BYU,0,0047ba,cfae70,002e5d,VAN,0,cfae70,BYU,0047ba,002e5d,https://raw.githubusercontent.com/sportsdataverse/wehoop-wbb-raw/main/wbb/json/final/401830950.json,2025-11-29T17:00Z,TRUE,,
401804838,2025-11-29T16:00Z,Oklahoma State,Miami (FL),Neutral,W,87,84,https://a.espncdn.com/i/teamlogos/ncaa/500/197.png,https://a.espncdn.com/i/teamlogos/ncaa/500/2390.png,24,99,8,2,,,FALSE,6,Cayman Islands Classic,STATUS_FINAL,2,FALSE,99,"[{'abbreviation': 'Game', 'name': 'overall', 'summary': '5-2', 'type': 'total'}
 {'abbreviation': None, 'name': 'Home', 'summary': '3-0', 'type': 'home'}
 {'abbreviation': None, 'name': 'Road', 'summary': '0-0', 'type': 'road'}
 {'abbreviation': None, 'name': 'vs. Conf.', 'summary': '0-0', 'type': 'vsconf'}]",8,TRUE,24,"[{'abbreviation': 'Game', 'name': 'overall', 'summary': '8-1', 'type': 'total'}
 {'abbreviation': None, 'name': 'Home', 'summary': '6-0', 'type': 'home'}
 {'abbreviation': None, 'name': 'Road', 'summary': '0-1', 'type': 'road'}
 {'abbreviation': None, 'name': 'vs. Conf.', 'summary': '0-0', 'type': 'vsconf'}]",,,OKST,MIA,fe5c00,f47423,0,35131,MIA,f47423,35131,OKST,fe5c00,0,https://raw.githubusercontent.com/sportsdataverse/wehoop-wbb-raw/main/wbb/json/final/401804838.json,2025-11-29T16:00Z,TRUE,,
401826679,2025-11-29T03:00Z,Washington,UC San Diego,Home,W,67,50,https://a.espncdn.com/i/teamlogos/ncaa/500/264.png,https://a.espncdn.com/i/teamlogos/ncaa/500/28.png,22,99,7,9,,,FALSE,1,,STATUS_FINAL,7,TRUE,22,"[{'abbreviation': 'Game', 'name': 'overall', 'summary': '7-0', 'type': 'total'}
 {'abbreviation': None, 'name': 'Home', 'summary': '6-0', 'type': 'home'}
 {'abbreviation': None, 'name': 'Road', 'summary': '1-0', 'type': 'road'}
 {'abbreviation': None, 'name': 'vs. Conf.', 'summary': '0-0', 'type': 'vsconf'}]",9,FALSE,99,"[{'abbreviation': 'Game', 'name': 'overall', 'summary': '3-4', 'type': 'total'}
 {'abbreviation': None, 'name': 'Home', 'summary': '3-1', 'type': 'home'}
 {'abbreviation': None, 'name': 'Road', 'summary': '0-3', 'type': 'road'}
 {'abbreviation': None, 'name': 'vs. Conf.', 'summary': '0-0', 'type': 'vsconf'}]",,,WASH,UCSD,33006f,0,e8d3a2,ffcd00,WASH,33006f,e8d3a2,UCSD,0,ffcd00,https://raw.githubusercontent.com/sportsdataverse/wehoop-wbb-raw/main/wbb/json/final/401826679.json,2025-11-29T03:00Z,TRUE,,
401817833,2025-11-29T02:00Z,Richmond,Green Bay,Neutral,W,76,59,https://a.espncdn.com/i/teamlogos/ncaa/500/257.png,https://a.espncdn.com/i/teamlogos/ncaa/500/2739.png,99,99,3,45,,,FALSE,6,Cancun Challenge - Yucatan Division,STATUS_FINAL,3,TRUE,99,"[{'abbreviation': 'Game', 'name': 'overall', 'summary': '6-2', 'type': 'total'}
 {'abbreviation': None, 'name': 'Home', 'summary': '3-0', 'type': 'home'}
 {'abbreviation': None, 'name': 'Road', 'summary': '2-1', 'type': 'road'}
 {'abbreviation': None, 'name': 'vs. Conf.', 'summary': '0-0', 'type': 'vsconf'}]",45,FALSE,99,"[{'abbreviation': 'Game', 'name': 'overall', 'summary': '5-3', 'type': 'total'}
 {'abbreviation': None, 'name': 'Home', 'summary': '4-0', 'type': 'home'}
 {'abbreviation': None, 'name': 'Road', 'summary': '1-1', 'type': 'road'}
 {'abbreviation': None, 'name': 'vs. Conf.', 'summary': '0-0', 'type': 'vsconf'}]",,,RICH,GB,9e0712,6633,b90b2e,ffffff,RICH,9e0712,b90b2e,GB,6633,ffffff,https://raw.githubusercontent.com/sportsdataverse/wehoop-wbb-raw/main/wbb/json/final/401817833.json,2025-11-29T02:00Z,TRUE,,
401813896,2025-11-29T01:00Z,LSU,Marist,Neutral,W,113,53,https://a.espncdn.com/i/teamlogos/ncaa/500/99.png,https://a.espncdn.com/i/teamlogos/ncaa/500/2368.png,5,99,23,13,,,FALSE,6,Paradise Jam - Reef Division,STATUS_FINAL,23,TRUE,5,"[{'abbreviation': 'Game', 'name': 'overall', 'summary': '7-0', 'type': 'total'}
 {'abbreviation': None, 'name': 'Home', 'summary': '4-0', 'type': 'home'}
 {'abbreviation': None, 'name': 'Road', 'summary': '2-0', 'type': 'road'}
 {'abbreviation': None, 'name': 'vs. Conf.', 'summary': '0-0', 'type': 'vsconf'}]",13,FALSE,99,"[{'abbreviation': 'Game', 'name': 'overall', 'summary': '2-5', 'type': 'total'}
 {'abbreviation': None, 'name': 'Home', 'summary': '2-3', 'type': 'home'}
 {'abbreviation': None, 'name': 'Road', 'summary': '0-1', 'type': 'road'}
 {'abbreviation': None, 'name': 'vs. Conf.', 'summary': '0-0', 'type': 'vsconf'}]",,,LSU,MRST,461d76,e53730,fdd023,f0f0f0,LSU,461d76,fdd023,MRST,e53730,f0f0f0,https://raw.githubusercontent.com/sportsdataverse/wehoop-wbb-raw/main/wbb/json/final/401813896.json,2025-11-29T01:00Z,TRUE,,
401819610,2025-11-29T01:00Z,Stanford,Florida Gulf Coast,Neutral,L,62,66,https://a.espncdn.com/i/teamlogos/ncaa/500/24.png,https://a.espncdn.com/i/teamlogos/ncaa/500/526.png,99,99,2,46,,,FALSE,6,Resorts World Classic,STATUS_FINAL,46,TRUE,99,"[{'abbreviation': 'Game', 'name': 'overall', 'summary': '2-3', 'type': 'total'}
 {'abbreviation': None, 'name': 'Home', 'summary': '1-2', 'type': 'home'}
 {'abbreviation': None, 'name': 'Road', 'summary': '0-1', 'type': 'road'}
 {'abbreviation': None, 'name': 'vs. Conf.', 'summary': '0-0', 'type': 'vsconf'}]",2,FALSE,99,"[{'abbreviation': 'Game', 'name': 'overall', 'summary': '7-1', 'type': 'total'}
 {'abbreviation': None, 'name': 'Home', 'summary': '5-0', 'type': 'home'}
 {'abbreviation': None, 'name': 'Road', 'summary': '2-0', 'type': 'road'}
 {'abbreviation': None, 'name': 'vs. Conf.', 'summary': '0-0', 'type': 'vsconf'}]",,,STAN,FGCU,8c1515,00885a,ffffff,076c3b,FGCU,00885a,076c3b,STAN,8c1515,ffffff,https://raw.githubusercontent.com/sportsdataverse/wehoop-wbb-raw/main/wbb/json/final/401819610.json,2025-11-29T01:00Z,TRUE,,
401804837,2025-11-29T00:30Z,Florida,Memphis,Neutral,W,74,60,https://a.espncdn.com/i/teamlogos/ncaa/500/57.png,https://a.espncdn.com/i/teamlogos/ncaa/500/235.png,99,99,23,62,,,FALSE,6,Cayman Islands Classic,STATUS_FINAL,62,FALSE,99,"[{'abbreviation': 'Game', 'name': 'overall', 'summary': '4-4', 'type': 'total'}
 {'abbreviation': None, 'name': 'Home', 'summary': '2-3', 'type': 'home'}
 {'abbreviation': None, 'name': 'Road', 'summary': '2-0', 'type': 'road'}
 {'abbreviation': None, 'name': 'vs. Conf.', 'summary': '0-0', 'type': 'vsconf'}]",23,TRUE,99,"[{'abbreviation': 'Game', 'name': 'overall', 'summary': '7-1', 'type': 'total'}
 {'abbreviation': None, 'name': 'Home', 'summary': '5-0', 'type': 'home'}
 {'abbreviation': None, 'name': 'Road', 'summary': '1-1', 'type': 'road'}
 {'abbreviation': None, 'name': 'vs. Conf.', 'summary': '0-0', 'type': 'vsconf'}]",,,FLA,MEM,0021a5,4991,fa4616,8e908f,MEM,4991,8e908f,FLA,0021a5,fa4616,https://raw.githubusercontent.com/sportsdataverse/wehoop-wbb-raw/main/wbb/json/final/401804837.json,2025-11-29T00:30Z,TRUE,,
401818573,2025-11-29T00:30Z,Georgia,Kansas,Neutral,W,68,62,https://a.espncdn.com/i/teamlogos/ncaa/500/61.png,https://a.espncdn.com/i/teamlogos/ncaa/500/2305.png,99,99,23,8,,,FALSE,6,Fort Myers Tip-Off - Island Division,STATUS_FINAL,8,FALSE,99,"[{'abbreviation': 'Game', 'name': 'overall', 'summary': '6-1', 'type': 'total'}
 {'abbreviation': None, 'name': 'Home', 'summary': '5-0', 'type': 'home'}
 {'abbreviation': None, 'name': 'Road', 'summary': '0-0', 'type': 'road'}
 {'abbreviation': None, 'name': 'vs. Conf.', 'summary': '0-0', 'type': 'vsconf'}]",23,TRUE,99,"[{'abbreviation': 'Game', 'name': 'overall', 'summary': '8-0', 'type': 'total'}
 {'abbreviation': None, 'name': 'Home', 'summary': '6-0', 'type': 'home'}
 {'abbreviation': None, 'name': 'Road', 'summary': '1-0', 'type': 'road'}
 {'abbreviation': None, 'name': 'vs. Conf.', 'summary': '0-0', 'type': 'vsconf'}]",,,UGA,KU,ba0c2f,0051ba,2c2a29,e8000d,KU,0051ba,e8000d,UGA,ba0c2f,2c2a29,https://raw.githubusercontent.com/sportsdataverse/wehoop-wbb-raw/main/wbb/json/final/401818573.json,2025-11-29T00:30Z,TRUE,,
401817567,2025-11-29T00:00Z,Louisville,Eastern Illinois,Home,W,91,38,https://a.espncdn.com/i/teamlogos/ncaa/500/97.png,https://a.espncdn.com/i/teamlogos/ncaa/500/2197.png,23,99,2,20,,,FALSE,6,Louisville MTE,STATUS_FINAL,2,TRUE,23,"[{'abbreviation': 'Game', 'name': 'overall', 'summary': '5-2', 'type': 'total'}
 {'abbreviation': None, 'name': 'Home', 'summary': '4-1', 'type': 'home'}
 {'abbreviation': None, 'name': 'Road', 'summary': '1-0', 'type': 'road'}
 {'abbreviation': None, 'name': 'vs. Conf.', 'summary': '1-0', 'type': 'vsconf'}]",20,FALSE,99,"[{'abbreviation': 'Game', 'name': 'overall', 'summary': '0-6', 'type': 'total'}
 {'abbreviation': None, 'name': 'Home', 'summary': '0-1', 'type': 'home'}
 {'abbreviation': None, 'name': 'Road', 'summary': '0-5', 'type': 'road'}
 {'abbreviation': None, 'name': 'vs. Conf.', 'summary': '0-0', 'type': 'vsconf'}]",,,LOU,EIU,c9001f,0,ffffff,bebab9,LOU,c9001f,ffffff,EIU,0,bebab9,https://raw.githubusercontent.com/sportsdataverse/wehoop-wbb-raw/main/wbb/json/final/401817567.json,2025-11-29T00:00Z,TRUE,,
401822287,2025-11-28T23:30Z,Oklahoma,Coppin State,Neutral,W,100,46,https://a.espncdn.com/i/teamlogos/ncaa/500/201.png,https://a.espncdn.com/i/teamlogos/ncaa/500/2154.png,9,99,23,16,,,FALSE,6,Coconut Hoops - Great Egret Division,STATUS_FINAL,23,TRUE,9,"[{'abbreviation': 'Game', 'name': 'overall', 'summary': '6-1', 'type': 'total'}
 {'abbreviation': None, 'name': 'Home', 'summary': '4-0', 'type': 'home'}
 {'abbreviation': None, 'name': 'Road', 'summary': '1-0', 'type': 'road'}
 {'abbreviation': None, 'name': 'vs. Conf.', 'summary': '0-0', 'type': 'vsconf'}]",16,FALSE,99,"[{'abbreviation': 'Game', 'name': 'overall', 'summary': '1-6', 'type': 'total'}
 {'abbreviation': None, 'name': 'Home', 'summary': '1-0', 'type': 'home'}
 {'abbreviation': None, 'name': 'Road', 'summary': '0-5', 'type': 'road'}
 {'abbreviation': None, 'name': 'vs. Conf.', 'summary': '0-0', 'type': 'vsconf'}]",,,OU,COPP,990000,2e3192,ffffff,ffd204,OU,990000,ffffff,COPP,2e3192,ffd204,https://raw.githubusercontent.com/sportsdataverse/wehoop-wbb-raw/main/wbb/json/final/401822287.json,2025-11-28T23:30Z,TRUE,,
401824459,2025-11-28T23:30Z,Michigan State,Temple,Neutral,W,85,50,https://a.espncdn.com/i/teamlogos/ncaa/500/127.png,https://a.espncdn.com/i/teamlogos/ncaa/500/218.png,20,99,7,62,,,FALSE,6,Baha Mar Nassau Championship - Junkanoo Division,STATUS_FINAL,62,FALSE,99,"[{'abbreviation': 'Game', 'name': 'overall', 'summary': '3-4', 'type': 'total'}
 {'abbreviation': None, 'name': 'Home', 'summary': '3-0', 'type': 'home'}
 {'abbreviation': None, 'name': 'Road', 'summary': '0-3', 'type': 'road'}
 {'abbreviation': None, 'name': 'vs. Conf.', 'summary': '0-0', 'type': 'vsconf'}]",7,TRUE,20,"[{'abbreviation': 'Game', 'name': 'overall', 'summary': '7-0', 'type': 'total'}
 {'abbreviation': None, 'name': 'Home', 'summary': '6-0', 'type': 'home'}
 {'abbreviation': None, 'name': 'Road', 'summary': '0-0', 'type': 'road'}
 {'abbreviation': None, 'name': 'vs. Conf.', 'summary': '0-0', 'type': 'vsconf'}]",,,MSU,TEM,173f35,a41e35,ffffff,ffffff,TEM,a41e35,ffffff,MSU,173f35,ffffff,https://raw.githubusercontent.com/sportsdataverse/wehoop-wbb-raw/main/wbb/json/final/401824459.json,2025-11-28T23:30Z,TRUE,,
401817832,2025-11-28T23:30Z,TCU,UAB,Neutral,W,82,61,https://a.espncdn.com/i/teamlogos/ncaa/500/2628.png,https://a.espncdn.com/i/teamlogos/ncaa/500/5.png,8,99,8,62,,,FALSE,6,Cancun Challenge - Yucatan Division,STATUS_FINAL,8,TRUE,8,"[{'abbreviation': 'Game', 'name': 'overall', 'summary': '8-0', 'type': 'total'}
 {'abbreviation': None, 'name': 'Home', 'summary': '5-0', 'type': 'home'}
 {'abbreviation': None, 'name': 'Road', 'summary': '1-0', 'type': 'road'}
 {'abbreviation': None, 'name': 'vs. Conf.', 'summary': '0-0', 'type': 'vsconf'}]",62,FALSE,99,"[{'abbreviation': 'Game', 'name': 'overall', 'summary': '3-4', 'type': 'total'}
 {'abbreviation': None, 'name': 'Home', 'summary': '1-2', 'type': 'home'}
 {'abbreviation': None, 'name': 'Road', 'summary': '1-1', 'type': 'road'}
 {'abbreviation': None, 'name': 'vs. Conf.', 'summary': '0-0', 'type': 'vsconf'}]",,,TCU,UAB,4d1979,1a5632,ffffff,fdb913,TCU,4d1979,ffffff,UAB,1a5632,fdb913,https://raw.githubusercontent.com/sportsdataverse/wehoop-wbb-raw/main/wbb/json/final/401817832.json,2025-11-28T23:30Z,TRUE,,
401818583,2025-11-28T22:30Z,Kentucky,Morgan State,Neutral,W,101,39,https://a.espncdn.com/i/teamlogos/ncaa/500/96.png,https://a.espncdn.com/i/teamlogos/ncaa/500/2415.png,16,99,23,16,,,FALSE,6,Puerto Rico Shootout,STATUS_FINAL,23,TRUE,16,"[{'abbreviation': 'Game', 'name': 'overall', 'summary': '8-1', 'type': 'total'}
 {'abbreviation': None, 'name': 'Home', 'summary': '4-0', 'type': 'home'}
 {'abbreviation': None, 'name': 'Road', 'summary': '3-0', 'type': 'road'}
 {'abbreviation': None, 'name': 'vs. Conf.', 'summary': '0-0', 'type': 'vsconf'}]",16,FALSE,99,"[{'abbreviation': 'Game', 'name': 'overall', 'summary': '1-8', 'type': 'total'}
 {'abbreviation': None, 'name': 'Home', 'summary': '1-2', 'type': 'home'}
 {'abbreviation': None, 'name': 'Road', 'summary': '0-3', 'type': 'road'}
 {'abbreviation': None, 'name': 'vs. Conf.', 'summary': '0-0', 'type': 'vsconf'}]",,,UK,MORG,0033a0,14786,ffffff,f47937,UK,0033a0,ffffff,MORG,14786,f47937,https://raw.githubusercontent.com/sportsdataverse/wehoop-wbb-raw/main/wbb/json/final/401818583.json,2025-11-28T22:30Z,TRUE,,
401825930,2025-11-28T22:00Z,USC,Pepperdine,Home,W,82,52,https://a.espncdn.com/i/teamlogos/ncaa/500/30.png,https://a.espncdn.com/i/teamlogos/ncaa/500/2492.png,18,99,7,29,,,FALSE,1,,STATUS_FINAL,7,TRUE,18,"[{'abbreviation': 'Game', 'name': 'overall', 'summary': '5-2', 'type': 'total'}
 {'abbreviation': None, 'name': 'Home', 'summary': '4-0', 'type': 'home'}
 {'abbreviation': None, 'name': 'Road', 'summary': '0-1', 'type': 'road'}
 {'abbreviation': None, 'name': 'vs. Conf.', 'summary': '0-0', 'type': 'vsconf'}]",29,FALSE,99,"[{'abbreviation': 'Game', 'name': 'overall', 'summary': '4-2', 'type': 'total'}
 {'abbreviation': None, 'name': 'Home', 'summary': '2-0', 'type': 'home'}
 {'abbreviation': None, 'name': 'Road', 'summary': '2-2', 'type': 'road'}
 {'abbreviation': None, 'name': 'vs. Conf.', 'summary': '0-0', 'type': 'vsconf'}]",,,USC,PEPP,9d2235,003A72,ffc72c,dc762f,USC,9d2235,ffc72c,PEPP,003A72,dc762f,https://raw.githubusercontent.com/sportsdataverse/wehoop-wbb-raw/main/wbb/json/final/401825930.json,2025-11-28T22:00Z,TRUE,,
401827924,2025-11-28T21:00Z,Ole Miss,Wisconsin,Neutral,W,65,56,https://a.espncdn.com/i/teamlogos/ncaa/500/145.png,https://a.espncdn.com/i/teamlogos/ncaa/500/275.png,13,99,23,7,,,FALSE,6,Daytona Beach Classic,STATUS_FINAL,23,TRUE,13,"[{'abbreviation': 'Game', 'name': 'overall', 'summary': '6-0', 'type': 'total'}
 {'abbreviation': None, 'name': 'Home', 'summary': '3-0', 'type': 'home'}
 {'abbreviation': None, 'name': 'Road', 'summary': '2-0', 'type': 'road'}
 {'abbreviation': None, 'name': 'vs. Conf.', 'summary': '0-0', 'type': 'vsconf'}]",7,FALSE,99,"[{'abbreviation': 'Game', 'name': 'overall', 'summary': '6-2', 'type': 'total'}
 {'abbreviation': None, 'name': 'Home', 'summary': '5-0', 'type': 'home'}
 {'abbreviation': None, 'name': 'Road', 'summary': '1-1', 'type': 'road'}
 {'abbreviation': None, 'name': 'vs. Conf.', 'summary': '0-0', 'type': 'vsconf'}]",,,MISS,WIS,13294b,a00000,cf142b,ffffff,MISS,13294b,cf142b,WIS,a00000,ffffff,https://raw.githubusercontent.com/sportsdataverse/wehoop-wbb-raw/main/wbb/json/final/401827924.json,2025-11-28T21:00Z,TRUE,,
401824458,2025-11-28T21:00Z,Clemson,Western Carolina,Neutral,W,77,44,https://a.espncdn.com/i/teamlogos/ncaa/500/228.png,https://a.espncdn.com/i/teamlogos/ncaa/500/2717.png,99,99,2,24,,,FALSE,6,Baha Mar Nassau Championship - Junkanoo Division,STATUS_FINAL,2,TRUE,99,"[{'abbreviation': 'Game', 'name': 'overall', 'summary': '5-2', 'type': 'total'}
 {'abbreviation': None, 'name': 'Home', 'summary': '2-1', 'type': 'home'}
 {'abbreviation': None, 'name': 'Road', 'summary': '2-1', 'type': 'road'}
 {'abbreviation': None, 'name': 'vs. Conf.', 'summary': '0-1', 'type': 'vsconf'}]",24,FALSE,99,"[{'abbreviation': 'Game', 'name': 'overall', 'summary': '2-6', 'type': 'total'}
 {'abbreviation': None, 'name': 'Home', 'summary': '2-2', 'type': 'home'}
 {'abbreviation': None, 'name': 'Road', 'summary': '0-3', 'type': 'road'}
 {'abbreviation': None, 'name': 'vs. Conf.', 'summary': '0-0', 'type': 'vsconf'}]",,,CLEM,WCU,f56600,492F91,ffffff,bf9e70,CLEM,f56600,ffffff,WCU,492F91,bf9e70,https://raw.githubusercontent.com/sportsdataverse/wehoop-wbb-raw/main/wbb/json/final/401824458.json,2025-11-28T21:00Z,TRUE,,
401817831,2025-11-28T21:00Z,NC State,Southern Miss,Neutral,W,110,56,https://a.espncdn.com/i/teamlogos/ncaa/500/152.png,https://a.espncdn.com/i/teamlogos/ncaa/500/2572.png,25,99,2,27,,,FALSE,6,Cancun Challenge - Yucatan Division,STATUS_FINAL,27,FALSE,99,"[{'abbreviation': 'Game', 'name': 'overall', 'summary': '6-2', 'type': 'total'}
 {'abbreviation': None, 'name': 'Home', 'summary': '5-0', 'type': 'home'}
 {'abbreviation': None, 'name': 'Road', 'summary': '1-0', 'type': 'road'}
 {'abbreviation': None, 'name': 'vs. Conf.', 'summary': '0-0', 'type': 'vsconf'}]",2,TRUE,25,"[{'abbreviation': 'Game', 'name': 'overall', 'summary': '5-3', 'type': 'total'}
 {'abbreviation': None, 'name': 'Home', 'summary': '2-2', 'type': 'home'}
 {'abbreviation': None, 'name': 'Road', 'summary': '0-0', 'type': 'road'}
 {'abbreviation': None, 'name': 'vs. Conf.', 'summary': '0-0', 'type': 'vsconf'}]",,,NCSU,USM,cc0000,ffc72c,ffffff,231f20,USM,ffc72c,231f20,NCSU,cc0000,ffffff,https://raw.githubusercontent.com/sportsdataverse/wehoop-wbb-raw/main/wbb/json/final/401817831.json,2025-11-28T21:00Z,TRUE,,
401819929,2025-11-28T16:00Z,Iowa State,Marquette,Neutral,W,84,73,https://a.espncdn.com/i/teamlogos/ncaa/500/66.png,https://a.espncdn.com/i/teamlogos/ncaa/500/269.png,10,99,8,4,,,FALSE,6,Coconut Hoops - Blue Heron Division,STATUS_FINAL,8,TRUE,10,"[{'abbreviation': 'Game', 'name': 'overall', 'summary': '8-0', 'type': 'total'}
 {'abbreviation': None, 'name': 'Home', 'summary': '6-0', 'type': 'home'}
 {'abbreviation': None, 'name': 'Road', 'summary': '1-0', 'type': 'road'}
 {'abbreviation': None, 'name': 'vs. Conf.', 'summary': '0-0', 'type': 'vsconf'}]",4,FALSE,99,"[{'abbreviation': 'Game', 'name': 'overall', 'summary': '4-2', 'type': 'total'}
 {'abbreviation': None, 'name': 'Home', 'summary': '3-0', 'type': 'home'}
 {'abbreviation': None, 'name': 'Road', 'summary': '1-1', 'type': 'road'}
 {'abbreviation': None, 'name': 'vs. Conf.', 'summary': '0-0', 'type': 'vsconf'}]",,,ISU,MARQ,ae192d,3366,ffc72a,ffcc00,ISU,ae192d,ffc72a,MARQ,3366,ffcc00,https://raw.githubusercontent.com/sportsdataverse/wehoop-wbb-raw/main/wbb/json/final/401819929.json,2025-11-28T16:00Z,TRUE,,
401826629,2025-11-28T16:00Z,James Madison,Boston College,Neutral,W,73,53,https://a.espncdn.com/i/teamlogos/ncaa/500/256.png,https://a.espncdn.com/i/teamlogos/ncaa/500/103.png,99,99,27,2,,,FALSE,6,Daytona Beach Classic,STATUS_FINAL,27,TRUE,99,"[{'abbreviation': 'Game', 'name': 'overall', 'summary': '5-3', 'type': 'total'}
 {'abbreviation': None, 'name': 'Home', 'summary': '4-2', 'type': 'home'}
 {'abbreviation': None, 'name': 'Road', 'summary': '0-1', 'type': 'road'}
 {'abbreviation': None, 'name': 'vs. Conf.', 'summary': '0-0', 'type': 'vsconf'}]",2,FALSE,99,"[{'abbreviation': 'Game', 'name': 'overall', 'summary': '4-5', 'type': 'total'}
 {'abbreviation': None, 'name': 'Home', 'summary': '4-2', 'type': 'home'}
 {'abbreviation': None, 'name': 'Road', 'summary': '0-2', 'type': 'road'}
 {'abbreviation': None, 'name': 'vs. Conf.', 'summary': '0-0', 'type': 'vsconf'}]",,,JMU,BC,450084,8c2232,cbb677,dbcca6,JMU,450084,cbb677,BC,8c2232,dbcca6,https://raw.githubusercontent.com/sportsdataverse/wehoop-wbb-raw/main/wbb/json/final/401826629.json,2025-11-28T16:00Z,TRUE,,
401817830,2025-11-28T16:00Z,UNC,Kansas State,Neutral,W,85,73,https://a.espncdn.com/i/teamlogos/ncaa/500/153.png,https://a.espncdn.com/i/teamlogos/ncaa/500/2306.png,12,99,2,8,,,FALSE,6,Cancun Challenge - Mayan Division,STATUS_FINAL,2,TRUE,12,"[{'abbreviation': 'Game', 'name': 'overall', 'summary': '7-1', 'type': 'total'}
 {'abbreviation': None, 'name': 'Home', 'summary': '3-0', 'type': 'home'}
 {'abbreviation': None, 'name': 'Road', 'summary': '1-0', 'type': 'road'}
 {'abbreviation': None, 'name': 'vs. Conf.', 'summary': '0-0', 'type': 'vsconf'}]",8,FALSE,99,"[{'abbreviation': 'Game', 'name': 'overall', 'summary': '5-4', 'type': 'total'}
 {'abbreviation': None, 'name': 'Home', 'summary': '3-2', 'type': 'home'}
 {'abbreviation': None, 'name': 'Road', 'summary': '1-1', 'type': 'road'}
 {'abbreviation': None, 'name': 'vs. Conf.', 'summary': '0-0', 'type': 'vsconf'}]",,,UNC,KSU,7bafd4,330a57,13294b,e2e3e4,UNC,7bafd4,13294b,KSU,330a57,e2e3e4,https://raw.githubusercontent.com/sportsdataverse/wehoop-wbb-raw/main/wbb/json/final/401817830.json,2025-11-28T16:00Z,TRUE,,
401804834,2025-11-28T16:00Z,Oklahoma State,Charlotte,Neutral,W,74,65,https://a.espncdn.com/i/teamlogos/ncaa/500/197.png,https://a.espncdn.com/i/teamlogos/ncaa/500/2429.png,24,99,8,62,,,FALSE,6,Cayman Islands Classic,STATUS_FINAL,62,FALSE,99,"[{'abbreviation': 'Game', 'name': 'overall', 'summary': '4-4', 'type': 'total'}
 {'abbreviation': None, 'name': 'Home', 'summary': '3-1', 'type': 'home'}
 {'abbreviation': None, 'name': 'Road', 'summary': '1-2', 'type': 'road'}
 {'abbreviation': None, 'name': 'vs. Conf.', 'summary': '0-0', 'type': 'vsconf'}]",8,TRUE,24,"[{'abbreviation': 'Game', 'name': 'overall', 'summary': '7-1', 'type': 'total'}
 {'abbreviation': None, 'name': 'Home', 'summary': '6-0', 'type': 'home'}
 {'abbreviation': None, 'name': 'Road', 'summary': '0-1', 'type': 'road'}
 {'abbreviation': None, 'name': 'vs. Conf.', 'summary': '0-0', 'type': 'vsconf'}]",,,OKST,CLT,fe5c00,5035,0,a49665,CLT,5035,a49665,OKST,fe5c00,0,https://raw.githubusercontent.com/sportsdataverse/wehoop-wbb-raw/main/wbb/json/final/401804834.json,2025-11-28T16:00Z,TRUE,,
401831264,2025-11-28T03:30Z,UCLA,Duke,Neutral,W,89,59,https://a.espncdn.com/i/teamlogos/ncaa/500/26.png,https://a.espncdn.com/i/teamlogos/ncaa/500/150.png,3,99,7,2,,,FALSE,6,Players Era Championship - Consolation,STATUS_FINAL,7,TRUE,3,"[{'abbreviation': 'Game', 'name': 'overall', 'summary': '7-1', 'type': 'total'}
 {'abbreviation': None, 'name': 'Home', 'summary': '2-0', 'type': 'home'}
 {'abbreviation': None, 'name': 'Road', 'summary': '0-0', 'type': 'road'}
 {'abbreviation': None, 'name': 'vs. Conf.', 'summary': '0-0', 'type': 'vsconf'}]",2,FALSE,99,"[{'abbreviation': 'Game', 'name': 'overall', 'summary': '3-5', 'type': 'total'}
 {'abbreviation': None, 'name': 'Home', 'summary': '2-0', 'type': 'home'}
 {'abbreviation': None, 'name': 'Road', 'summary': '1-1', 'type': 'road'}
 {'abbreviation': None, 'name': 'vs. Conf.', 'summary': '0-0', 'type': 'vsconf'}]",,,UCLA,DUKE,2774ae,00539b,f2a900,ffffff,UCLA,2774ae,f2a900,DUKE,00539b,ffffff,https://raw.githubusercontent.com/sportsdataverse/wehoop-wbb-raw/main/wbb/json/final/401831264.json,2025-11-28T03:30Z,TRUE,,
401831264,2025-11-28T03:30Z,Duke,UCLA,Neutral,L,59,89,https://a.espncdn.com/i/teamlogos/ncaa/500/150.png,https://a.espncdn.com/i/teamlogos/ncaa/500/26.png,99,3,2,7,,,FALSE,6,Players Era Championship - Consolation,STATUS_FINAL,7,TRUE,3,"[{'abbreviation': 'Game', 'name': 'overall', 'summary': '7-1', 'type': 'total'}
 {'abbreviation': None, 'name': 'Home', 'summary': '2-0', 'type': 'home'}
 {'abbreviation': None, 'name': 'Road', 'summary': '0-0', 'type': 'road'}
 {'abbreviation': None, 'name': 'vs. Conf.', 'summary': '0-0', 'type': 'vsconf'}]",2,FALSE,99,"[{'abbreviation': 'Game', 'name': 'overall', 'summary': '3-5', 'type': 'total'}
 {'abbreviation': None, 'name': 'Home', 'summary': '2-0', 'type': 'home'}
 {'abbreviation': None, 'name': 'Road', 'summary': '1-1', 'type': 'road'}
 {'abbreviation': None, 'name': 'vs. Conf.', 'summary': '0-0', 'type': 'vsconf'}]",,,DUKE,UCLA,00539b,2774ae,ffffff,f2a900,UCLA,2774ae,f2a900,DUKE,00539b,ffffff,https://raw.githubusercontent.com/sportsdataverse/wehoop-wbb-raw/main/wbb/json/final/401831264.json,2025-11-28T03:30Z,TRUE,,
401817828,2025-11-28T02:00Z,TCU,Richmond,Neutral,W,68,52,https://a.espncdn.com/i/teamlogos/ncaa/500/2628.png,https://a.espncdn.com/i/teamlogos/ncaa/500/257.png,8,99,8,3,,,FALSE,6,Cancun Challenge - Yucatan Division,STATUS_FINAL,8,TRUE,8,"[{'abbreviation': 'Game', 'name': 'overall', 'summary': '7-0', 'type': 'total'}
 {'abbreviation': None, 'name': 'Home', 'summary': '5-0', 'type': 'home'}
 {'abbreviation': None, 'name': 'Road', 'summary': '1-0', 'type': 'road'}
 {'abbreviation': None, 'name': 'vs. Conf.', 'summary': '0-0', 'type': 'vsconf'}]",3,FALSE,99,"[{'abbreviation': 'Game', 'name': 'overall', 'summary': '5-2', 'type': 'total'}
 {'abbreviation': None, 'name': 'Home', 'summary': '3-0', 'type': 'home'}
 {'abbreviation': None, 'name': 'Road', 'summary': '2-1', 'type': 'road'}
 {'abbreviation': None, 'name': 'vs. Conf.', 'summary': '0-0', 'type': 'vsconf'}]",,,TCU,RICH,4d1979,9e0712,ffffff,b90b2e,TCU,4d1979,ffffff,RICH,9e0712,b90b2e,https://raw.githubusercontent.com/sportsdataverse/wehoop-wbb-raw/main/wbb/json/final/401817828.json,2025-11-28T02:00Z,TRUE,,
401817828,2025-11-28T02:00Z,Richmond,TCU,Neutral,L,52,68,https://a.espncdn.com/i/teamlogos/ncaa/500/257.png,https://a.espncdn.com/i/teamlogos/ncaa/500/2628.png,99,8,3,8,,,FALSE,6,Cancun Challenge - Yucatan Division,STATUS_FINAL,8,TRUE,8,"[{'abbreviation': 'Game', 'name': 'overall', 'summary': '7-0', 'type': 'total'}
 {'abbreviation': None, 'name': 'Home', 'summary': '5-0', 'type': 'home'}
 {'abbreviation': None, 'name': 'Road', 'summary': '1-0', 'type': 'road'}
 {'abbreviation': None, 'name': 'vs. Conf.', 'summary': '0-0', 'type': 'vsconf'}]",3,FALSE,99,"[{'abbreviation': 'Game', 'name': 'overall', 'summary': '5-2', 'type': 'total'}
 {'abbreviation': None, 'name': 'Home', 'summary': '3-0', 'type': 'home'}
 {'abbreviation': None, 'name': 'Road', 'summary': '2-1', 'type': 'road'}
 {'abbreviation': None, 'name': 'vs. Conf.', 'summary': '0-0', 'type': 'vsconf'}]",,,RICH,TCU,9e0712,4d1979,b90b2e,ffffff,TCU,4d1979,ffffff,RICH,9e0712,b90b2e,https://raw.githubusercontent.com/sportsdataverse/wehoop-wbb-raw/main/wbb/json/final/401817828.json,2025-11-28T02:00Z,TRUE,,
401831263,2025-11-28T01:00Z,Texas,South Carolina,Neutral,W,66,64,https://a.espncdn.com/i/teamlogos/ncaa/500/251.png,https://a.espncdn.com/i/teamlogos/ncaa/500/2579.png,4,2,23,23,,,TRUE,6,Players Era Championship - Championship,STATUS_FINAL,23,FALSE,2,"[{'abbreviation': 'Game', 'name': 'overall', 'summary': '7-1', 'type': 'total'}
 {'abbreviation': None, 'name': 'Home', 'summary': '5-0', 'type': 'home'}
 {'abbreviation': None, 'name': 'Road', 'summary': '0-0', 'type': 'road'}
 {'abbreviation': None, 'name': 'vs. Conf.', 'summary': '0-0', 'type': 'vsconf'}]",23,TRUE,4,"[{'abbreviation': 'Game', 'name': 'overall', 'summary': '7-0', 'type': 'total'}
 {'abbreviation': None, 'name': 'Home', 'summary': '5-0', 'type': 'home'}
 {'abbreviation': None, 'name': 'Road', 'summary': '0-0', 'type': 'road'}
 {'abbreviation': None, 'name': 'vs. Conf.', 'summary': '0-0', 'type': 'vsconf'}]",23,SEC,TEX,SC,af5c37,73000a,ffffff,0,SC,73000a,0,TEX,af5c37,ffffff,https://raw.githubusercontent.com/sportsdataverse/wehoop-wbb-raw/main/wbb/json/final/401831263.json,2025-11-28T01:00Z,TRUE,,
401818611,2025-11-28T01:00Z,Vanderbilt,Oregon State,Neutral,W,88,66,https://a.espncdn.com/i/teamlogos/ncaa/500/238.png,https://a.espncdn.com/i/teamlogos/ncaa/500/204.png,17,99,23,29,,,FALSE,6,Paradise Jam - Island Division,STATUS_FINAL,23,TRUE,17,"[{'abbreviation': 'Game', 'name': 'overall', 'summary': '7-0', 'type': 'total'}
 {'abbreviation': None, 'name': 'Home', 'summary': '3-0', 'type': 'home'}
 {'abbreviation': None, 'name': 'Road', 'summary': '2-0', 'type': 'road'}
 {'abbreviation': None, 'name': 'vs. Conf.', 'summary': '0-0', 'type': 'vsconf'}]",29,FALSE,99,"[{'abbreviation': 'Game', 'name': 'overall', 'summary': '5-2', 'type': 'total'}
 {'abbreviation': None, 'name': 'Home', 'summary': '5-1', 'type': 'home'}
 {'abbreviation': None, 'name': 'Road', 'summary': '0-0', 'type': 'road'}
 {'abbreviation': None, 'name': 'vs. Conf.', 'summary': '0-0', 'type': 'vsconf'}]",,,VAN,ORST,0,dc4405,cfae70,0,VAN,0,cfae70,ORST,dc4405,0,https://raw.githubusercontent.com/sportsdataverse/wehoop-wbb-raw/main/wbb/json/final/401818611.json,2025-11-28T01:00Z,TRUE,,
401831263,2025-11-28T01:00Z,South Carolina,Texas,Neutral,L,64,66,https://a.espncdn.com/i/teamlogos/ncaa/500/2579.png,https://a.espncdn.com/i/teamlogos/ncaa/500/251.png,2,4,23,23,,,TRUE,6,Players Era Championship - Championship,STATUS_FINAL,23,FALSE,2,"[{'abbreviation': 'Game', 'name': 'overall', 'summary': '7-1', 'type': 'total'}
 {'abbreviation': None, 'name': 'Home', 'summary': '5-0', 'type': 'home'}
 {'abbreviation': None, 'name': 'Road', 'summary': '0-0', 'type': 'road'}
 {'abbreviation': None, 'name': 'vs. Conf.', 'summary': '0-0', 'type': 'vsconf'}]",23,TRUE,4,"[{'abbreviation': 'Game', 'name': 'overall', 'summary': '7-0', 'type': 'total'}
 {'abbreviation': None, 'name': 'Home', 'summary': '5-0', 'type': 'home'}
 {'abbreviation': None, 'name': 'Road', 'summary': '0-0', 'type': 'road'}
 {'abbreviation': None, 'name': 'vs. Conf.', 'summary': '0-0', 'type': 'vsconf'}]",23,SEC,SC,TEX,73000a,af5c37,0,ffffff,SC,73000a,0,TEX,af5c37,ffffff,https://raw.githubusercontent.com/sportsdataverse/wehoop-wbb-raw/main/wbb/json/final/401831263.json,2025-11-28T01:00Z,TRUE,,
401823677,2025-11-27T22:30Z,Virginia Tech,BYU,Neutral,L,60,64,https://a.espncdn.com/i/teamlogos/ncaa/500/259.png,https://a.espncdn.com/i/teamlogos/ncaa/500/252.png,99,99,2,8,,,FALSE,6,Paradise Jam - Island Division,STATUS_FINAL,2,FALSE,99,"[{'abbreviation': 'Game', 'name': 'overall', 'summary': '5-2', 'type': 'total'}
 {'abbreviation': None, 'name': 'Home', 'summary': '5-0', 'type': 'home'}
 {'abbreviation': None, 'name': 'Road', 'summary': '0-1', 'type': 'road'}
 {'abbreviation': None, 'name': 'vs. Conf.', 'summary': '0-0', 'type': 'vsconf'}]",8,TRUE,99,"[{'abbreviation': 'Game', 'name': 'overall', 'summary': '7-0', 'type': 'total'}
 {'abbreviation': None, 'name': 'Home', 'summary': '5-0', 'type': 'home'}
 {'abbreviation': None, 'name': 'Road', 'summary': '1-0', 'type': 'road'}
 {'abbreviation': None, 'name': 'vs. Conf.', 'summary': '0-0', 'type': 'vsconf'}]",,,VT,BYU,6a2c3e,0047ba,cf4520,002e5d,VT,6a2c3e,cf4520,BYU,0047ba,002e5d,https://raw.githubusercontent.com/sportsdataverse/wehoop-wbb-raw/main/wbb/json/final/401823677.json,2025-11-27T22:30Z,TRUE,,
401817826,2025-11-27T21:00Z,NC State,Green Bay,Neutral,W,79,67,https://a.espncdn.com/i/teamlogos/ncaa/500/152.png,https://a.espncdn.com/i/teamlogos/ncaa/500/2739.png,25,99,2,45,,,FALSE,6,Cancun Challenge - Yucatan Division,STATUS_FINAL,45,FALSE,99,"[{'abbreviation': 'Game', 'name': 'overall', 'summary': '5-2', 'type': 'total'}
 {'abbreviation': None, 'name': 'Home', 'summary': '4-0', 'type': 'home'}
 {'abbreviation': None, 'name': 'Road', 'summary': '1-1', 'type': 'road'}
 {'abbreviation': None, 'name': 'vs. Conf.', 'summary': '0-0', 'type': 'vsconf'}]",2,TRUE,25,"[{'abbreviation': 'Game', 'name': 'overall', 'summary': '4-3', 'type': 'total'}
 {'abbreviation': None, 'name': 'Home', 'summary': '2-2', 'type': 'home'}
 {'abbreviation': None, 'name': 'Road', 'summary': '0-0', 'type': 'road'}
 {'abbreviation': None, 'name': 'vs. Conf.', 'summary': '0-0', 'type': 'vsconf'}]",,,NCSU,GB,cc0000,6633,ffffff,ffffff,GB,6633,ffffff,NCSU,cc0000,ffffff,https://raw.githubusercontent.com/sportsdataverse/wehoop-wbb-raw/main/wbb/json/final/401817826.json,2025-11-27T21:00Z,TRUE,,
401822990,2025-11-27T20:00Z,Texas Tech,North Texas,Neutral,W,67,47,https://a.espncdn.com/i/teamlogos/ncaa/500/2641.png,https://a.espncdn.com/i/teamlogos/ncaa/500/249.png,99,99,8,62,,,FALSE,1,Hoopfest Women’s Basketball Classic,STATUS_FINAL,62,FALSE,99,"[{'abbreviation': 'Game', 'name': 'overall', 'summary': '5-2', 'type': 'total'}
 {'abbreviation': None, 'name': 'Home', 'summary': '3-1', 'type': 'home'}
 {'abbreviation': None, 'name': 'Road', 'summary': '1-0', 'type': 'road'}
 {'abbreviation': None, 'name': 'vs. Conf.', 'summary': '0-0', 'type': 'vsconf'}]",8,TRUE,99,"[{'abbreviation': 'Game', 'name': 'overall', 'summary': '9-0', 'type': 'total'}
 {'abbreviation': None, 'name': 'Home', 'summary': '6-0', 'type': 'home'}
 {'abbreviation': None, 'name': 'Road', 'summary': '1-0', 'type': 'road'}
 {'abbreviation': None, 'name': 'vs. Conf.', 'summary': '0-0', 'type': 'vsconf'}]",,,TTU,UNT,da291c,068f33,0,ffffff,UNT,068f33,ffffff,TTU,da291c,0,https://raw.githubusercontent.com/sportsdataverse/wehoop-wbb-raw/main/wbb/json/final/401822990.json,2025-11-27T20:00Z,TRUE,,
401818643,2025-11-27T20:00Z,Maryland,Hofstra,Neutral,W,95,38,https://a.espncdn.com/i/teamlogos/ncaa/500/120.png,https://a.espncdn.com/i/teamlogos/ncaa/500/2275.png,7,99,7,10,,,FALSE,6,Puerto Rico Shootout,STATUS_FINAL,10,FALSE,99,"[{'abbreviation': 'Game', 'name': 'overall', 'summary': '1-4', 'type': 'total'}
 {'abbreviation': None, 'name': 'Home', 'summary': '0-2', 'type': 'home'}
 {'abbreviation': None, 'name': 'Road', 'summary': '1-1', 'type': 'road'}
 {'abbreviation': None, 'name': 'vs. Conf.', 'summary': '0-0', 'type': 'vsconf'}]",7,TRUE,7,"[{'abbreviation': 'Game', 'name': 'overall', 'summary': '9-0', 'type': 'total'}
 {'abbreviation': None, 'name': 'Home', 'summary': '7-0', 'type': 'home'}
 {'abbreviation': None, 'name': 'Road', 'summary': '0-0', 'type': 'road'}
 {'abbreviation': None, 'name': 'vs. Conf.', 'summary': '0-0', 'type': 'vsconf'}]",,,MD,HOF,ce1126,3594,ffffff,ffc72c,HOF,3594,ffc72c,MD,ce1126,ffffff,https://raw.githubusercontent.com/sportsdataverse/wehoop-wbb-raw/main/wbb/json/final/401818643.json,2025-11-27T20:00Z,TRUE,,
401818681,2025-11-27T17:00Z,Oregon,Old Dominion,Neutral,W,84,46,https://a.espncdn.com/i/teamlogos/ncaa/500/2483.png,https://a.espncdn.com/i/teamlogos/ncaa/500/295.png,99,99,7,27,,,FALSE,6,Hoopfest Women’s Basketball Classic,STATUS_FINAL,27,FALSE,99,"[{'abbreviation': 'Game', 'name': 'overall', 'summary': '5-3', 'type': 'total'}
 {'abbreviation': None, 'name': 'Home', 'summary': '3-1', 'type': 'home'}
 {'abbreviation': None, 'name': 'Road', 'summary': '2-0', 'type': 'road'}
 {'abbreviation': None, 'name': 'vs. Conf.', 'summary': '0-0', 'type': 'vsconf'}]",7,TRUE,99,"[{'abbreviation': 'Game', 'name': 'overall', 'summary': '8-0', 'type': 'total'}
 {'abbreviation': None, 'name': 'Home', 'summary': '5-0', 'type': 'home'}
 {'abbreviation': None, 'name': 'Road', 'summary': '1-0', 'type': 'road'}
 {'abbreviation': None, 'name': 'vs. Conf.', 'summary': '0-0', 'type': 'vsconf'}]",,,ORE,ODU,00934b,3768,fff41b,a1d2f1,ODU,3768,a1d2f1,ORE,00934b,fff41b,https://raw.githubusercontent.com/sportsdataverse/wehoop-wbb-raw/main/wbb/json/final/401818681.json,2025-11-27T17:00Z,TRUE,,
401817825,2025-11-27T16:00Z,UNC,South Dakota State,Neutral,W,83,48,https://a.espncdn.com/i/teamlogos/ncaa/500/153.png,https://a.espncdn.com/i/teamlogos/ncaa/500/2571.png,12,99,2,47,,,FALSE,6,Cancun Challenge - Mayan Division,STATUS_FINAL,47,FALSE,99,"[{'abbreviation': 'Game', 'name': 'overall', 'summary': '5-1', 'type': 'total'}
 {'abbreviation': None, 'name': 'Home', 'summary': '2-0', 'type': 'home'}
 {'abbreviation': None, 'name': 'Road', 'summary': '1-0', 'type': 'road'}
 {'abbreviation': None, 'name': 'vs. Conf.', 'summary': '0-0', 'type': 'vsconf'}]",2,TRUE,12,"[{'abbreviation': 'Game', 'name': 'overall', 'summary': '6-1', 'type': 'total'}
 {'abbreviation': None, 'name': 'Home', 'summary': '3-0', 'type': 'home'}
 {'abbreviation': None, 'name': 'Road', 'summary': '1-0', 'type': 'road'}
 {'abbreviation': None, 'name': 'vs. Conf.', 'summary': '0-0', 'type': 'vsconf'}]",,,UNC,SDST,7bafd4,0033a0,13294b,ffd100,SDST,0033a0,ffd100,UNC,7bafd4,13294b,https://raw.githubusercontent.com/sportsdataverse/wehoop-wbb-raw/main/wbb/json/final/401817825.json,2025-11-27T16:00Z,TRUE,,
401818632,2025-11-27T00:30Z,Iowa,Western Illinois,Home,W,86,69,https://a.espncdn.com/i/teamlogos/ncaa/500/2294.png,https://a.espncdn.com/i/teamlogos/ncaa/500/2710.png,11,99,7,20,,,FALSE,1,,STATUS_FINAL,7,TRUE,11,"[{'abbreviation': 'Game', 'name': 'overall', 'summary': '7-0', 'type': 'total'}
 {'abbreviation': None, 'name': 'Home', 'summary': '4-0', 'type': 'home'}
 {'abbreviation': None, 'name': 'Road', 'summary': '1-0', 'type': 'road'}
 {'abbreviation': None, 'name': 'vs. Conf.', 'summary': '0-0', 'type': 'vsconf'}]",20,FALSE,99,"[{'abbreviation': 'Game', 'name': 'overall', 'summary': '4-1', 'type': 'total'}
 {'abbreviation': None, 'name': 'Home', 'summary': '3-0', 'type': 'home'}
 {'abbreviation': None, 'name': 'Road', 'summary': '1-1', 'type': 'road'}
 {'abbreviation': None, 'name': 'vs. Conf.', 'summary': '0-0', 'type': 'vsconf'}]",,,IOWA,WIU,231f20,4e1e8a,fcd116,ffc90a,IOWA,231f20,fcd116,WIU,4e1e8a,ffc90a,https://raw.githubusercontent.com/sportsdataverse/wehoop-wbb-raw/main/wbb/json/final/401818632.json,2025-11-27T00:30Z,TRUE,,
401818621,2025-11-27T00:00Z,Illinois,Western Kentucky,Home,W,70,41,https://a.espncdn.com/i/teamlogos/ncaa/500/356.png,https://a.espncdn.com/i/teamlogos/ncaa/500/98.png,99,99,7,11,,,FALSE,1,,STATUS_FINAL,7,TRUE,99,"[{'abbreviation': 'Game', 'name': 'overall', 'summary': '5-1', 'type': 'total'}
 {'abbreviation': None, 'name': 'Home', 'summary': '4-0', 'type': 'home'}
 {'abbreviation': None, 'name': 'Road', 'summary': '1-1', 'type': 'road'}
 {'abbreviation': None, 'name': 'vs. Conf.', 'summary': '0-0', 'type': 'vsconf'}]",11,FALSE,99,"[{'abbreviation': 'Game', 'name': 'overall', 'summary': '2-4', 'type': 'total'}
 {'abbreviation': None, 'name': 'Home', 'summary': '2-2', 'type': 'home'}
 {'abbreviation': None, 'name': 'Road', 'summary': '0-2', 'type': 'road'}
 {'abbreviation': None, 'name': 'vs. Conf.', 'summary': '0-0', 'type': 'vsconf'}]",,,ILL,WKU,ff5f05,e13a3e,13294b,ffffff,ILL,ff5f05,13294b,WKU,e13a3e,ffffff,https://raw.githubusercontent.com/sportsdataverse/wehoop-wbb-raw/main/wbb/json/final/401818621.json,2025-11-27T00:00Z,TRUE,,
401818582,2025-11-26T22:30Z,Maryland,Kentucky,Neutral,W,74,66,https://a.espncdn.com/i/teamlogos/ncaa/500/120.png,https://a.espncdn.com/i/teamlogos/ncaa/500/96.png,7,16,7,23,,,FALSE,6,Puerto Rico Shootout,STATUS_FINAL,7,TRUE,7,"[{'abbreviation': 'Game', 'name': 'overall', 'summary': '8-0', 'type': 'total'}
 {'abbreviation': None, 'name': 'Home', 'summary': '7-0', 'type': 'home'}
 {'abbreviation': None, 'name': 'Road', 'summary': '0-0', 'type': 'road'}
 {'abbreviation': None, 'name': 'vs. Conf.', 'summary': '0-0', 'type': 'vsconf'}]",23,FALSE,16,"[{'abbreviation': 'Game', 'name': 'overall', 'summary': '7-1', 'type': 'total'}
 {'abbreviation': None, 'name': 'Home', 'summary': '4-0', 'type': 'home'}
 {'abbreviation': None, 'name': 'Road', 'summary': '3-0', 'type': 'road'}
 {'abbreviation': None, 'name': 'vs. Conf.', 'summary': '0-0', 'type': 'vsconf'}]",,,MD,UK,ce1126,0033a0,ffffff,ffffff,MD,ce1126,ffffff,UK,0033a0,ffffff,https://raw.githubusercontent.com/sportsdataverse/wehoop-wbb-raw/main/wbb/json/final/401818582.json,2025-11-26T22:30Z,TRUE,,
401818582,2025-11-26T22:30Z,Kentucky,Maryland,Neutral,L,66,74,https://a.espncdn.com/i/teamlogos/ncaa/500/96.png,https://a.espncdn.com/i/teamlogos/ncaa/500/120.png,16,7,23,7,,,FALSE,6,Puerto Rico Shootout,STATUS_FINAL,7,TRUE,7,"[{'abbreviation': 'Game', 'name': 'overall', 'summary': '8-0', 'type': 'total'}
 {'abbreviation': None, 'name': 'Home', 'summary': '7-0', 'type': 'home'}
 {'abbreviation': None, 'name': 'Road', 'summary': '0-0', 'type': 'road'}
 {'abbreviation': None, 'name': 'vs. Conf.', 'summary': '0-0', 'type': 'vsconf'}]",23,FALSE,16,"[{'abbreviation': 'Game', 'name': 'overall', 'summary': '7-1', 'type': 'total'}
 {'abbreviation': None, 'name': 'Home', 'summary': '4-0', 'type': 'home'}
 {'abbreviation': None, 'name': 'Road', 'summary': '3-0', 'type': 'road'}
 {'abbreviation': None, 'name': 'vs. Conf.', 'summary': '0-0', 'type': 'vsconf'}]",,,UK,MD,0033a0,ce1126,ffffff,ffffff,MD,ce1126,ffffff,UK,0033a0,ffffff,https://raw.githubusercontent.com/sportsdataverse/wehoop-wbb-raw/main/wbb/json/final/401818582.json,2025-11-26T22:30Z,TRUE,,
401824763,2025-11-26T22:00Z,Michigan,Detroit Mercy,Away,W,102,53,https://a.espncdn.com/i/teamlogos/ncaa/500/130.png,https://a.espncdn.com/i/teamlogos/ncaa/500/2174.png,6,99,7,45,,,FALSE,1,,STATUS_FINAL,45,FALSE,99,"[{'abbreviation': 'Game', 'name': 'overall', 'summary': '1-4', 'type': 'total'}
 {'abbreviation': None, 'name': 'Home', 'summary': '1-2', 'type': 'home'}
 {'abbreviation': None, 'name': 'Road', 'summary': '0-2', 'type': 'road'}
 {'abbreviation': None, 'name': 'vs. Conf.', 'summary': '0-0', 'type': 'vsconf'}]",7,TRUE,6,"[{'abbreviation': 'Game', 'name': 'overall', 'summary': '6-1', 'type': 'total'}
 {'abbreviation': None, 'name': 'Home', 'summary': '3-0', 'type': 'home'}
 {'abbreviation': None, 'name': 'Road', 'summary': '1-0', 'type': 'road'}
 {'abbreviation': None, 'name': 'vs. Conf.', 'summary': '0-0', 'type': 'vsconf'}]",,,MICH,DETM,00274c,165b9e,ffcb05,d31733,DETM,165b9e,d31733,MICH,00274c,ffcb05,https://raw.githubusercontent.com/sportsdataverse/wehoop-wbb-raw/main/wbb/json/final/401824763.json,2025-11-26T22:00Z,TRUE,,
401811129,2025-11-26T21:30Z,Duke,South Carolina,Neutral,L,66,83,https://a.espncdn.com/i/teamlogos/ncaa/500/150.png,https://a.espncdn.com/i/teamlogos/ncaa/500/2579.png,99,2,2,23,,,FALSE,6,Players Era Championship,STATUS_FINAL,2,FALSE,99,"[{'abbreviation': 'Game', 'name': 'overall', 'summary': '3-4', 'type': 'total'}
 {'abbreviation': None, 'name': 'Home', 'summary': '2-0', 'type': 'home'}
 {'abbreviation': None, 'name': 'Road', 'summary': '1-1', 'type': 'road'}
 {'abbreviation': None, 'name': 'vs. Conf.', 'summary': '0-0', 'type': 'vsconf'}]",23,TRUE,2,"[{'abbreviation': 'Game', 'name': 'overall', 'summary': '7-0', 'type': 'total'}
 {'abbreviation': None, 'name': 'Home', 'summary': '5-0', 'type': 'home'}
 {'abbreviation': None, 'name': 'Road', 'summary': '0-0', 'type': 'road'}
 {'abbreviation': None, 'name': 'vs. Conf.', 'summary': '0-0', 'type': 'vsconf'}]",,,DUKE,SC,00539b,73000a,ffffff,0,DUKE,00539b,ffffff,SC,73000a,0,https://raw.githubusercontent.com/sportsdataverse/wehoop-wbb-raw/main/wbb/json/final/401811129.json,2025-11-26T21:30Z,TRUE,,
401811129,2025-11-26T21:30Z,South Carolina,Duke,Neutral,W,83,66,https://a.espncdn.com/i/teamlogos/ncaa/500/2579.png,https://a.espncdn.com/i/teamlogos/ncaa/500/150.png,2,99,23,2,,,FALSE,6,Players Era Championship,STATUS_FINAL,2,FALSE,99,"[{'abbreviation': 'Game', 'name': 'overall', 'summary': '3-4', 'type': 'total'}
 {'abbreviation': None, 'name': 'Home', 'summary': '2-0', 'type': 'home'}
 {'abbreviation': None, 'name': 'Road', 'summary': '1-1', 'type': 'road'}
 {'abbreviation': None, 'name': 'vs. Conf.', 'summary': '0-0', 'type': 'vsconf'}]",23,TRUE,2,"[{'abbreviation': 'Game', 'name': 'overall', 'summary': '7-0', 'type': 'total'}
 {'abbreviation': None, 'name': 'Home', 'summary': '5-0', 'type': 'home'}
 {'abbreviation': None, 'name': 'Road', 'summary': '0-0', 'type': 'road'}
 {'abbreviation': None, 'name': 'vs. Conf.', 'summary': '0-0', 'type': 'vsconf'}]",,,SC,DUKE,73000a,00539b,0,ffffff,DUKE,00539b,ffffff,SC,73000a,0,https://raw.githubusercontent.com/sportsdataverse/wehoop-wbb-raw/main/wbb/json/final/401811129.json,2025-11-26T21:30Z,TRUE,,
401823634,2025-11-26T21:00Z,Alabama,Minnesota,Neutral,W,63,58,https://a.espncdn.com/i/teamlogos/ncaa/500/333.png,https://a.espncdn.com/i/teamlogos/ncaa/500/135.png,99,99,23,7,,,FALSE,6,Baha Mar Pink Flamingo Championship - Junkanoo Division - Championship Game,STATUS_FINAL,7,FALSE,99,"[{'abbreviation': 'Game', 'name': 'overall', 'summary': '5-2', 'type': 'total'}
 {'abbreviation': None, 'name': 'Home', 'summary': '4-0', 'type': 'home'}
 {'abbreviation': None, 'name': 'Road', 'summary': '0-1', 'type': 'road'}
 {'abbreviation': None, 'name': 'vs. Conf.', 'summary': '0-0', 'type': 'vsconf'}]",23,TRUE,99,"[{'abbreviation': 'Game', 'name': 'overall', 'summary': '7-0', 'type': 'total'}
 {'abbreviation': None, 'name': 'Home', 'summary': '5-0', 'type': 'home'}
 {'abbreviation': None, 'name': 'Road', 'summary': '0-0', 'type': 'road'}
 {'abbreviation': None, 'name': 'vs. Conf.', 'summary': '0-0', 'type': 'vsconf'}]",,,ALA,MINN,9e1b32,5e0a2f,ffffff,fab41c,MINN,5e0a2f,fab41c,ALA,9e1b32,ffffff,https://raw.githubusercontent.com/sportsdataverse/wehoop-wbb-raw/main/wbb/json/final/401823634.json,2025-11-26T21:00Z,TRUE,,
401823634,2025-11-26T21:00Z,Minnesota,Alabama,Neutral,L,58,63,https://a.espncdn.com/i/teamlogos/ncaa/500/135.png,https://a.espncdn.com/i/teamlogos/ncaa/500/333.png,99,99,7,23,,,FALSE,6,Baha Mar Pink Flamingo Championship - Junkanoo Division - Championship Game,STATUS_FINAL,7,FALSE,99,"[{'abbreviation': 'Game', 'name': 'overall', 'summary': '5-2', 'type': 'total'}
 {'abbreviation': None, 'name': 'Home', 'summary': '4-0', 'type': 'home'}
 {'abbreviation': None, 'name': 'Road', 'summary': '0-1', 'type': 'road'}
 {'abbreviation': None, 'name': 'vs. Conf.', 'summary': '0-0', 'type': 'vsconf'}]",23,TRUE,99,"[{'abbreviation': 'Game', 'name': 'overall', 'summary': '7-0', 'type': 'total'}
 {'abbreviation': None, 'name': 'Home', 'summary': '5-0', 'type': 'home'}
 {'abbreviation': None, 'name': 'Road', 'summary': '0-0', 'type': 'road'}
 {'abbreviation': None, 'name': 'vs. Conf.', 'summary': '0-0', 'type': 'vsconf'}]",,,MINN,ALA,5e0a2f,9e1b32,fab41c,ffffff,MINN,5e0a2f,fab41c,ALA,9e1b32,ffffff,https://raw.githubusercontent.com/sportsdataverse/wehoop-wbb-raw/main/wbb/json/final/401823634.json,2025-11-26T21:00Z,TRUE,,
401824183,2025-11-26T20:00Z,Baylor,Louisiana Tech,Home,W,75,46,https://a.espncdn.com/i/teamlogos/ncaa/500/239.png,https://a.espncdn.com/i/teamlogos/ncaa/500/2348.png,15,99,8,11,,,FALSE,1,,STATUS_FINAL,8,TRUE,15,"[{'abbreviation': 'Game', 'name': 'overall', 'summary': '6-1', 'type': 'total'}
 {'abbreviation': None, 'name': 'Home', 'summary': '3-0', 'type': 'home'}
 {'abbreviation': None, 'name': 'Road', 'summary': '1-0', 'type': 'road'}
 {'abbreviation': None, 'name': 'vs. Conf.', 'summary': '0-0', 'type': 'vsconf'}]",11,FALSE,99,"[{'abbreviation': 'Game', 'name': 'overall', 'summary': '3-3', 'type': 'total'}
 {'abbreviation': None, 'name': 'Home', 'summary': '3-0', 'type': 'home'}
 {'abbreviation': None, 'name': 'Road', 'summary': '0-3', 'type': 'road'}
 {'abbreviation': None, 'name': 'vs. Conf.', 'summary': '0-0', 'type': 'vsconf'}]",,,BAY,LT,154734,3087,ffb81c,cb333b,BAY,154734,ffb81c,LT,3087,cb333b,https://raw.githubusercontent.com/sportsdataverse/wehoop-wbb-raw/main/wbb/json/final/401824183.json,2025-11-26T20:00Z,TRUE,,
401818600,2025-11-26T19:00Z,Texas,UCLA,Neutral,W,76,65,https://a.espncdn.com/i/teamlogos/ncaa/500/251.png,https://a.espncdn.com/i/teamlogos/ncaa/500/26.png,4,3,23,7,,,FALSE,6,Players Era Championship,STATUS_FINAL,23,TRUE,4,"[{'abbreviation': 'Game', 'name': 'overall', 'summary': '6-0', 'type': 'total'}
 {'abbreviation': None, 'name': 'Home', 'summary': '5-0', 'type': 'home'}
 {'abbreviation': None, 'name': 'Road', 'summary': '0-0', 'type': 'road'}
 {'abbreviation': None, 'name': 'vs. Conf.', 'summary': '0-0', 'type': 'vsconf'}]",7,FALSE,3,"[{'abbreviation': 'Game', 'name': 'overall', 'summary': '6-1', 'type': 'total'}
 {'abbreviation': None, 'name': 'Home', 'summary': '2-0', 'type': 'home'}
 {'abbreviation': None, 'name': 'Road', 'summary': '0-0', 'type': 'road'}
 {'abbreviation': None, 'name': 'vs. Conf.', 'summary': '0-0', 'type': 'vsconf'}]",,,TEX,UCLA,af5c37,2774ae,ffffff,f2a900,TEX,af5c37,ffffff,UCLA,2774ae,f2a900,https://raw.githubusercontent.com/sportsdataverse/wehoop-wbb-raw/main/wbb/json/final/401818600.json,2025-11-26T19:00Z,TRUE,,
401818600,2025-11-26T19:00Z,UCLA,Texas,Neutral,L,65,76,https://a.espncdn.com/i/teamlogos/ncaa/500/26.png,https://a.espncdn.com/i/teamlogos/ncaa/500/251.png,3,4,7,23,,,FALSE,6,Players Era Championship,STATUS_FINAL,23,TRUE,4,"[{'abbreviation': 'Game', 'name': 'overall', 'summary': '6-0', 'type': 'total'}
 {'abbreviation': None, 'name': 'Home', 'summary': '5-0', 'type': 'home'}
 {'abbreviation': None, 'name': 'Road', 'summary': '0-0', 'type': 'road'}
 {'abbreviation': None, 'name': 'vs. Conf.', 'summary': '0-0', 'type': 'vsconf'}]",7,FALSE,3,"[{'abbreviation': 'Game', 'name': 'overall', 'summary': '6-1', 'type': 'total'}
 {'abbreviation': None, 'name': 'Home', 'summary': '2-0', 'type': 'home'}
 {'abbreviation': None, 'name': 'Road', 'summary': '0-0', 'type': 'road'}
 {'abbreviation': None, 'name': 'vs. Conf.', 'summary': '0-0', 'type': 'vsconf'}]",,,UCLA,TEX,2774ae,af5c37,f2a900,ffffff,TEX,af5c37,ffffff,UCLA,2774ae,f2a900,https://raw.githubusercontent.com/sportsdataverse/wehoop-wbb-raw/main/wbb/json/final/401818600.json,2025-11-26T19:00Z,TRUE,,
401823632,2025-11-26T18:30Z,Ohio State,West Virginia,Neutral,W,83,81,https://a.espncdn.com/i/teamlogos/ncaa/500/194.png,https://a.espncdn.com/i/teamlogos/ncaa/500/277.png,99,21,7,8,,,FALSE,6,Baha Mar Pink Flamingo Championship - Goombay Division - Championship,STATUS_FINAL,7,TRUE,99,"[{'abbreviation': 'Game', 'name': 'overall', 'summary': '5-1', 'type': 'total'}
 {'abbreviation': None, 'name': 'Home', 'summary': '3-0', 'type': 'home'}
 {'abbreviation': None, 'name': 'Road', 'summary': '0-1', 'type': 'road'}
 {'abbreviation': None, 'name': 'vs. Conf.', 'summary': '0-0', 'type': 'vsconf'}]",8,FALSE,21,"[{'abbreviation': 'Game', 'name': 'overall', 'summary': '6-1', 'type': 'total'}
 {'abbreviation': None, 'name': 'Home', 'summary': '4-0', 'type': 'home'}
 {'abbreviation': None, 'name': 'Road', 'summary': '0-0', 'type': 'road'}
 {'abbreviation': None, 'name': 'vs. Conf.', 'summary': '0-0', 'type': 'vsconf'}]",,,OSU,WVU,ba0c2f,eaaa00,a8adb4,2855,OSU,ba0c2f,a8adb4,WVU,eaaa00,2855,https://raw.githubusercontent.com/sportsdataverse/wehoop-wbb-raw/main/wbb/json/final/401823632.json,2025-11-26T18:30Z,TRUE,,
401823632,2025-11-26T18:30Z,West Virginia,Ohio State,Neutral,L,81,83,https://a.espncdn.com/i/teamlogos/ncaa/500/277.png,https://a.espncdn.com/i/teamlogos/ncaa/500/194.png,21,99,8,7,,,FALSE,6,Baha Mar Pink Flamingo Championship - Goombay Division - Championship,STATUS_FINAL,7,TRUE,99,"[{'abbreviation': 'Game', 'name': 'overall', 'summary': '5-1', 'type': 'total'}
 {'abbreviation': None, 'name': 'Home', 'summary': '3-0', 'type': 'home'}
 {'abbreviation': None, 'name': 'Road', 'summary': '0-1', 'type': 'road'}
 {'abbreviation': None, 'name': 'vs. Conf.', 'summary': '0-0', 'type': 'vsconf'}]",8,FALSE,21,"[{'abbreviation': 'Game', 'name': 'overall', 'summary': '6-1', 'type': 'total'}
 {'abbreviation': None, 'name': 'Home', 'summary': '4-0', 'type': 'home'}
 {'abbreviation': None, 'name': 'Road', 'summary': '0-0', 'type': 'road'}
 {'abbreviation': None, 'name': 'vs. Conf.', 'summary': '0-0', 'type': 'vsconf'}]",,,WVU,OSU,eaaa00,ba0c2f,2855,a8adb4,OSU,ba0c2f,a8adb4,WVU,eaaa00,2855,https://raw.githubusercontent.com/sportsdataverse/wehoop-wbb-raw/main/wbb/json/final/401823632.json,2025-11-26T18:30Z,TRUE,,
401825006,2025-11-26T18:00Z,Rhode Island,Princeton,Home,L,59,67,https://a.espncdn.com/i/teamlogos/ncaa/500/227.png,https://a.espncdn.com/i/teamlogos/ncaa/500/163.png,99,99,3,12,,,FALSE,1,,STATUS_FINAL,3,FALSE,99,"[{'abbreviation': 'Game', 'name': 'overall', 'summary': '6-2', 'type': 'total'}
 {'abbreviation': None, 'name': 'Home', 'summary': '4-1', 'type': 'home'}
 {'abbreviation': None, 'name': 'Road', 'summary': '2-1', 'type': 'road'}
 {'abbreviation': None, 'name': 'vs. Conf.', 'summary': '0-0', 'type': 'vsconf'}]",12,TRUE,99,"[{'abbreviation': 'Game', 'name': 'overall', 'summary': '6-1', 'type': 'total'}
 {'abbreviation': None, 'name': 'Home', 'summary': '1-0', 'type': 'home'}
 {'abbreviation': None, 'name': 'Road', 'summary': '3-1', 'type': 'road'}
 {'abbreviation': None, 'name': 'vs. Conf.', 'summary': '0-0', 'type': 'vsconf'}]",,,URI,PRIN,091f3f,0,5ab3e8,ff6000,URI,091f3f,5ab3e8,PRIN,0,ff6000,https://raw.githubusercontent.com/sportsdataverse/wehoop-wbb-raw/main/wbb/json/final/401825006.json,2025-11-26T18:00Z,TRUE,,
401825006,2025-11-26T18:00Z,Princeton,Rhode Island,Away,W,67,59,https://a.espncdn.com/i/teamlogos/ncaa/500/163.png,https://a.espncdn.com/i/teamlogos/ncaa/500/227.png,99,99,12,3,,,FALSE,1,,STATUS_FINAL,3,FALSE,99,"[{'abbreviation': 'Game', 'name': 'overall', 'summary': '6-2', 'type': 'total'}
 {'abbreviation': None, 'name': 'Home', 'summary': '4-1', 'type': 'home'}
 {'abbreviation': None, 'name': 'Road', 'summary': '2-1', 'type': 'road'}
 {'abbreviation': None, 'name': 'vs. Conf.', 'summary': '0-0', 'type': 'vsconf'}]",12,TRUE,99,"[{'abbreviation': 'Game', 'name': 'overall', 'summary': '6-1', 'type': 'total'}
 {'abbreviation': None, 'name': 'Home', 'summary': '1-0', 'type': 'home'}
 {'abbreviation': None, 'name': 'Road', 'summary': '3-1', 'type': 'road'}
 {'abbreviation': None, 'name': 'vs. Conf.', 'summary': '0-0', 'type': 'vsconf'}]",,,PRIN,URI,0,091f3f,ff6000,5ab3e8,URI,091f3f,5ab3e8,PRIN,0.00E+00,ff6000,https://raw.githubusercontent.com/sportsdataverse/wehoop-wbb-raw/main/wbb/json/final/401825006.json,2025-11-26T18:00Z,TRUE,,
401826673,2025-11-26T03:00Z,USC,Tennessee Tech,Home,W,85,44,https://a.espncdn.com/i/teamlogos/ncaa/500/30.png,https://a.espncdn.com/i/teamlogos/ncaa/500/2635.png,18,99,7,20,,,FALSE,1,,STATUS_FINAL,7,TRUE,18,"[{'abbreviation': 'Game', 'name': 'overall', 'summary': '4-2', 'type': 'total'}
 {'abbreviation': None, 'name': 'Home', 'summary': '3-0', 'type': 'home'}
 {'abbreviation': None, 'name': 'Road', 'summary': '0-1', 'type': 'road'}
 {'abbreviation': None, 'name': 'vs. Conf.', 'summary': '0-0', 'type': 'vsconf'}]",20,FALSE,99,"[{'abbreviation': 'Game', 'name': 'overall', 'summary': '4-2', 'type': 'total'}
 {'abbreviation': None, 'name': 'Home', 'summary': '3-0', 'type': 'home'}
 {'abbreviation': None, 'name': 'Road', 'summary': '1-2', 'type': 'road'}
 {'abbreviation': None, 'name': 'vs. Conf.', 'summary': '0-0', 'type': 'vsconf'}]",,,USC,TNTC,9d2235,5A4099,ffc72c,ffde00,USC,9d2235,ffc72c,TNTC,5A4099,ffde00,https://raw.githubusercontent.com/sportsdataverse/wehoop-wbb-raw/main/wbb/json/final/401826673.json,2025-11-26T03:00Z,TRUE,,
401826678,2025-11-26T02:00Z,Washington,Southern,Home,W,66,40,https://a.espncdn.com/i/teamlogos/ncaa/500/264.png,https://a.espncdn.com/i/teamlogos/ncaa/500/2582.png,22,99,7,26,,,FALSE,1,,STATUS_FINAL,7,TRUE,22,"[{'abbreviation': 'Game', 'name': 'overall', 'summary': '6-0', 'type': 'total'}
 {'abbreviation': None, 'name': 'Home', 'summary': '5-0', 'type': 'home'}
 {'abbreviation': None, 'name': 'Road', 'summary': '1-0', 'type': 'road'}
 {'abbreviation': None, 'name': 'vs. Conf.', 'summary': '0-0', 'type': 'vsconf'}]",26,FALSE,99,"[{'abbreviation': 'Game', 'name': 'overall', 'summary': '1-5', 'type': 'total'}
 {'abbreviation': None, 'name': 'Home', 'summary': '1-0', 'type': 'home'}
 {'abbreviation': None, 'name': 'Road', 'summary': '0-5', 'type': 'road'}
 {'abbreviation': None, 'name': 'vs. Conf.', 'summary': '0-0', 'type': 'vsconf'}]",,,WASH,SOU,33006f,004B97,e8d3a2,ffc82d,WASH,33006f,e8d3a2,SOU,004B97,ffc82d,https://raw.githubusercontent.com/sportsdataverse/wehoop-wbb-raw/main/wbb/json/final/401826678.json,2025-11-26T02:00Z,TRUE,,
401830958,2025-11-26T01:30Z,Nebraska,Virginia,Neutral,W,91,82,https://a.espncdn.com/i/teamlogos/ncaa/500/158.png,https://a.espncdn.com/i/teamlogos/ncaa/500/258.png,99,99,7,2,,,FALSE,6,Emerald Coast Classic - Beach Bracket - Championship,STATUS_FINAL,2,FALSE,99,"[{'abbreviation': 'Game', 'name': 'overall', 'summary': '5-2', 'type': 'total'}
 {'abbreviation': None, 'name': 'Home', 'summary': '4-1', 'type': 'home'}
 {'abbreviation': None, 'name': 'Road', 'summary': '0-0', 'type': 'road'}
 {'abbreviation': None, 'name': 'vs. Conf.', 'summary': '0-0', 'type': 'vsconf'}]",7,TRUE,99,"[{'abbreviation': 'Game', 'name': 'overall', 'summary': '7-0', 'type': 'total'}
 {'abbreviation': None, 'name': 'Home', 'summary': '4-0', 'type': 'home'}
 {'abbreviation': None, 'name': 'Road', 'summary': '0-0', 'type': 'road'}
 {'abbreviation': None, 'name': 'vs. Conf.', 'summary': '0-0', 'type': 'vsconf'}]",,,NEB,UVA,e31937,f84c1e,ffffff,232d4b,UVA,f84c1e,232d4b,NEB,e31937,ffffff,https://raw.githubusercontent.com/sportsdataverse/wehoop-wbb-raw/main/wbb/json/final/401830958.json,2025-11-26T01:30Z,TRUE,,
401830958,2025-11-26T01:30Z,Virginia,Nebraska,Neutral,L,82,91,https://a.espncdn.com/i/teamlogos/ncaa/500/258.png,https://a.espncdn.com/i/teamlogos/ncaa/500/158.png,99,99,2,7,,,FALSE,6,Emerald Coast Classic - Beach Bracket - Championship,STATUS_FINAL,2,FALSE,99,"[{'abbreviation': 'Game', 'name': 'overall', 'summary': '5-2', 'type': 'total'}
 {'abbreviation': None, 'name': 'Home', 'summary': '4-1', 'type': 'home'}
 {'abbreviation': None, 'name': 'Road', 'summary': '0-0', 'type': 'road'}
 {'abbreviation': None, 'name': 'vs. Conf.', 'summary': '0-0', 'type': 'vsconf'}]",7,TRUE,99,"[{'abbreviation': 'Game', 'name': 'overall', 'summary': '7-0', 'type': 'total'}
 {'abbreviation': None, 'name': 'Home', 'summary': '4-0', 'type': 'home'}
 {'abbreviation': None, 'name': 'Road', 'summary': '0-0', 'type': 'road'}
 {'abbreviation': None, 'name': 'vs. Conf.', 'summary': '0-0', 'type': 'vsconf'}]",,,UVA,NEB,f84c1e,e31937,232d4b,ffffff,UVA,f84c1e,232d4b,NEB,e31937,ffffff,https://raw.githubusercontent.com/sportsdataverse/wehoop-wbb-raw/main/wbb/json/final/401830958.json,2025-11-26T01:30Z,TRUE,,
401825936,2025-11-26T00:00Z,Colorado,Texas A&M,Neutral,L,46,59,https://a.espncdn.com/i/teamlogos/ncaa/500/38.png,https://a.espncdn.com/i/teamlogos/ncaa/500/245.png,99,99,8,23,,,FALSE,6,North Shore Showcase,STATUS_FINAL,23,TRUE,99,"[{'abbreviation': 'Game', 'name': 'overall', 'summary': '5-1', 'type': 'total'}
 {'abbreviation': None, 'name': 'Home', 'summary': '2-0', 'type': 'home'}
 {'abbreviation': None, 'name': 'Road', 'summary': '1-0', 'type': 'road'}
 {'abbreviation': None, 'name': 'vs. Conf.', 'summary': '0-0', 'type': 'vsconf'}]",8,FALSE,99,"[{'abbreviation': 'Game', 'name': 'overall', 'summary': '5-2', 'type': 'total'}
 {'abbreviation': None, 'name': 'Home', 'summary': '3-0', 'type': 'home'}
 {'abbreviation': None, 'name': 'Road', 'summary': '0-1', 'type': 'road'}
 {'abbreviation': None, 'name': 'vs. Conf.', 'summary': '0-0', 'type': 'vsconf'}]",,,COLO,TA&M,cfb87c,500000,0,ffffff,TA&M,500000,ffffff,COLO,cfb87c,0,https://raw.githubusercontent.com/sportsdataverse/wehoop-wbb-raw/main/wbb/json/final/401825936.json,2025-11-26T00:00Z,TRUE,,
401824993,2025-11-25T23:30Z,Villanova,La Salle,Away,W,66,54,https://a.espncdn.com/i/teamlogos/ncaa/500/222.png,https://a.espncdn.com/i/teamlogos/ncaa/500/2325.png,99,99,4,3,,,FALSE,1,Big 5 Classic - Campus Game,STATUS_FINAL,3,FALSE,99,"[{'abbreviation': 'Game', 'name': 'overall', 'summary': '5-2', 'type': 'total'}
 {'abbreviation': None, 'name': 'Home', 'summary': '3-1', 'type': 'home'}
 {'abbreviation': None, 'name': 'Road', 'summary': '2-1', 'type': 'road'}
 {'abbreviation': None, 'name': 'vs. Conf.', 'summary': '0-0', 'type': 'vsconf'}]",4,TRUE,99,"[{'abbreviation': 'Game', 'name': 'overall', 'summary': '5-2', 'type': 'total'}
 {'abbreviation': None, 'name': 'Home', 'summary': '2-2', 'type': 'home'}
 {'abbreviation': None, 'name': 'Road', 'summary': '2-0', 'type': 'road'}
 {'abbreviation': None, 'name': 'vs. Conf.', 'summary': '0-0', 'type': 'vsconf'}]",,,VILL,LAS,00205b,3356,13b5ea,ffce00,LAS,3356,ffce00,VILL,00205b,13b5ea,https://raw.githubusercontent.com/sportsdataverse/wehoop-wbb-raw/main/wbb/json/final/401824993.json,2025-11-25T23:30Z,TRUE,,
401822989,2025-11-25T22:30Z,Texas Tech,Old Dominion,Neutral,W,67,42,https://a.espncdn.com/i/teamlogos/ncaa/500/2641.png,https://a.espncdn.com/i/teamlogos/ncaa/500/295.png,99,99,8,27,,,FALSE,1,Hoopfest Women’s Basketball Classic,STATUS_FINAL,8,TRUE,99,"[{'abbreviation': 'Game', 'name': 'overall', 'summary': '8-0', 'type': 'total'}
 {'abbreviation': None, 'name': 'Home', 'summary': '6-0', 'type': 'home'}
 {'abbreviation': None, 'name': 'Road', 'summary': '1-0', 'type': 'road'}
 {'abbreviation': None, 'name': 'vs. Conf.', 'summary': '0-0', 'type': 'vsconf'}]",27,FALSE,99,"[{'abbreviation': 'Game', 'name': 'overall', 'summary': '5-2', 'type': 'total'}
 {'abbreviation': None, 'name': 'Home', 'summary': '3-1', 'type': 'home'}
 {'abbreviation': None, 'name': 'Road', 'summary': '2-0', 'type': 'road'}
 {'abbreviation': None, 'name': 'vs. Conf.', 'summary': '0-0', 'type': 'vsconf'}]",,,TTU,ODU,da291c,3768,0,a1d2f1,TTU,da291c,0,ODU,3768,a1d2f1,https://raw.githubusercontent.com/sportsdataverse/wehoop-wbb-raw/main/wbb/json/final/401822989.json,2025-11-25T22:30Z,TRUE,,
401818680,2025-11-25T19:30Z,Oregon,Saint Mary's,Neutral,W,71,53,https://a.espncdn.com/i/teamlogos/ncaa/500/2483.png,https://a.espncdn.com/i/teamlogos/ncaa/500/2608.png,99,99,7,29,,,FALSE,6,Hoopfest Women’s Basketball Classic,STATUS_FINAL,29,FALSE,99,"[{'abbreviation': 'Game', 'name': 'overall', 'summary': '5-2', 'type': 'total'}
 {'abbreviation': None, 'name': 'Home', 'summary': '3-0', 'type': 'home'}
 {'abbreviation': None, 'name': 'Road', 'summary': '2-1', 'type': 'road'}
 {'abbreviation': None, 'name': 'vs. Conf.', 'summary': '0-0', 'type': 'vsconf'}]",7,TRUE,99,"[{'abbreviation': 'Game', 'name': 'overall', 'summary': '7-0', 'type': 'total'}
 {'abbreviation': None, 'name': 'Home', 'summary': '5-0', 'type': 'home'}
 {'abbreviation': None, 'name': 'Road', 'summary': '1-0', 'type': 'road'}
 {'abbreviation': None, 'name': 'vs. Conf.', 'summary': '0-0', 'type': 'vsconf'}]",,,ORE,SMC,00934b,d80024,fff41b,3057,SMC,d80024,3057,ORE,00934b,fff41b,https://raw.githubusercontent.com/sportsdataverse/wehoop-wbb-raw/main/wbb/json/final/401818680.json,2025-11-25T19:30Z,TRUE,,
401830956,2025-11-25T19:30Z,Mississippi State,Middle Tennessee,Home,W,69,47,https://a.espncdn.com/i/teamlogos/ncaa/500/344.png,https://a.espncdn.com/i/teamlogos/ncaa/500/2393.png,99,99,23,11,,,FALSE,6,Emerald Coast Classic - Bay Bracket - Championship,STATUS_FINAL,23,TRUE,99,"[{'abbreviation': 'Game', 'name': 'overall', 'summary': '6-1', 'type': 'total'}
 {'abbreviation': None, 'name': 'Home', 'summary': '5-0', 'type': 'home'}
 {'abbreviation': None, 'name': 'Road', 'summary': '0-1', 'type': 'road'}
 {'abbreviation': None, 'name': 'vs. Conf.', 'summary': '0-0', 'type': 'vsconf'}]",11,FALSE,99,"[{'abbreviation': 'Game', 'name': 'overall', 'summary': '3-4', 'type': 'total'}
 {'abbreviation': None, 'name': 'Home', 'summary': '1-1', 'type': 'home'}
 {'abbreviation': None, 'name': 'Road', 'summary': '1-3', 'type': 'road'}
 {'abbreviation': None, 'name': 'vs. Conf.', 'summary': '0-0', 'type': 'vsconf'}]",,,MSST,MTSU,5d1725,036eb7,c1c6c8,ffffff,MSST,5d1725,c1c6c8,MTSU,036eb7,ffffff,https://raw.githubusercontent.com/sportsdataverse/wehoop-wbb-raw/main/wbb/json/final/401830956.json,2025-11-25T19:30Z,TRUE,,
401819759,2025-11-25T16:00Z,Fairfield,New Haven,Home,W,79,60,https://a.espncdn.com/i/teamlogos/ncaa/500/2217.png,https://a.espncdn.com/i/teamlogos/ncaa/500/2441.png,99,99,13,19,,,FALSE,1,,STATUS_FINAL,13,TRUE,99,"[{'abbreviation': 'Game', 'name': 'overall', 'summary': '4-1', 'type': 'total'}
 {'abbreviation': None, 'name': 'Home', 'summary': '2-0', 'type': 'home'}
 {'abbreviation': None, 'name': 'Road', 'summary': '1-0', 'type': 'road'}
 {'abbreviation': None, 'name': 'vs. Conf.', 'summary': '0-0', 'type': 'vsconf'}]",19,FALSE,99,"[{'abbreviation': 'Game', 'name': 'overall', 'summary': '2-4', 'type': 'total'}
 {'abbreviation': None, 'name': 'Home', 'summary': '2-2', 'type': 'home'}
 {'abbreviation': None, 'name': 'Road', 'summary': '0-2', 'type': 'road'}
 {'abbreviation': None, 'name': 'vs. Conf.', 'summary': '0-0', 'type': 'vsconf'}]",,,FAIR,NHVN,0,4.10E+43,ebebeb,ffc425,FAIR,0,ebebeb,NHVN,4.10E+43,ffc425,https://raw.githubusercontent.com/sportsdataverse/wehoop-wbb-raw/main/wbb/json/final/401819759.json,2025-11-25T16:00Z,TRUE,,
401824220,2025-11-25T02:00Z,Notre Dame,Central Michigan,Home,W,83,51,https://a.espncdn.com/i/teamlogos/ncaa/500/87.png,https://a.espncdn.com/i/teamlogos/ncaa/500/2117.png,19,99,2,14,,,FALSE,1,,STATUS_FINAL,2,TRUE,19,"[{'abbreviation': 'Game', 'name': 'overall', 'summary': '5-1', 'type': 'total'}
 {'abbreviation': None, 'name': 'Home', 'summary': '5-0', 'type': 'home'}
 {'abbreviation': None, 'name': 'Road', 'summary': '0-0', 'type': 'road'}
 {'abbreviation': None, 'name': 'vs. Conf.', 'summary': '0-0', 'type': 'vsconf'}]",14,FALSE,99,"[{'abbreviation': 'Game', 'name': 'overall', 'summary': '4-2', 'type': 'total'}
 {'abbreviation': None, 'name': 'Home', 'summary': '2-0', 'type': 'home'}
 {'abbreviation': None, 'name': 'Road', 'summary': '2-2', 'type': 'road'}
 {'abbreviation': None, 'name': 'vs. Conf.', 'summary': '0-0', 'type': 'vsconf'}]",,,ND,CMU,62340,4c0027,c99700,fbab18,ND,62340,c99700,CMU,4c0027,fbab18,https://raw.githubusercontent.com/sportsdataverse/wehoop-wbb-raw/main/wbb/json/final/401824220.json,2025-11-25T02:00Z,TRUE,,
401823672,2025-11-25T01:30Z,Virginia,Northwestern State,Neutral,W,69,48,https://a.espncdn.com/i/teamlogos/ncaa/500/258.png,https://a.espncdn.com/i/teamlogos/ncaa/500/2466.png,99,99,2,25,,,FALSE,6,Emerald Coast Classic - Beach Bracket,STATUS_FINAL,2,TRUE,99,"[{'abbreviation': 'Game', 'name': 'overall', 'summary': '5-1', 'type': 'total'}
 {'abbreviation': None, 'name': 'Home', 'summary': '4-1', 'type': 'home'}
 {'abbreviation': None, 'name': 'Road', 'summary': '0-0', 'type': 'road'}
 {'abbreviation': None, 'name': 'vs. Conf.', 'summary': '0-0', 'type': 'vsconf'}]",25,FALSE,99,"[{'abbreviation': 'Game', 'name': 'overall', 'summary': '3-3', 'type': 'total'}
 {'abbreviation': None, 'name': 'Home', 'summary': '2-0', 'type': 'home'}
 {'abbreviation': None, 'name': 'Road', 'summary': '1-2', 'type': 'road'}
 {'abbreviation': None, 'name': 'vs. Conf.', 'summary': '0-0', 'type': 'vsconf'}]",,,UVA,NWST,f84c1e,492F91,232d4b,ed6118,UVA,f84c1e,232d4b,NWST,492F91,ed6118,https://raw.githubusercontent.com/sportsdataverse/wehoop-wbb-raw/main/wbb/json/final/401823672.json,2025-11-25T01:30Z,TRUE,,
401820511,2025-11-25T00:30Z,Oklahoma State,Texas A&M-Corpus Christi,Home,W,98,45,https://a.espncdn.com/i/teamlogos/ncaa/500/197.png,https://a.espncdn.com/i/teamlogos/ncaa/500/357.png,24,99,8,25,,,FALSE,1,,STATUS_FINAL,8,TRUE,24,"[{'abbreviation': 'Game', 'name': 'overall', 'summary': '6-1', 'type': 'total'}
 {'abbreviation': None, 'name': 'Home', 'summary': '6-0', 'type': 'home'}
 {'abbreviation': None, 'name': 'Road', 'summary': '0-1', 'type': 'road'}
 {'abbreviation': None, 'name': 'vs. Conf.', 'summary': '0-0', 'type': 'vsconf'}]",25,FALSE,99,"[{'abbreviation': 'Game', 'name': 'overall', 'summary': '1-4', 'type': 'total'}
 {'abbreviation': None, 'name': 'Home', 'summary': '1-2', 'type': 'home'}
 {'abbreviation': None, 'name': 'Road', 'summary': '0-2', 'type': 'road'}
 {'abbreviation': None, 'name': 'vs. Conf.', 'summary': '0-0', 'type': 'vsconf'}]",,,OKST,AMCC,fe5c00,0067c5,0,007f3e,OKST,fe5c00,0,AMCC,0067c5,007f3e,https://raw.githubusercontent.com/sportsdataverse/wehoop-wbb-raw/main/wbb/json/final/401820511.json,2025-11-25T00:30Z,TRUE,,
401822139,2025-11-25T00:30Z,Colorado,VCU,Neutral,W,69,58,https://a.espncdn.com/i/teamlogos/ncaa/500/38.png,https://a.espncdn.com/i/teamlogos/ncaa/500/2670.png,99,99,8,3,,,FALSE,6,North Shore Showcase,STATUS_FINAL,8,TRUE,99,"[{'abbreviation': 'Game', 'name': 'overall', 'summary': '5-1', 'type': 'total'}
 {'abbreviation': None, 'name': 'Home', 'summary': '3-0', 'type': 'home'}
 {'abbreviation': None, 'name': 'Road', 'summary': '0-1', 'type': 'road'}
 {'abbreviation': None, 'name': 'vs. Conf.', 'summary': '0-0', 'type': 'vsconf'}]",3,FALSE,99,"[{'abbreviation': 'Game', 'name': 'overall', 'summary': '3-3', 'type': 'total'}
 {'abbreviation': None, 'name': 'Home', 'summary': '3-0', 'type': 'home'}
 {'abbreviation': None, 'name': 'Road', 'summary': '0-0', 'type': 'road'}
 {'abbreviation': None, 'name': 'vs. Conf.', 'summary': '0-0', 'type': 'vsconf'}]",,,COLO,VCU,cfb87c,ffaf00,0,0,COLO,cfb87c,0,VCU,ffaf00,0,https://raw.githubusercontent.com/sportsdataverse/wehoop-wbb-raw/main/wbb/json/final/401822139.json,2025-11-25T00:30Z,TRUE,,
401824973,2025-11-25T00:00Z,Ole Miss,Longwood,Home,W,102,50,https://a.espncdn.com/i/teamlogos/ncaa/500/145.png,https://a.espncdn.com/i/teamlogos/ncaa/500/2344.png,13,99,23,6,,,FALSE,1,,STATUS_FINAL,23,TRUE,13,"[{'abbreviation': 'Game', 'name': 'overall', 'summary': '5-0', 'type': 'total'}
 {'abbreviation': None, 'name': 'Home', 'summary': '3-0', 'type': 'home'}
 {'abbreviation': None, 'name': 'Road', 'summary': '2-0', 'type': 'road'}
 {'abbreviation': None, 'name': 'vs. Conf.', 'summary': '0-0', 'type': 'vsconf'}]",6,FALSE,99,"[{'abbreviation': 'Game', 'name': 'overall', 'summary': '4-3', 'type': 'total'}
 {'abbreviation': None, 'name': 'Home', 'summary': '4-0', 'type': 'home'}
 {'abbreviation': None, 'name': 'Road', 'summary': '0-3', 'type': 'road'}
 {'abbreviation': None, 'name': 'vs. Conf.', 'summary': '0-0', 'type': 'vsconf'}]",,,MISS,LONG,13294b,3273,cf142b,9ea2a3,MISS,13294b,cf142b,LONG,3273,9ea2a3,https://raw.githubusercontent.com/sportsdataverse/wehoop-wbb-raw/main/wbb/json/final/401824973.json,2025-11-25T00:00Z,TRUE,,
401818520,2025-11-25T00:00Z,Florida,Florida Atlantic,Away,W,59,51,https://a.espncdn.com/i/teamlogos/ncaa/500/57.png,https://a.espncdn.com/i/teamlogos/ncaa/500/2226.png,99,99,23,62,,,FALSE,1,,STATUS_FINAL,62,FALSE,99,"[{'abbreviation': 'Game', 'name': 'overall', 'summary': '2-3', 'type': 'total'}
 {'abbreviation': None, 'name': 'Home', 'summary': '1-1', 'type': 'home'}
 {'abbreviation': None, 'name': 'Road', 'summary': '1-2', 'type': 'road'}
 {'abbreviation': None, 'name': 'vs. Conf.', 'summary': '0-0', 'type': 'vsconf'}]",23,TRUE,99,"[{'abbreviation': 'Game', 'name': 'overall', 'summary': '6-1', 'type': 'total'}
 {'abbreviation': None, 'name': 'Home', 'summary': '5-0', 'type': 'home'}
 {'abbreviation': None, 'name': 'Road', 'summary': '1-1', 'type': 'road'}
 {'abbreviation': None, 'name': 'vs. Conf.', 'summary': '0-0', 'type': 'vsconf'}]",,,FLA,FAU,0021a5,3366,fa4616,cc0000,FAU,3366,cc0000,FLA,0021a5,fa4616,https://raw.githubusercontent.com/sportsdataverse/wehoop-wbb-raw/main/wbb/json/final/401818520.json,2025-11-25T00:00Z,TRUE,,
401823599,2025-11-24T23:30Z,Alabama,Harvard,Neutral,W,80,60,https://a.espncdn.com/i/teamlogos/ncaa/500/333.png,https://a.espncdn.com/i/teamlogos/ncaa/500/108.png,99,99,23,12,,,FALSE,6,Baha Mar Pink Flamingo Championship - Junkanoo Division,STATUS_FINAL,12,FALSE,99,"[{'abbreviation': 'Game', 'name': 'overall', 'summary': '3-4', 'type': 'total'}
 {'abbreviation': None, 'name': 'Home', 'summary': '1-0', 'type': 'home'}
 {'abbreviation': None, 'name': 'Road', 'summary': '1-3', 'type': 'road'}
 {'abbreviation': None, 'name': 'vs. Conf.', 'summary': '0-0', 'type': 'vsconf'}]",23,TRUE,99,"[{'abbreviation': 'Game', 'name': 'overall', 'summary': '6-0', 'type': 'total'}
 {'abbreviation': None, 'name': 'Home', 'summary': '5-0', 'type': 'home'}
 {'abbreviation': None, 'name': 'Road', 'summary': '0-0', 'type': 'road'}
 {'abbreviation': None, 'name': 'vs. Conf.', 'summary': '0-0', 'type': 'vsconf'}]",,,ALA,HARV,9e1b32,990000,ffffff,dbdbdb,HARV,990000,dbdbdb,ALA,9e1b32,ffffff,https://raw.githubusercontent.com/sportsdataverse/wehoop-wbb-raw/main/wbb/json/final/401823599.json,2025-11-24T23:30Z,TRUE,,
401818651,2025-11-24T23:00Z,Nebraska,Purdue Fort Wayne,Neutral,W,80,57,https://a.espncdn.com/i/teamlogos/ncaa/500/158.png,https://a.espncdn.com/i/teamlogos/ncaa/500/2870.png,99,99,7,45,,,FALSE,6,Emerald Coast Classic - Beach Bracket,STATUS_FINAL,45,FALSE,99,"[{'abbreviation': 'Game', 'name': 'overall', 'summary': '3-3', 'type': 'total'}
 {'abbreviation': None, 'name': 'Home', 'summary': '3-0', 'type': 'home'}
 {'abbreviation': None, 'name': 'Road', 'summary': '0-2', 'type': 'road'}
 {'abbreviation': None, 'name': 'vs. Conf.', 'summary': '0-0', 'type': 'vsconf'}]",7,TRUE,99,"[{'abbreviation': 'Game', 'name': 'overall', 'summary': '6-0', 'type': 'total'}
 {'abbreviation': None, 'name': 'Home', 'summary': '4-0', 'type': 'home'}
 {'abbreviation': None, 'name': 'Road', 'summary': '0-0', 'type': 'road'}
 {'abbreviation': None, 'name': 'vs. Conf.', 'summary': '0-0', 'type': 'vsconf'}]",,,NEB,PFW,e31937,cfb991,ffffff,0,PFW,cfb991,0,NEB,e31937,ffffff,https://raw.githubusercontent.com/sportsdataverse/wehoop-wbb-raw/main/wbb/json/final/401818651.json,2025-11-24T23:00Z,TRUE,,
401823598,2025-11-24T21:00Z,Minnesota,South Florida,Neutral,W,57,45,https://a.espncdn.com/i/teamlogos/ncaa/500/135.png,https://a.espncdn.com/i/teamlogos/ncaa/500/58.png,99,99,7,62,,,FALSE,6,Baha Mar Pink Flamingo Championship - Junkanoo Division,STATUS_FINAL,7,TRUE,99,"[{'abbreviation': 'Game', 'name': 'overall', 'summary': '5-1', 'type': 'total'}
 {'abbreviation': None, 'name': 'Home', 'summary': '4-0', 'type': 'home'}
 {'abbreviation': None, 'name': 'Road', 'summary': '0-1', 'type': 'road'}
 {'abbreviation': None, 'name': 'vs. Conf.', 'summary': '0-0', 'type': 'vsconf'}]",62,FALSE,99,"[{'abbreviation': 'Game', 'name': 'overall', 'summary': '3-3', 'type': 'total'}
 {'abbreviation': None, 'name': 'Home', 'summary': '3-0', 'type': 'home'}
 {'abbreviation': None, 'name': 'Road', 'summary': '0-0', 'type': 'road'}
 {'abbreviation': None, 'name': 'vs. Conf.', 'summary': '0-0', 'type': 'vsconf'}]",,,MINN,USF,5e0a2f,6747,fab41c,cfc493,MINN,5e0a2f,fab41c,USF,6747,cfc493,https://raw.githubusercontent.com/sportsdataverse/wehoop-wbb-raw/main/wbb/json/final/401823598.json,2025-11-24T21:00Z,TRUE,,
401822276,2025-11-24T19:30Z,Mississippi State,Alcorn State,Neutral,W,65,51,https://a.espncdn.com/i/teamlogos/ncaa/500/344.png,https://a.espncdn.com/i/teamlogos/ncaa/500/2016.png,99,99,23,26,,,FALSE,6,Emerald Coast Classic - Bay Bracket,STATUS_FINAL,23,TRUE,99,"[{'abbreviation': 'Game', 'name': 'overall', 'summary': '5-1', 'type': 'total'}
 {'abbreviation': None, 'name': 'Home', 'summary': '4-0', 'type': 'home'}
 {'abbreviation': None, 'name': 'Road', 'summary': '0-1', 'type': 'road'}
 {'abbreviation': None, 'name': 'vs. Conf.', 'summary': '0-0', 'type': 'vsconf'}]",26,FALSE,99,"[{'abbreviation': 'Game', 'name': 'overall', 'summary': '2-4', 'type': 'total'}
 {'abbreviation': None, 'name': 'Home', 'summary': '2-1', 'type': 'home'}
 {'abbreviation': None, 'name': 'Road', 'summary': '0-2', 'type': 'road'}
 {'abbreviation': None, 'name': 'vs. Conf.', 'summary': '0-0', 'type': 'vsconf'}]",,,MSST,ALCN,5d1725,4b0058,c1c6c8,46166a,MSST,5d1725,c1c6c8,ALCN,4b0058,46166a,https://raw.githubusercontent.com/sportsdataverse/wehoop-wbb-raw/main/wbb/json/final/401822276.json,2025-11-24T19:30Z,TRUE,,
401823631,2025-11-24T18:30Z,West Virginia,McNeese,Neutral,W,83,63,https://a.espncdn.com/i/teamlogos/ncaa/500/277.png,https://a.espncdn.com/i/teamlogos/ncaa/500/2377.png,21,99,8,25,,,FALSE,6,Baha Mar Pink Flamingo Championship - Goombay Division,STATUS_FINAL,8,TRUE,21,"[{'abbreviation': 'Game', 'name': 'overall', 'summary': '6-0', 'type': 'total'}
 {'abbreviation': None, 'name': 'Home', 'summary': '4-0', 'type': 'home'}
 {'abbreviation': None, 'name': 'Road', 'summary': '0-0', 'type': 'road'}
 {'abbreviation': None, 'name': 'vs. Conf.', 'summary': '0-0', 'type': 'vsconf'}]",25,FALSE,99,"[{'abbreviation': 'Game', 'name': 'overall', 'summary': '3-2', 'type': 'total'}
 {'abbreviation': None, 'name': 'Home', 'summary': '2-0', 'type': 'home'}
 {'abbreviation': None, 'name': 'Road', 'summary': '1-1', 'type': 'road'}
 {'abbreviation': None, 'name': 'vs. Conf.', 'summary': '0-0', 'type': 'vsconf'}]",,,WVU,MCN,eaaa00,00529C,2855,ffd204,WVU,eaaa00,2855,MCN,00529C,ffd204,https://raw.githubusercontent.com/sportsdataverse/wehoop-wbb-raw/main/wbb/json/final/401823631.json,2025-11-24T18:30Z,TRUE,,
401823597,2025-11-24T16:00Z,Ohio State,Belmont,Neutral,W,68,56,https://a.espncdn.com/i/teamlogos/ncaa/500/194.png,https://a.espncdn.com/i/teamlogos/ncaa/500/2057.png,99,99,7,18,,,FALSE,6,Baha Mar Pink Flamingo Championship - Goombay Division,STATUS_FINAL,7,TRUE,99,"[{'abbreviation': 'Game', 'name': 'overall', 'summary': '4-1', 'type': 'total'}
 {'abbreviation': None, 'name': 'Home', 'summary': '3-0', 'type': 'home'}
 {'abbreviation': None, 'name': 'Road', 'summary': '0-1', 'type': 'road'}
 {'abbreviation': None, 'name': 'vs. Conf.', 'summary': '0-0', 'type': 'vsconf'}]",18,FALSE,99,"[{'abbreviation': 'Game', 'name': 'overall', 'summary': '3-3', 'type': 'total'}
 {'abbreviation': None, 'name': 'Home', 'summary': '2-0', 'type': 'home'}
 {'abbreviation': None, 'name': 'Road', 'summary': '1-2', 'type': 'road'}
 {'abbreviation': None, 'name': 'vs. Conf.', 'summary': '0-0', 'type': 'vsconf'}]",,,OSU,BEL,ba0c2f,182142,a8adb4,c9262d,OSU,ba0c2f,a8adb4,BEL,182142,c9262d,https://raw.githubusercontent.com/sportsdataverse/wehoop-wbb-raw/main/wbb/json/final/401823597.json,2025-11-24T16:00Z,TRUE,,
401807520,2025-11-23T23:00Z,UNC,UNC Greensboro,Home,W,94,48,https://a.espncdn.com/i/teamlogos/ncaa/500/153.png,https://a.espncdn.com/i/teamlogos/ncaa/500/2430.png,14,99,2,24,,,FALSE,1,,STATUS_FINAL,2,TRUE,14,"[{'abbreviation': 'Game', 'name': 'overall', 'summary': '5-1', 'type': 'total'}
 {'abbreviation': None, 'name': 'Home', 'summary': '3-0', 'type': 'home'}
 {'abbreviation': None, 'name': 'Road', 'summary': '1-0', 'type': 'road'}
 {'abbreviation': None, 'name': 'vs. Conf.', 'summary': '0-0', 'type': 'vsconf'}]",24,FALSE,99,"[{'abbreviation': 'Game', 'name': 'overall', 'summary': '2-4', 'type': 'total'}
 {'abbreviation': None, 'name': 'Home', 'summary': '1-0', 'type': 'home'}
 {'abbreviation': None, 'name': 'Road', 'summary': '1-4', 'type': 'road'}
 {'abbreviation': None, 'name': 'vs. Conf.', 'summary': '0-0', 'type': 'vsconf'}]",,,UNC,UNCG,7bafd4,3559,13294b,ffd90a,UNC,7bafd4,13294b,UNCG,3559,ffd90a,https://raw.githubusercontent.com/sportsdataverse/wehoop-wbb-raw/main/wbb/json/final/401807520.json,2025-11-23T23:00Z,TRUE,,
401825038,2025-11-23T22:00Z,Washington,Vermont,Home,W,71,39,https://a.espncdn.com/i/teamlogos/ncaa/500/264.png,https://a.espncdn.com/i/teamlogos/ncaa/500/261.png,25,99,7,1,,,FALSE,1,,STATUS_FINAL,7,TRUE,25,"[{'abbreviation': 'Game', 'name': 'overall', 'summary': '5-0', 'type': 'total'}
 {'abbreviation': None, 'name': 'Home', 'summary': '4-0', 'type': 'home'}
 {'abbreviation': None, 'name': 'Road', 'summary': '1-0', 'type': 'road'}
 {'abbreviation': None, 'name': 'vs. Conf.', 'summary': '0-0', 'type': 'vsconf'}]",1,FALSE,99,"[{'abbreviation': 'Game', 'name': 'overall', 'summary': '4-2', 'type': 'total'}
 {'abbreviation': None, 'name': 'Home', 'summary': '3-0', 'type': 'home'}
 {'abbreviation': None, 'name': 'Road', 'summary': '1-2', 'type': 'road'}
 {'abbreviation': None, 'name': 'vs. Conf.', 'summary': '0-0', 'type': 'vsconf'}]",,,WASH,UVM,33006f,154734,e8d3a2,ffc72c,WASH,33006f,e8d3a2,UVM,154734,ffc72c,https://raw.githubusercontent.com/sportsdataverse/wehoop-wbb-raw/main/wbb/json/final/401825038.json,2025-11-23T22:00Z,TRUE,,
401818679,2025-11-23T22:00Z,Oregon,Utah State,Home,W,70,34,https://a.espncdn.com/i/teamlogos/ncaa/500/2483.png,https://a.espncdn.com/i/teamlogos/ncaa/500/328.png,99,99,7,44,,,FALSE,1,,STATUS_FINAL,7,TRUE,99,"[{'abbreviation': 'Game', 'name': 'overall', 'summary': '6-0', 'type': 'total'}
 {'abbreviation': None, 'name': 'Home', 'summary': '5-0', 'type': 'home'}
 {'abbreviation': None, 'name': 'Road', 'summary': '1-0', 'type': 'road'}
 {'abbreviation': None, 'name': 'vs. Conf.', 'summary': '0-0', 'type': 'vsconf'}]",44,FALSE,99,"[{'abbreviation': 'Game', 'name': 'overall', 'summary': '3-3', 'type': 'total'}
 {'abbreviation': None, 'name': 'Home', 'summary': '2-1', 'type': 'home'}
 {'abbreviation': None, 'name': 'Road', 'summary': '1-2', 'type': 'road'}
 {'abbreviation': None, 'name': 'vs. Conf.', 'summary': '0-0', 'type': 'vsconf'}]",,,ORE,USU,00934b,0f2439,fff41b,ffffff,ORE,00934b,fff41b,USU,0f2439,ffffff,https://raw.githubusercontent.com/sportsdataverse/wehoop-wbb-raw/main/wbb/json/final/401818679.json,2025-11-23T22:00Z,TRUE,,
401830107,2025-11-23T22:00Z,UCLA,Southern,Home,W,88,37,https://a.espncdn.com/i/teamlogos/ncaa/500/26.png,https://a.espncdn.com/i/teamlogos/ncaa/500/2582.png,3,99,7,26,,,FALSE,1,,STATUS_FINAL,7,TRUE,3,"[{'abbreviation': 'Game', 'name': 'overall', 'summary': '6-0', 'type': 'total'}
 {'abbreviation': None, 'name': 'Home', 'summary': '2-0', 'type': 'home'}
 {'abbreviation': None, 'name': 'Road', 'summary': '0-0', 'type': 'road'}
 {'abbreviation': None, 'name': 'vs. Conf.', 'summary': '0-0', 'type': 'vsconf'}]",26,FALSE,99,"[{'abbreviation': 'Game', 'name': 'overall', 'summary': '1-4', 'type': 'total'}
 {'abbreviation': None, 'name': 'Home', 'summary': '1-0', 'type': 'home'}
 {'abbreviation': None, 'name': 'Road', 'summary': '0-4', 'type': 'road'}
 {'abbreviation': None, 'name': 'vs. Conf.', 'summary': '0-0', 'type': 'vsconf'}]",,,UCLA,SOU,2774ae,004B97,f2a900,ffc82d,UCLA,2774ae,f2a900,SOU,004B97,ffc82d,https://raw.githubusercontent.com/sportsdataverse/wehoop-wbb-raw/main/wbb/json/final/401830107.json,2025-11-23T22:00Z,TRUE,,
401823032,2025-11-23T22:00Z,TCU,UT Rio Grande Valley,Home,W,93,57,https://a.espncdn.com/i/teamlogos/ncaa/500/2628.png,https://a.espncdn.com/i/teamlogos/ncaa/500/292.png,10,99,8,25,,,FALSE,1,,STATUS_FINAL,8,TRUE,10,"[{'abbreviation': 'Game', 'name': 'overall', 'summary': '6-0', 'type': 'total'}
 {'abbreviation': None, 'name': 'Home', 'summary': '5-0', 'type': 'home'}
 {'abbreviation': None, 'name': 'Road', 'summary': '1-0', 'type': 'road'}
 {'abbreviation': None, 'name': 'vs. Conf.', 'summary': '0-0', 'type': 'vsconf'}]",25,FALSE,99,"[{'abbreviation': 'Game', 'name': 'overall', 'summary': '3-3', 'type': 'total'}
 {'abbreviation': None, 'name': 'Home', 'summary': '2-1', 'type': 'home'}
 {'abbreviation': None, 'name': 'Road', 'summary': '1-2', 'type': 'road'}
 {'abbreviation': None, 'name': 'vs. Conf.', 'summary': '0-0', 'type': 'vsconf'}]",,,TCU,RGV,4d1979,dc6000,ffffff,e1732d,TCU,4d1979,ffffff,RGV,dc6000,e1732d,https://raw.githubusercontent.com/sportsdataverse/wehoop-wbb-raw/main/wbb/json/final/401823032.json,2025-11-23T22:00Z,TRUE,,
401819609,2025-11-23T21:00Z,Stanford,Lehigh,Home,W,98,43,https://a.espncdn.com/i/teamlogos/ncaa/500/24.png,https://a.espncdn.com/i/teamlogos/ncaa/500/2329.png,99,99,2,22,,,FALSE,1,,STATUS_FINAL,2,TRUE,99,"[{'abbreviation': 'Game', 'name': 'overall', 'summary': '7-0', 'type': 'total'}
 {'abbreviation': None, 'name': 'Home', 'summary': '5-0', 'type': 'home'}
 {'abbreviation': None, 'name': 'Road', 'summary': '2-0', 'type': 'road'}
 {'abbreviation': None, 'name': 'vs. Conf.', 'summary': '0-0', 'type': 'vsconf'}]",22,FALSE,99,"[{'abbreviation': 'Game', 'name': 'overall', 'summary': '2-4', 'type': 'total'}
 {'abbreviation': None, 'name': 'Home', 'summary': '1-2', 'type': 'home'}
 {'abbreviation': None, 'name': 'Road', 'summary': '1-2', 'type': 'road'}
 {'abbreviation': None, 'name': 'vs. Conf.', 'summary': '0-0', 'type': 'vsconf'}]",,,STAN,LEH,8c1515,6c2b2a,ffffff,b69e70,STAN,8c1515,ffffff,LEH,6c2b2a,b69e70,https://raw.githubusercontent.com/sportsdataverse/wehoop-wbb-raw/main/wbb/json/final/401819609.json,2025-11-23T21:00Z,TRUE,,
401822988,2025-11-23T20:00Z,Texas Tech,New Mexico,Away,W,82,57,https://a.espncdn.com/i/teamlogos/ncaa/500/2641.png,https://a.espncdn.com/i/teamlogos/ncaa/500/167.png,99,99,8,44,,,FALSE,1,,STATUS_FINAL,44,FALSE,99,"[{'abbreviation': 'Game', 'name': 'overall', 'summary': '5-2', 'type': 'total'}
 {'abbreviation': None, 'name': 'Home', 'summary': '4-1', 'type': 'home'}
 {'abbreviation': None, 'name': 'Road', 'summary': '1-1', 'type': 'road'}
 {'abbreviation': None, 'name': 'vs. Conf.', 'summary': '0-0', 'type': 'vsconf'}]",8,TRUE,99,"[{'abbreviation': 'Game', 'name': 'overall', 'summary': '7-0', 'type': 'total'}
 {'abbreviation': None, 'name': 'Home', 'summary': '6-0', 'type': 'home'}
 {'abbreviation': None, 'name': 'Road', 'summary': '1-0', 'type': 'road'}
 {'abbreviation': None, 'name': 'vs. Conf.', 'summary': '0-0', 'type': 'vsconf'}]",,,TTU,UNM,da291c,ba0c2f,0,a7a8aa,UNM,ba0c2f,a7a8aa,TTU,da291c,0,https://raw.githubusercontent.com/sportsdataverse/wehoop-wbb-raw/main/wbb/json/final/401822988.json,2025-11-23T20:00Z,TRUE,,
401818642,2025-11-23T19:30Z,Maryland,George Mason,Home,W,84,62,https://a.espncdn.com/i/teamlogos/ncaa/500/120.png,https://a.espncdn.com/i/teamlogos/ncaa/500/2244.png,9,99,7,3,,,FALSE,1,,STATUS_FINAL,7,TRUE,9,"[{'abbreviation': 'Game', 'name': 'overall', 'summary': '7-0', 'type': 'total'}
 {'abbreviation': None, 'name': 'Home', 'summary': '7-0', 'type': 'home'}
 {'abbreviation': None, 'name': 'Road', 'summary': '0-0', 'type': 'road'}
 {'abbreviation': None, 'name': 'vs. Conf.', 'summary': '0-0', 'type': 'vsconf'}]",3,FALSE,99,"[{'abbreviation': 'Game', 'name': 'overall', 'summary': '4-2', 'type': 'total'}
 {'abbreviation': None, 'name': 'Home', 'summary': '3-0', 'type': 'home'}
 {'abbreviation': None, 'name': 'Road', 'summary': '1-2', 'type': 'road'}
 {'abbreviation': None, 'name': 'vs. Conf.', 'summary': '0-0', 'type': 'vsconf'}]",,,MD,GMU,ce1126,16600,ffffff,ecb010,MD,ce1126,ffffff,GMU,16600,ecb010,https://raw.githubusercontent.com/sportsdataverse/wehoop-wbb-raw/main/wbb/json/final/401818642.json,2025-11-23T19:30Z,TRUE,,
401817386,2025-11-23T19:30Z,UConn,Utah,Neutral,W,93,41,https://a.espncdn.com/i/teamlogos/ncaa/500/41.png,https://a.espncdn.com/i/teamlogos/ncaa/500/254.png,1,99,4,8,,,FALSE,1,Hall of Fame Women's Showcase,STATUS_FINAL,4,TRUE,1,"[{'abbreviation': 'Game', 'name': 'overall', 'summary': '6-0', 'type': 'total'}
 {'abbreviation': None, 'name': 'Home', 'summary': '3-0', 'type': 'home'}
 {'abbreviation': None, 'name': 'Road', 'summary': '0-0', 'type': 'road'}
 {'abbreviation': None, 'name': 'vs. Conf.', 'summary': '0-0', 'type': 'vsconf'}]",8,FALSE,99,"[{'abbreviation': 'Game', 'name': 'overall', 'summary': '3-3', 'type': 'total'}
 {'abbreviation': None, 'name': 'Home', 'summary': '2-1', 'type': 'home'}
 {'abbreviation': None, 'name': 'Road', 'summary': '1-0', 'type': 'road'}
 {'abbreviation': None, 'name': 'vs. Conf.', 'summary': '0-0', 'type': 'vsconf'}]",,,CONN,UTAH,0c2340,be0000,a2aaad,ffffff,CONN,0c2340,a2aaad,UTAH,be0000,ffffff,https://raw.githubusercontent.com/sportsdataverse/wehoop-wbb-raw/main/wbb/json/final/401817386.json,2025-11-23T19:30Z,TRUE,,
401818592,2025-11-23T19:00Z,Tennessee,Coppin State,Home,W,88,35,https://a.espncdn.com/i/teamlogos/ncaa/500/2633_ncw.png,https://a.espncdn.com/i/teamlogos/ncaa/500/2154.png,15,99,23,16,,,FALSE,1,,STATUS_FINAL,23,TRUE,15,"[{'abbreviation': 'Game', 'name': 'overall', 'summary': '5-1', 'type': 'total'}
 {'abbreviation': None, 'name': 'Home', 'summary': '3-0', 'type': 'home'}
 {'abbreviation': None, 'name': 'Road', 'summary': '2-0', 'type': 'road'}
 {'abbreviation': None, 'name': 'vs. Conf.', 'summary': '0-0', 'type': 'vsconf'}]",16,FALSE,99,"[{'abbreviation': 'Game', 'name': 'overall', 'summary': '1-5', 'type': 'total'}
 {'abbreviation': None, 'name': 'Home', 'summary': '1-0', 'type': 'home'}
 {'abbreviation': None, 'name': 'Road', 'summary': '0-5', 'type': 'road'}
 {'abbreviation': None, 'name': 'vs. Conf.', 'summary': '0-0', 'type': 'vsconf'}]",,,TENN,COPP,ff8200,2e3192,ffffff,ffd204,TENN,ff8200,ffffff,COPP,2e3192,ffd204,https://raw.githubusercontent.com/sportsdataverse/wehoop-wbb-raw/main/wbb/json/final/401818592.json,2025-11-23T19:00Z,TRUE,,
401817578,2025-11-23T19:00Z,NC State,Rhode Island,Home,L,63,68,https://a.espncdn.com/i/teamlogos/ncaa/500/152.png,https://a.espncdn.com/i/teamlogos/ncaa/500/227.png,16,99,2,3,,,FALSE,1,,STATUS_FINAL,2,FALSE,16,"[{'abbreviation': 'Game', 'name': 'overall', 'summary': '3-3', 'type': 'total'}
 {'abbreviation': None, 'name': 'Home', 'summary': '2-2', 'type': 'home'}
 {'abbreviation': None, 'name': 'Road', 'summary': '0-0', 'type': 'road'}
 {'abbreviation': None, 'name': 'vs. Conf.', 'summary': '0-0', 'type': 'vsconf'}]",3,TRUE,99,"[{'abbreviation': 'Game', 'name': 'overall', 'summary': '6-1', 'type': 'total'}
 {'abbreviation': None, 'name': 'Home', 'summary': '4-0', 'type': 'home'}
 {'abbreviation': None, 'name': 'Road', 'summary': '2-1', 'type': 'road'}
 {'abbreviation': None, 'name': 'vs. Conf.', 'summary': '0-0', 'type': 'vsconf'}]",,,NCSU,URI,cc0000,091f3f,ffffff,5ab3e8,NCSU,cc0000,ffffff,URI,091f3f,5ab3e8,https://raw.githubusercontent.com/sportsdataverse/wehoop-wbb-raw/main/wbb/json/final/401817578.json,2025-11-23T19:00Z,TRUE,,
401819928,2025-11-23T19:00Z,Iowa State,Mercyhurst,Home,W,112,62,https://a.espncdn.com/i/teamlogos/ncaa/500/66.png,https://a.espncdn.com/i/teamlogos/ncaa/500/2385.png,12,99,8,19,,,FALSE,1,,STATUS_FINAL,8,TRUE,12,"[{'abbreviation': 'Game', 'name': 'overall', 'summary': '7-0', 'type': 'total'}
 {'abbreviation': None, 'name': 'Home', 'summary': '6-0', 'type': 'home'}
 {'abbreviation': None, 'name': 'Road', 'summary': '1-0', 'type': 'road'}
 {'abbreviation': None, 'name': 'vs. Conf.', 'summary': '0-0', 'type': 'vsconf'}]",19,FALSE,99,"[{'abbreviation': 'Game', 'name': 'overall', 'summary': '0-5', 'type': 'total'}
 {'abbreviation': None, 'name': 'Home', 'summary': '0-2', 'type': 'home'}
 {'abbreviation': None, 'name': 'Road', 'summary': '0-3', 'type': 'road'}
 {'abbreviation': None, 'name': 'vs. Conf.', 'summary': '0-0', 'type': 'vsconf'}]",,,ISU,MERC,ae192d,0,ffc72a,,ISU,ae192d,ffc72a,MERC,0,,https://raw.githubusercontent.com/sportsdataverse/wehoop-wbb-raw/main/wbb/json/final/401819928.json,2025-11-23T19:00Z,TRUE,,
401825981,2025-11-23T19:00Z,Michigan State,Oakland,Home,W,102,41,https://a.espncdn.com/i/teamlogos/ncaa/500/127.png,https://a.espncdn.com/i/teamlogos/ncaa/500/2473.png,22,99,7,45,,,FALSE,1,,STATUS_FINAL,7,TRUE,22,"[{'abbreviation': 'Game', 'name': 'overall', 'summary': '6-0', 'type': 'total'}
 {'abbreviation': None, 'name': 'Home', 'summary': '6-0', 'type': 'home'}
 {'abbreviation': None, 'name': 'Road', 'summary': '0-0', 'type': 'road'}
 {'abbreviation': None, 'name': 'vs. Conf.', 'summary': '0-0', 'type': 'vsconf'}]",45,FALSE,99,"[{'abbreviation': 'Game', 'name': 'overall', 'summary': '2-4', 'type': 'total'}
 {'abbreviation': None, 'name': 'Home', 'summary': '2-0', 'type': 'home'}
 {'abbreviation': None, 'name': 'Road', 'summary': '0-3', 'type': 'road'}
 {'abbreviation': None, 'name': 'vs. Conf.', 'summary': '0-0', 'type': 'vsconf'}]",,,MSU,OAK,173f35,04091c,ffffff,bc955c,MSU,173f35,ffffff,OAK,04091c,bc955c,https://raw.githubusercontent.com/sportsdataverse/wehoop-wbb-raw/main/wbb/json/final/401825981.json,2025-11-23T19:00Z,TRUE,,
401823060,2025-11-23T19:00Z,Richmond,Navy,Home,W,69,56,https://a.espncdn.com/i/teamlogos/ncaa/500/257.png,https://a.espncdn.com/i/teamlogos/ncaa/500/2426.png,99,99,3,22,,,FALSE,1,,STATUS_FINAL,3,TRUE,99,"[{'abbreviation': 'Game', 'name': 'overall', 'summary': '5-1', 'type': 'total'}
 {'abbreviation': None, 'name': 'Home', 'summary': '3-0', 'type': 'home'}
 {'abbreviation': None, 'name': 'Road', 'summary': '2-1', 'type': 'road'}
 {'abbreviation': None, 'name': 'vs. Conf.', 'summary': '0-0', 'type': 'vsconf'}]",22,FALSE,99,"[{'abbreviation': 'Game', 'name': 'overall', 'summary': '4-1', 'type': 'total'}
 {'abbreviation': None, 'name': 'Home', 'summary': '3-0', 'type': 'home'}
 {'abbreviation': None, 'name': 'Road', 'summary': '1-1', 'type': 'road'}
 {'abbreviation': None, 'name': 'vs. Conf.', 'summary': '0-0', 'type': 'vsconf'}]",,,RICH,NAVY,9e0712,00225b,b90b2e,b5a67c,RICH,9e0712,b90b2e,NAVY,00225b,b5a67c,https://raw.githubusercontent.com/sportsdataverse/wehoop-wbb-raw/main/wbb/json/final/401823060.json,2025-11-23T19:00Z,TRUE,,
401812932,2025-11-23T19:00Z,Georgia,Georgia Tech,Home,W,87,59,https://a.espncdn.com/i/teamlogos/ncaa/500/61.png,https://a.espncdn.com/i/teamlogos/ncaa/500/59.png,99,99,23,2,,,FALSE,1,,STATUS_FINAL,23,TRUE,99,"[{'abbreviation': 'Game', 'name': 'overall', 'summary': '7-0', 'type': 'total'}
 {'abbreviation': None, 'name': 'Home', 'summary': '6-0', 'type': 'home'}
 {'abbreviation': None, 'name': 'Road', 'summary': '1-0', 'type': 'road'}
 {'abbreviation': None, 'name': 'vs. Conf.', 'summary': '0-0', 'type': 'vsconf'}]",2,FALSE,99,"[{'abbreviation': 'Game', 'name': 'overall', 'summary': '3-3', 'type': 'total'}
 {'abbreviation': None, 'name': 'Home', 'summary': '3-2', 'type': 'home'}
 {'abbreviation': None, 'name': 'Road', 'summary': '0-1', 'type': 'road'}
 {'abbreviation': None, 'name': 'vs. Conf.', 'summary': '0-0', 'type': 'vsconf'}]",,,UGA,GT,ba0c2f,b3a369,2c2a29,ffffff,UGA,ba0c2f,2c2a29,GT,b3a369,ffffff,https://raw.githubusercontent.com/sportsdataverse/wehoop-wbb-raw/main/wbb/json/final/401812932.json,2025-11-23T19:00Z,TRUE,,
401811128,2025-11-23T19:00Z,South Carolina,Queens University,Home,W,121,49,https://a.espncdn.com/i/teamlogos/ncaa/500/2579.png,https://a.espncdn.com/i/teamlogos/ncaa/500/2511.png,2,99,23,46,,,FALSE,1,,STATUS_FINAL,23,TRUE,2,"[{'abbreviation': 'Game', 'name': 'overall', 'summary': '6-0', 'type': 'total'}
 {'abbreviation': None, 'name': 'Home', 'summary': '5-0', 'type': 'home'}
 {'abbreviation': None, 'name': 'Road', 'summary': '0-0', 'type': 'road'}
 {'abbreviation': None, 'name': 'vs. Conf.', 'summary': '0-0', 'type': 'vsconf'}]",46,FALSE,99,"[{'abbreviation': 'Game', 'name': 'overall', 'summary': '3-3', 'type': 'total'}
 {'abbreviation': None, 'name': 'Home', 'summary': '2-0', 'type': 'home'}
 {'abbreviation': None, 'name': 'Road', 'summary': '1-3', 'type': 'road'}
 {'abbreviation': None, 'name': 'vs. Conf.', 'summary': '0-0', 'type': 'vsconf'}]",,,SC,QUC,73000a,0,0,,SC,73000a,0,QUC,0,,https://raw.githubusercontent.com/sportsdataverse/wehoop-wbb-raw/main/wbb/json/final/401811128.json,2025-11-23T19:00Z,TRUE,,
401823676,2025-11-23T19:00Z,James Madison,Virginia Tech,Home,W,65,56,https://a.espncdn.com/i/teamlogos/ncaa/500/256.png,https://a.espncdn.com/i/teamlogos/ncaa/500/259.png,99,99,27,2,,,FALSE,1,,STATUS_FINAL,27,TRUE,99,"[{'abbreviation': 'Game', 'name': 'overall', 'summary': '4-3', 'type': 'total'}
 {'abbreviation': None, 'name': 'Home', 'summary': '4-2', 'type': 'home'}
 {'abbreviation': None, 'name': 'Road', 'summary': '0-1', 'type': 'road'}
 {'abbreviation': None, 'name': 'vs. Conf.', 'summary': '0-0', 'type': 'vsconf'}]",2,FALSE,99,"[{'abbreviation': 'Game', 'name': 'overall', 'summary': '5-1', 'type': 'total'}
 {'abbreviation': None, 'name': 'Home', 'summary': '5-0', 'type': 'home'}
 {'abbreviation': None, 'name': 'Road', 'summary': '0-1', 'type': 'road'}
 {'abbreviation': None, 'name': 'vs. Conf.', 'summary': '0-0', 'type': 'vsconf'}]",,,JMU,VT,450084,6a2c3e,cbb677,cf4520,JMU,450084,cbb677,VT,6a2c3e,cf4520,https://raw.githubusercontent.com/sportsdataverse/wehoop-wbb-raw/main/wbb/json/final/401823676.json,2025-11-23T19:00Z,TRUE,,
401818620,2025-11-23T19:00Z,Illinois,Florida State,Away,W,86,63,https://a.espncdn.com/i/teamlogos/ncaa/500/356.png,https://a.espncdn.com/i/teamlogos/ncaa/500/52.png,99,99,7,2,,,FALSE,1,,STATUS_FINAL,2,FALSE,99,"[{'abbreviation': 'Game', 'name': 'overall', 'summary': '3-4', 'type': 'total'}
 {'abbreviation': None, 'name': 'Home', 'summary': '3-2', 'type': 'home'}
 {'abbreviation': None, 'name': 'Road', 'summary': '0-2', 'type': 'road'}
 {'abbreviation': None, 'name': 'vs. Conf.', 'summary': '0-0', 'type': 'vsconf'}]",7,TRUE,99,"[{'abbreviation': 'Game', 'name': 'overall', 'summary': '4-1', 'type': 'total'}
 {'abbreviation': None, 'name': 'Home', 'summary': '3-0', 'type': 'home'}
 {'abbreviation': None, 'name': 'Road', 'summary': '1-1', 'type': 'road'}
 {'abbreviation': None, 'name': 'vs. Conf.', 'summary': '0-0', 'type': 'vsconf'}]",,,ILL,FSU,ff5f05,782f40,13294b,ceb888,FSU,782f40,ceb888,ILL,ff5f05,13294b,https://raw.githubusercontent.com/sportsdataverse/wehoop-wbb-raw/main/wbb/json/final/401818620.json,2025-11-23T19:00Z,TRUE,,
401819581,2025-11-23T19:00Z,Clemson,Furman,Away,W,76,58,https://a.espncdn.com/i/teamlogos/ncaa/500/228.png,https://a.espncdn.com/i/teamlogos/ncaa/500/231.png,99,99,2,24,,,FALSE,1,,STATUS_FINAL,24,FALSE,99,"[{'abbreviation': 'Game', 'name': 'overall', 'summary': '2-5', 'type': 'total'}
 {'abbreviation': None, 'name': 'Home', 'summary': '2-2', 'type': 'home'}
 {'abbreviation': None, 'name': 'Road', 'summary': '0-3', 'type': 'road'}
 {'abbreviation': None, 'name': 'vs. Conf.', 'summary': '0-0', 'type': 'vsconf'}]",2,TRUE,99,"[{'abbreviation': 'Game', 'name': 'overall', 'summary': '4-2', 'type': 'total'}
 {'abbreviation': None, 'name': 'Home', 'summary': '2-1', 'type': 'home'}
 {'abbreviation': None, 'name': 'Road', 'summary': '2-1', 'type': 'road'}
 {'abbreviation': None, 'name': 'vs. Conf.', 'summary': '0-1', 'type': 'vsconf'}]",,,CLEM,FUR,f56600,582c83,ffffff,ffffff,FUR,582c83,ffffff,CLEM,f56600,ffffff,https://raw.githubusercontent.com/sportsdataverse/wehoop-wbb-raw/main/wbb/json/final/401819581.json,2025-11-23T19:00Z,TRUE,,
401823676,2025-11-23T19:00Z,Virginia Tech,James Madison,Away,L,56,65,https://a.espncdn.com/i/teamlogos/ncaa/500/259.png,https://a.espncdn.com/i/teamlogos/ncaa/500/256.png,99,99,2,27,,,FALSE,1,,STATUS_FINAL,27,TRUE,99,"[{'abbreviation': 'Game', 'name': 'overall', 'summary': '4-3', 'type': 'total'}
 {'abbreviation': None, 'name': 'Home', 'summary': '4-2', 'type': 'home'}
 {'abbreviation': None, 'name': 'Road', 'summary': '0-1', 'type': 'road'}
 {'abbreviation': None, 'name': 'vs. Conf.', 'summary': '0-0', 'type': 'vsconf'}]",2,FALSE,99,"[{'abbreviation': 'Game', 'name': 'overall', 'summary': '5-1', 'type': 'total'}
 {'abbreviation': None, 'name': 'Home', 'summary': '5-0', 'type': 'home'}
 {'abbreviation': None, 'name': 'Road', 'summary': '0-1', 'type': 'road'}
 {'abbreviation': None, 'name': 'vs. Conf.', 'summary': '0-0', 'type': 'vsconf'}]",,,VT,JMU,6a2c3e,450084,cf4520,cbb677,JMU,450084,cbb677,VT,6a2c3e,cf4520,https://raw.githubusercontent.com/sportsdataverse/wehoop-wbb-raw/main/wbb/json/final/401823676.json,2025-11-23T19:00Z,TRUE,,
401817578,2025-11-23T19:00Z,Rhode Island,NC State,Away,W,68,63,https://a.espncdn.com/i/teamlogos/ncaa/500/227.png,https://a.espncdn.com/i/teamlogos/ncaa/500/152.png,99,16,3,2,,,FALSE,1,,STATUS_FINAL,2,FALSE,16,"[{'abbreviation': 'Game', 'name': 'overall', 'summary': '3-3', 'type': 'total'}
 {'abbreviation': None, 'name': 'Home', 'summary': '2-2', 'type': 'home'}
 {'abbreviation': None, 'name': 'Road', 'summary': '0-0', 'type': 'road'}
 {'abbreviation': None, 'name': 'vs. Conf.', 'summary': '0-0', 'type': 'vsconf'}]",3,TRUE,99,"[{'abbreviation': 'Game', 'name': 'overall', 'summary': '6-1', 'type': 'total'}
 {'abbreviation': None, 'name': 'Home', 'summary': '4-0', 'type': 'home'}
 {'abbreviation': None, 'name': 'Road', 'summary': '2-1', 'type': 'road'}
 {'abbreviation': None, 'name': 'vs. Conf.', 'summary': '0-0', 'type': 'vsconf'}]",,,URI,NCSU,091f3f,cc0000,5ab3e8,ffffff,NCSU,cc0000,ffffff,URI,091f3f,5ab3e8,https://raw.githubusercontent.com/sportsdataverse/wehoop-wbb-raw/main/wbb/json/final/401817578.json,2025-11-23T19:00Z,TRUE,,
401818610,2025-11-23T18:00Z,Vanderbilt,Tennessee State,Home,W,99,43,https://a.espncdn.com/i/teamlogos/ncaa/500/238.png,https://a.espncdn.com/i/teamlogos/ncaa/500/2634.png,17,99,23,20,,,FALSE,1,,STATUS_FINAL,23,TRUE,17,"[{'abbreviation': 'Game', 'name': 'overall', 'summary': '6-0', 'type': 'total'}
 {'abbreviation': None, 'name': 'Home', 'summary': '3-0', 'type': 'home'}
 {'abbreviation': None, 'name': 'Road', 'summary': '2-0', 'type': 'road'}
 {'abbreviation': None, 'name': 'vs. Conf.', 'summary': '0-0', 'type': 'vsconf'}]",20,FALSE,99,"[{'abbreviation': 'Game', 'name': 'overall', 'summary': '1-5', 'type': 'total'}
 {'abbreviation': None, 'name': 'Home', 'summary': '1-1', 'type': 'home'}
 {'abbreviation': None, 'name': 'Road', 'summary': '0-4', 'type': 'road'}
 {'abbreviation': None, 'name': 'vs. Conf.', 'summary': '0-0', 'type': 'vsconf'}]",,,VAN,TNST,0,171796,cfae70,f0f0f0,VAN,0,cfae70,TNST,171796,f0f0f0,https://raw.githubusercontent.com/sportsdataverse/wehoop-wbb-raw/main/wbb/json/final/401818610.json,2025-11-23T18:00Z,TRUE,,
401823663,2025-11-23T17:00Z,Michigan,Syracuse,Neutral,W,81,55,https://a.espncdn.com/i/teamlogos/ncaa/500/130.png,https://a.espncdn.com/i/teamlogos/ncaa/500/183.png,6,99,7,2,,,FALSE,1,Hall of Fame Women's Showcase,STATUS_FINAL,7,TRUE,6,"[{'abbreviation': 'Game', 'name': 'overall', 'summary': '5-1', 'type': 'total'}
 {'abbreviation': None, 'name': 'Home', 'summary': '3-0', 'type': 'home'}
 {'abbreviation': None, 'name': 'Road', 'summary': '0-0', 'type': 'road'}
 {'abbreviation': None, 'name': 'vs. Conf.', 'summary': '0-0', 'type': 'vsconf'}]",2,FALSE,99,"[{'abbreviation': 'Game', 'name': 'overall', 'summary': '5-1', 'type': 'total'}
 {'abbreviation': None, 'name': 'Home', 'summary': '4-0', 'type': 'home'}
 {'abbreviation': None, 'name': 'Road', 'summary': '0-0', 'type': 'road'}
 {'abbreviation': None, 'name': 'vs. Conf.', 'summary': '0-0', 'type': 'vsconf'}]",,,MICH,SYR,00274c,0.00E+00,ffcb05,ff431b,MICH,00274c,ffcb05,SYR,0.00E+00,ff431b,https://raw.githubusercontent.com/sportsdataverse/wehoop-wbb-raw/main/wbb/json/final/401823663.json,2025-11-23T17:00Z,TRUE,,
401823663,2025-11-23T17:00Z,Syracuse,Michigan,Neutral,L,55,81,https://a.espncdn.com/i/teamlogos/ncaa/500/183.png,https://a.espncdn.com/i/teamlogos/ncaa/500/130.png,99,6,2,7,,,FALSE,1,Hall of Fame Women's Showcase,STATUS_FINAL,7,TRUE,6,"[{'abbreviation': 'Game', 'name': 'overall', 'summary': '5-1', 'type': 'total'}
 {'abbreviation': None, 'name': 'Home', 'summary': '3-0', 'type': 'home'}
 {'abbreviation': None, 'name': 'Road', 'summary': '0-0', 'type': 'road'}
 {'abbreviation': None, 'name': 'vs. Conf.', 'summary': '0-0', 'type': 'vsconf'}]",2,FALSE,99,"[{'abbreviation': 'Game', 'name': 'overall', 'summary': '5-1', 'type': 'total'}
 {'abbreviation': None, 'name': 'Home', 'summary': '4-0', 'type': 'home'}
 {'abbreviation': None, 'name': 'Road', 'summary': '0-0', 'type': 'road'}
 {'abbreviation': None, 'name': 'vs. Conf.', 'summary': '0-0', 'type': 'vsconf'}]",,,SYR,MICH,0.00E+00,00274c,ff431b,ffcb05,MICH,00274c,ffcb05,SYR,0.00E+00,ff431b,https://raw.githubusercontent.com/sportsdataverse/wehoop-wbb-raw/main/wbb/json/final/401823663.json,2025-11-23T17:00Z,TRUE,,
401827785,2025-11-23T17:00Z,Princeton,Maryland Eastern Shore,Neutral,W,81,62,https://a.espncdn.com/i/teamlogos/ncaa/500/163.png,https://a.espncdn.com/i/teamlogos/ncaa/500/2379.png,99,99,12,16,,,FALSE,6,Battle 4 Atlantis,STATUS_FINAL,12,TRUE,99,"[{'abbreviation': 'Game', 'name': 'overall', 'summary': '5-1', 'type': 'total'}
 {'abbreviation': None, 'name': 'Home', 'summary': '1-0', 'type': 'home'}
 {'abbreviation': None, 'name': 'Road', 'summary': '2-1', 'type': 'road'}
 {'abbreviation': None, 'name': 'vs. Conf.', 'summary': '0-0', 'type': 'vsconf'}]",16,FALSE,99,"[{'abbreviation': 'Game', 'name': 'overall', 'summary': '4-4', 'type': 'total'}
 {'abbreviation': None, 'name': 'Home', 'summary': '3-0', 'type': 'home'}
 {'abbreviation': None, 'name': 'Road', 'summary': '1-2', 'type': 'road'}
 {'abbreviation': None, 'name': 'vs. Conf.', 'summary': '0-0', 'type': 'vsconf'}]",,,PRIN,UMES,0,5c2301,ff6000,b5b7ba,PRIN,0,ff6000,UMES,5c2301,b5b7ba,https://raw.githubusercontent.com/sportsdataverse/wehoop-wbb-raw/main/wbb/json/final/401827785.json,2025-11-23T17:00Z,TRUE,,
401825942,2025-11-23T02:00Z,Colorado,UT Arlington,Neutral,W,71,60,https://a.espncdn.com/i/teamlogos/ncaa/500/38.png,https://a.espncdn.com/i/teamlogos/ncaa/500/250.png,99,99,8,30,,,FALSE,6,North Shore Showcase,STATUS_FINAL,8,TRUE,99,"[{'abbreviation': 'Game', 'name': 'overall', 'summary': '4-1', 'type': 'total'}
 {'abbreviation': None, 'name': 'Home', 'summary': '3-0', 'type': 'home'}
 {'abbreviation': None, 'name': 'Road', 'summary': '0-1', 'type': 'road'}
 {'abbreviation': None, 'name': 'vs. Conf.', 'summary': '0-0', 'type': 'vsconf'}]",30,FALSE,99,"[{'abbreviation': 'Game', 'name': 'overall', 'summary': '2-4', 'type': 'total'}
 {'abbreviation': None, 'name': 'Home', 'summary': '2-1', 'type': 'home'}
 {'abbreviation': None, 'name': 'Road', 'summary': '0-2', 'type': 'road'}
 {'abbreviation': None, 'name': 'vs. Conf.', 'summary': '0-0', 'type': 'vsconf'}]",,,COLO,UTA,cfb87c,004b7c,0,f58024,COLO,cfb87c,0,UTA,004b7c,f58024,https://raw.githubusercontent.com/sportsdataverse/wehoop-wbb-raw/main/wbb/json/final/401825942.json,2025-11-23T02:00Z,TRUE,,
401818631,2025-11-23T01:00Z,Iowa,Miami (FL),Neutral,W,64,61,https://a.espncdn.com/i/teamlogos/ncaa/500/2294.png,https://a.espncdn.com/i/teamlogos/ncaa/500/2390.png,19,99,7,2,,,FALSE,6,WBCA Showcase,STATUS_FINAL,7,TRUE,19,"[{'abbreviation': 'Game', 'name': 'overall', 'summary': '6-0', 'type': 'total'}
 {'abbreviation': None, 'name': 'Home', 'summary': '3-0', 'type': 'home'}
 {'abbreviation': None, 'name': 'Road', 'summary': '1-0', 'type': 'road'}
 {'abbreviation': None, 'name': 'vs. Conf.', 'summary': '0-0', 'type': 'vsconf'}]",2,FALSE,99,"[{'abbreviation': 'Game', 'name': 'overall', 'summary': '4-1', 'type': 'total'}
 {'abbreviation': None, 'name': 'Home', 'summary': '3-0', 'type': 'home'}
 {'abbreviation': None, 'name': 'Road', 'summary': '0-0', 'type': 'road'}
 {'abbreviation': None, 'name': 'vs. Conf.', 'summary': '0-0', 'type': 'vsconf'}]",,,IOWA,MIA,231f20,f47423,fcd116,35131,IOWA,231f20,fcd116,MIA,f47423,35131,https://raw.githubusercontent.com/sportsdataverse/wehoop-wbb-raw/main/wbb/json/final/401818631.json,2025-11-23T01:00Z,TRUE,,
401825080,2025-11-23T00:00Z,Villanova,Temple,Home,W,88,58,https://a.espncdn.com/i/teamlogos/ncaa/500/222.png,https://a.espncdn.com/i/teamlogos/ncaa/500/218.png,99,99,4,62,,,FALSE,1,Big 5 Classic - Campus Game,STATUS_FINAL,4,TRUE,99,"[{'abbreviation': 'Game', 'name': 'overall', 'summary': '4-2', 'type': 'total'}
 {'abbreviation': None, 'name': 'Home', 'summary': '2-2', 'type': 'home'}
 {'abbreviation': None, 'name': 'Road', 'summary': '1-0', 'type': 'road'}
 {'abbreviation': None, 'name': 'vs. Conf.', 'summary': '0-0', 'type': 'vsconf'}]",62,FALSE,99,"[{'abbreviation': 'Game', 'name': 'overall', 'summary': '3-3', 'type': 'total'}
 {'abbreviation': None, 'name': 'Home', 'summary': '3-0', 'type': 'home'}
 {'abbreviation': None, 'name': 'Road', 'summary': '0-3', 'type': 'road'}
 {'abbreviation': None, 'name': 'vs. Conf.', 'summary': '0-0', 'type': 'vsconf'}]",,,VILL,TEM,00205b,a41e35,13b5ea,ffffff,VILL,00205b,13b5ea,TEM,a41e35,ffffff,https://raw.githubusercontent.com/sportsdataverse/wehoop-wbb-raw/main/wbb/json/final/401825080.json,2025-11-23T00:00Z,TRUE,,
401824182,2025-11-22T22:30Z,Baylor,Davidson,Neutral,W,74,72,https://a.espncdn.com/i/teamlogos/ncaa/500/239.png,https://a.espncdn.com/i/teamlogos/ncaa/500/2166.png,7,99,8,3,,,FALSE,6,WBCA Showcase,STATUS_FINAL,8,TRUE,7,"[{'abbreviation': 'Game', 'name': 'overall', 'summary': '5-1', 'type': 'total'}
 {'abbreviation': None, 'name': 'Home', 'summary': '2-0', 'type': 'home'}
 {'abbreviation': None, 'name': 'Road', 'summary': '1-0', 'type': 'road'}
 {'abbreviation': None, 'name': 'vs. Conf.', 'summary': '0-0', 'type': 'vsconf'}]",3,FALSE,99,"[{'abbreviation': 'Game', 'name': 'overall', 'summary': '4-3', 'type': 'total'}
 {'abbreviation': None, 'name': 'Home', 'summary': '2-0', 'type': 'home'}
 {'abbreviation': None, 'name': 'Road', 'summary': '2-1', 'type': 'road'}
 {'abbreviation': None, 'name': 'vs. Conf.', 'summary': '0-0', 'type': 'vsconf'}]",,,BAY,DAV,154734,0,ffb81c,e51837,BAY,154734,ffb81c,DAV,0,e51837,https://raw.githubusercontent.com/sportsdataverse/wehoop-wbb-raw/main/wbb/json/final/401824182.json,2025-11-22T22:30Z,TRUE,,
401811890,2025-11-22T19:00Z,Kentucky,Louisville,Away,W,72,62,https://a.espncdn.com/i/teamlogos/ncaa/500/96.png,https://a.espncdn.com/i/teamlogos/ncaa/500/97.png,20,21,23,2,,,FALSE,1,,STATUS_FINAL,2,FALSE,21,"[{'abbreviation': 'Game', 'name': 'overall', 'summary': '4-2', 'type': 'total'}
 {'abbreviation': None, 'name': 'Home', 'summary': '3-1', 'type': 'home'}
 {'abbreviation': None, 'name': 'Road', 'summary': '1-0', 'type': 'road'}
 {'abbreviation': None, 'name': 'vs. Conf.', 'summary': '1-0', 'type': 'vsconf'}]",23,TRUE,20,"[{'abbreviation': 'Game', 'name': 'overall', 'summary': '7-0', 'type': 'total'}
 {'abbreviation': None, 'name': 'Home', 'summary': '4-0', 'type': 'home'}
 {'abbreviation': None, 'name': 'Road', 'summary': '3-0', 'type': 'road'}
 {'abbreviation': None, 'name': 'vs. Conf.', 'summary': '0-0', 'type': 'vsconf'}]",,,UK,LOU,0033a0,c9001f,ffffff,ffffff,LOU,c9001f,ffffff,UK,0033a0,ffffff,https://raw.githubusercontent.com/sportsdataverse/wehoop-wbb-raw/main/wbb/json/final/401811890.json,2025-11-22T19:00Z,TRUE,,
401811890,2025-11-22T19:00Z,Louisville,Kentucky,Home,L,62,72,https://a.espncdn.com/i/teamlogos/ncaa/500/97.png,https://a.espncdn.com/i/teamlogos/ncaa/500/96.png,21,20,2,23,,,FALSE,1,,STATUS_FINAL,2,FALSE,21,"[{'abbreviation': 'Game', 'name': 'overall', 'summary': '4-2', 'type': 'total'}
 {'abbreviation': None, 'name': 'Home', 'summary': '3-1', 'type': 'home'}
 {'abbreviation': None, 'name': 'Road', 'summary': '1-0', 'type': 'road'}
 {'abbreviation': None, 'name': 'vs. Conf.', 'summary': '1-0', 'type': 'vsconf'}]",23,TRUE,20,"[{'abbreviation': 'Game', 'name': 'overall', 'summary': '7-0', 'type': 'total'}
 {'abbreviation': None, 'name': 'Home', 'summary': '4-0', 'type': 'home'}
 {'abbreviation': None, 'name': 'Road', 'summary': '3-0', 'type': 'road'}
 {'abbreviation': None, 'name': 'vs. Conf.', 'summary': '0-0', 'type': 'vsconf'}]",,,LOU,UK,c9001f,0033a0,ffffff,ffffff,LOU,c9001f,ffffff,UK,0033a0,ffffff,https://raw.githubusercontent.com/sportsdataverse/wehoop-wbb-raw/main/wbb/json/final/401811890.json,2025-11-22T19:00Z,TRUE,,
401826669,2025-11-22T18:00Z,Princeton,Penn State,Neutral,W,100,93,https://a.espncdn.com/i/teamlogos/ncaa/500/163.png,https://a.espncdn.com/i/teamlogos/ncaa/500/213.png,99,99,12,7,,,FALSE,6,Battle 4 Atlantis,STATUS_FINAL,12,TRUE,99,"[{'abbreviation': 'Game', 'name': 'overall', 'summary': '4-1', 'type': 'total'}
 {'abbreviation': None, 'name': 'Home', 'summary': '1-0', 'type': 'home'}
 {'abbreviation': None, 'name': 'Road', 'summary': '2-1', 'type': 'road'}
 {'abbreviation': None, 'name': 'vs. Conf.', 'summary': '0-0', 'type': 'vsconf'}]",7,FALSE,99,"[{'abbreviation': 'Game', 'name': 'overall', 'summary': '4-1', 'type': 'total'}
 {'abbreviation': None, 'name': 'Home', 'summary': '3-0', 'type': 'home'}
 {'abbreviation': None, 'name': 'Road', 'summary': '1-0', 'type': 'road'}
 {'abbreviation': None, 'name': 'vs. Conf.', 'summary': '0-0', 'type': 'vsconf'}]",,,PRIN,PSU,0,61440,ff6000,ffffff,PRIN,0,ff6000,PSU,61440,ffffff,https://raw.githubusercontent.com/sportsdataverse/wehoop-wbb-raw/main/wbb/json/final/401826669.json,2025-11-22T18:00Z,TRUE,,
401817385,2025-11-22T01:00Z,Michigan,UConn,Neutral,L,69,72,https://a.espncdn.com/i/teamlogos/ncaa/500/130.png,https://a.espncdn.com/i/teamlogos/ncaa/500/41.png,6,1,7,4,,,FALSE,1,Hall of Fame Women's Showcase,STATUS_FINAL,4,TRUE,1,"[{'abbreviation': 'Game', 'name': 'overall', 'summary': '5-0', 'type': 'total'}
 {'abbreviation': None, 'name': 'Home', 'summary': '3-0', 'type': 'home'}
 {'abbreviation': None, 'name': 'Road', 'summary': '0-0', 'type': 'road'}
 {'abbreviation': None, 'name': 'vs. Conf.', 'summary': '0-0', 'type': 'vsconf'}]",7,FALSE,6,"[{'abbreviation': 'Game', 'name': 'overall', 'summary': '4-1', 'type': 'total'}
 {'abbreviation': None, 'name': 'Home', 'summary': '3-0', 'type': 'home'}
 {'abbreviation': None, 'name': 'Road', 'summary': '0-0', 'type': 'road'}
 {'abbreviation': None, 'name': 'vs. Conf.', 'summary': '0-0', 'type': 'vsconf'}]",,,MICH,CONN,00274c,0c2340,ffcb05,a2aaad,CONN,0c2340,a2aaad,MICH,00274c,ffcb05,https://raw.githubusercontent.com/sportsdataverse/wehoop-wbb-raw/main/wbb/json/final/401817385.json,2025-11-22T01:00Z,TRUE,,
401817385,2025-11-22T01:00Z,UConn,Michigan,Neutral,W,72,69,https://a.espncdn.com/i/teamlogos/ncaa/500/41.png,https://a.espncdn.com/i/teamlogos/ncaa/500/130.png,1,6,4,7,,,FALSE,1,Hall of Fame Women's Showcase,STATUS_FINAL,4,TRUE,1,"[{'abbreviation': 'Game', 'name': 'overall', 'summary': '5-0', 'type': 'total'}
 {'abbreviation': None, 'name': 'Home', 'summary': '3-0', 'type': 'home'}
 {'abbreviation': None, 'name': 'Road', 'summary': '0-0', 'type': 'road'}
 {'abbreviation': None, 'name': 'vs. Conf.', 'summary': '0-0', 'type': 'vsconf'}]",7,FALSE,6,"[{'abbreviation': 'Game', 'name': 'overall', 'summary': '4-1', 'type': 'total'}
 {'abbreviation': None, 'name': 'Home', 'summary': '3-0', 'type': 'home'}
 {'abbreviation': None, 'name': 'Road', 'summary': '0-0', 'type': 'road'}
 {'abbreviation': None, 'name': 'vs. Conf.', 'summary': '0-0', 'type': 'vsconf'}]",,,CONN,MICH,0c2340,00274c,a2aaad,ffcb05,CONN,0c2340,a2aaad,MICH,00274c,ffcb05,https://raw.githubusercontent.com/sportsdataverse/wehoop-wbb-raw/main/wbb/json/final/401817385.json,2025-11-22T01:00Z,TRUE,,
401825023,2025-11-21T23:00Z,USC,Notre Dame,Away,L,59,61,https://a.espncdn.com/i/teamlogos/ncaa/500/30.png,https://a.espncdn.com/i/teamlogos/ncaa/500/87.png,11,24,7,2,,,FALSE,1,,STATUS_FINAL,2,TRUE,24,"[{'abbreviation': 'Game', 'name': 'overall', 'summary': '4-1', 'type': 'total'}
 {'abbreviation': None, 'name': 'Home', 'summary': '4-0', 'type': 'home'}
 {'abbreviation': None, 'name': 'Road', 'summary': '0-0', 'type': 'road'}
 {'abbreviation': None, 'name': 'vs. Conf.', 'summary': '0-0', 'type': 'vsconf'}]",7,FALSE,11,"[{'abbreviation': 'Game', 'name': 'overall', 'summary': '3-2', 'type': 'total'}
 {'abbreviation': None, 'name': 'Home', 'summary': '2-0', 'type': 'home'}
 {'abbreviation': None, 'name': 'Road', 'summary': '0-1', 'type': 'road'}
 {'abbreviation': None, 'name': 'vs. Conf.', 'summary': '0-0', 'type': 'vsconf'}]",,,USC,ND,9d2235,62340,ffc72c,c99700,ND,62340,c99700,USC,9d2235,ffc72c,https://raw.githubusercontent.com/sportsdataverse/wehoop-wbb-raw/main/wbb/json/final/401825023.json,2025-11-21T23:00Z,TRUE,,
401825023,2025-11-21T23:00Z,Notre Dame,USC,Home,W,61,59,https://a.espncdn.com/i/teamlogos/ncaa/500/87.png,https://a.espncdn.com/i/teamlogos/ncaa/500/30.png,24,11,2,7,,,FALSE,1,,STATUS_FINAL,2,TRUE,24,"[{'abbreviation': 'Game', 'name': 'overall', 'summary': '4-1', 'type': 'total'}
 {'abbreviation': None, 'name': 'Home', 'summary': '4-0', 'type': 'home'}
 {'abbreviation': None, 'name': 'Road', 'summary': '0-0', 'type': 'road'}
 {'abbreviation': None, 'name': 'vs. Conf.', 'summary': '0-0', 'type': 'vsconf'}]",7,FALSE,11,"[{'abbreviation': 'Game', 'name': 'overall', 'summary': '3-2', 'type': 'total'}
 {'abbreviation': None, 'name': 'Home', 'summary': '2-0', 'type': 'home'}
 {'abbreviation': None, 'name': 'Road', 'summary': '0-1', 'type': 'road'}
 {'abbreviation': None, 'name': 'vs. Conf.', 'summary': '0-0', 'type': 'vsconf'}]",,,ND,USC,62340,9d2235,c99700,ffc72c,ND,62340,c99700,USC,9d2235,ffc72c,https://raw.githubusercontent.com/sportsdataverse/wehoop-wbb-raw/main/wbb/json/final/401825023.json,2025-11-21T23:00Z,TRUE,,
401822221,2025-11-21T22:00Z,Syracuse,Utah,Neutral,W,61,49,https://a.espncdn.com/i/teamlogos/ncaa/500/183.png,https://a.espncdn.com/i/teamlogos/ncaa/500/254.png,99,99,2,8,,,FALSE,6,Hall of Fame Women's Showcase,STATUS_FINAL,2,TRUE,99,"[{'abbreviation': 'Game', 'name': 'overall', 'summary': '5-0', 'type': 'total'}
 {'abbreviation': None, 'name': 'Home', 'summary': '4-0', 'type': 'home'}
 {'abbreviation': None, 'name': 'Road', 'summary': '0-0', 'type': 'road'}
 {'abbreviation': None, 'name': 'vs. Conf.', 'summary': '0-0', 'type': 'vsconf'}]",8,FALSE,99,"[{'abbreviation': 'Game', 'name': 'overall', 'summary': '3-2', 'type': 'total'}
 {'abbreviation': None, 'name': 'Home', 'summary': '2-1', 'type': 'home'}
 {'abbreviation': None, 'name': 'Road', 'summary': '1-0', 'type': 'road'}
 {'abbreviation': None, 'name': 'vs. Conf.', 'summary': '0-0', 'type': 'vsconf'}]",,,SYR,UTAH,0.00E+00,be0000,ff431b,ffffff,SYR,0.00E+00,ff431b,UTAH,be0000,ffffff,https://raw.githubusercontent.com/sportsdataverse/wehoop-wbb-raw/main/wbb/json/final/401822221.json,2025-11-21T22:00Z,TRUE,,
401818609,2025-11-21T17:00Z,Vanderbilt,Alabama State,Home,W,92,38,https://a.espncdn.com/i/teamlogos/ncaa/500/238.png,https://a.espncdn.com/i/teamlogos/ncaa/500/2011.png,17,99,23,26,,,FALSE,1,,STATUS_FINAL,23,TRUE,17,"[{'abbreviation': 'Game', 'name': 'overall', 'summary': '5-0', 'type': 'total'}
 {'abbreviation': None, 'name': 'Home', 'summary': '2-0', 'type': 'home'}
 {'abbreviation': None, 'name': 'Road', 'summary': '2-0', 'type': 'road'}
 {'abbreviation': None, 'name': 'vs. Conf.', 'summary': '0-0', 'type': 'vsconf'}]",26,FALSE,99,"[{'abbreviation': 'Game', 'name': 'overall', 'summary': '1-5', 'type': 'total'}
 {'abbreviation': None, 'name': 'Home', 'summary': '1-1', 'type': 'home'}
 {'abbreviation': None, 'name': 'Road', 'summary': '0-4', 'type': 'road'}
 {'abbreviation': None, 'name': 'vs. Conf.', 'summary': '0-0', 'type': 'vsconf'}]",,,VAN,ALST,0,e9a900,cfae70,0a0a0a,VAN,0,cfae70,ALST,e9a900,0a0a0a,https://raw.githubusercontent.com/sportsdataverse/wehoop-wbb-raw/main/wbb/json/final/401818609.json,2025-11-21T17:00Z,TRUE,,
401819608,2025-11-21T03:00Z,Stanford,UC Davis,Home,W,70,45,https://a.espncdn.com/i/teamlogos/ncaa/500/24.png,https://a.espncdn.com/i/teamlogos/ncaa/500/302.png,99,99,2,9,,,FALSE,1,,STATUS_FINAL,2,TRUE,99,"[{'abbreviation': 'Game', 'name': 'overall', 'summary': '6-0', 'type': 'total'}
 {'abbreviation': None, 'name': 'Home', 'summary': '4-0', 'type': 'home'}
 {'abbreviation': None, 'name': 'Road', 'summary': '2-0', 'type': 'road'}
 {'abbreviation': None, 'name': 'vs. Conf.', 'summary': '0-0', 'type': 'vsconf'}]",9,FALSE,99,"[{'abbreviation': 'Game', 'name': 'overall', 'summary': '3-2', 'type': 'total'}
 {'abbreviation': None, 'name': 'Home', 'summary': '2-0', 'type': 'home'}
 {'abbreviation': None, 'name': 'Road', 'summary': '1-2', 'type': 'road'}
 {'abbreviation': None, 'name': 'vs. Conf.', 'summary': '0-0', 'type': 'vsconf'}]",,,STAN,UCD,8c1515,2855,ffffff,c3c4c6,STAN,8c1515,ffffff,UCD,2855,c3c4c6,https://raw.githubusercontent.com/sportsdataverse/wehoop-wbb-raw/main/wbb/json/final/401819608.json,2025-11-21T03:00Z,TRUE,,
401818630,2025-11-21T02:00Z,Iowa,Baylor,Neutral,W,57,52,https://a.espncdn.com/i/teamlogos/ncaa/500/2294.png,https://a.espncdn.com/i/teamlogos/ncaa/500/239.png,19,7,7,8,,,FALSE,6,WBCA Showcase,STATUS_FINAL,8,FALSE,7,"[{'abbreviation': 'Game', 'name': 'overall', 'summary': '4-1', 'type': 'total'}
 {'abbreviation': None, 'name': 'Home', 'summary': '2-0', 'type': 'home'}
 {'abbreviation': None, 'name': 'Road', 'summary': '1-0', 'type': 'road'}
 {'abbreviation': None, 'name': 'vs. Conf.', 'summary': '0-0', 'type': 'vsconf'}]",7,TRUE,19,"[{'abbreviation': 'Game', 'name': 'overall', 'summary': '5-0', 'type': 'total'}
 {'abbreviation': None, 'name': 'Home', 'summary': '3-0', 'type': 'home'}
 {'abbreviation': None, 'name': 'Road', 'summary': '1-0', 'type': 'road'}
 {'abbreviation': None, 'name': 'vs. Conf.', 'summary': '0-0', 'type': 'vsconf'}]",,,IOWA,BAY,231f20,154734,fcd116,ffb81c,BAY,154734,ffb81c,IOWA,231f20,fcd116,https://raw.githubusercontent.com/sportsdataverse/wehoop-wbb-raw/main/wbb/json/final/401818630.json,2025-11-21T02:00Z,TRUE,,
401818630,2025-11-21T02:00Z,Baylor,Iowa,Neutral,L,52,57,https://a.espncdn.com/i/teamlogos/ncaa/500/239.png,https://a.espncdn.com/i/teamlogos/ncaa/500/2294.png,7,19,8,7,,,FALSE,6,WBCA Showcase,STATUS_FINAL,8,FALSE,7,"[{'abbreviation': 'Game', 'name': 'overall', 'summary': '4-1', 'type': 'total'}
 {'abbreviation': None, 'name': 'Home', 'summary': '2-0', 'type': 'home'}
 {'abbreviation': None, 'name': 'Road', 'summary': '1-0', 'type': 'road'}
 {'abbreviation': None, 'name': 'vs. Conf.', 'summary': '0-0', 'type': 'vsconf'}]",7,TRUE,19,"[{'abbreviation': 'Game', 'name': 'overall', 'summary': '5-0', 'type': 'total'}
 {'abbreviation': None, 'name': 'Home', 'summary': '3-0', 'type': 'home'}
 {'abbreviation': None, 'name': 'Road', 'summary': '1-0', 'type': 'road'}
 {'abbreviation': None, 'name': 'vs. Conf.', 'summary': '0-0', 'type': 'vsconf'}]",,,BAY,IOWA,154734,231f20,ffb81c,fcd116,BAY,154734,ffb81c,IOWA,231f20,fcd116,https://raw.githubusercontent.com/sportsdataverse/wehoop-wbb-raw/main/wbb/json/final/401818630.json,2025-11-21T02:00Z,TRUE,,
401817561,2025-11-21T01:00Z,Duke,South Florida,Away,L,72,85,https://a.espncdn.com/i/teamlogos/ncaa/500/150.png,https://a.espncdn.com/i/teamlogos/ncaa/500/58.png,99,99,2,62,,,FALSE,1,,STATUS_FINAL,62,TRUE,99,"[{'abbreviation': 'Game', 'name': 'overall', 'summary': '3-2', 'type': 'total'}
 {'abbreviation': None, 'name': 'Home', 'summary': '3-0', 'type': 'home'}
 {'abbreviation': None, 'name': 'Road', 'summary': '0-0', 'type': 'road'}
 {'abbreviation': None, 'name': 'vs. Conf.', 'summary': '0-0', 'type': 'vsconf'}]",2,FALSE,99,"[{'abbreviation': 'Game', 'name': 'overall', 'summary': '3-3', 'type': 'total'}
 {'abbreviation': None, 'name': 'Home', 'summary': '2-0', 'type': 'home'}
 {'abbreviation': None, 'name': 'Road', 'summary': '1-1', 'type': 'road'}
 {'abbreviation': None, 'name': 'vs. Conf.', 'summary': '0-0', 'type': 'vsconf'}]",,,DUKE,USF,00539b,6747,ffffff,cfc493,USF,6747,cfc493,DUKE,00539b,ffffff,https://raw.githubusercontent.com/sportsdataverse/wehoop-wbb-raw/main/wbb/json/final/401817561.json,2025-11-21T01:00Z,TRUE,,
401817375,2025-11-21T01:00Z,LSU,Alcorn State,Home,W,112,49,https://a.espncdn.com/i/teamlogos/ncaa/500/99.png,https://a.espncdn.com/i/teamlogos/ncaa/500/2016.png,5,99,23,26,,,FALSE,1,,STATUS_FINAL,23,TRUE,5,"[{'abbreviation': 'Game', 'name': 'overall', 'summary': '6-0', 'type': 'total'}
 {'abbreviation': None, 'name': 'Home', 'summary': '4-0', 'type': 'home'}
 {'abbreviation': None, 'name': 'Road', 'summary': '2-0', 'type': 'road'}
 {'abbreviation': None, 'name': 'vs. Conf.', 'summary': '0-0', 'type': 'vsconf'}]",26,FALSE,99,"[{'abbreviation': 'Game', 'name': 'overall', 'summary': '2-3', 'type': 'total'}
 {'abbreviation': None, 'name': 'Home', 'summary': '2-1', 'type': 'home'}
 {'abbreviation': None, 'name': 'Road', 'summary': '0-2', 'type': 'road'}
 {'abbreviation': None, 'name': 'vs. Conf.', 'summary': '0-0', 'type': 'vsconf'}]",,,LSU,ALCN,461d76,4b0058,fdd023,46166a,LSU,461d76,fdd023,ALCN,4b0058,46166a,https://raw.githubusercontent.com/sportsdataverse/wehoop-wbb-raw/main/wbb/json/final/401817375.json,2025-11-21T01:00Z,TRUE,,
401818591,2025-11-21T00:30Z,Tennessee,Middle Tennessee,Away,W,85,41,https://a.espncdn.com/i/teamlogos/ncaa/500/2633_ncw.png,https://a.espncdn.com/i/teamlogos/ncaa/500/2393.png,15,99,23,11,,,FALSE,1,,STATUS_FINAL,11,FALSE,99,"[{'abbreviation': 'Game', 'name': 'overall', 'summary': '2-3', 'type': 'total'}
 {'abbreviation': None, 'name': 'Home', 'summary': '1-1', 'type': 'home'}
 {'abbreviation': None, 'name': 'Road', 'summary': '1-2', 'type': 'road'}
 {'abbreviation': None, 'name': 'vs. Conf.', 'summary': '0-0', 'type': 'vsconf'}]",23,TRUE,15,"[{'abbreviation': 'Game', 'name': 'overall', 'summary': '4-1', 'type': 'total'}
 {'abbreviation': None, 'name': 'Home', 'summary': '2-0', 'type': 'home'}
 {'abbreviation': None, 'name': 'Road', 'summary': '2-0', 'type': 'road'}
 {'abbreviation': None, 'name': 'vs. Conf.', 'summary': '0-0', 'type': 'vsconf'}]",,,TENN,MTSU,ff8200,036eb7,ffffff,ffffff,MTSU,036eb7,ffffff,TENN,ff8200,ffffff,https://raw.githubusercontent.com/sportsdataverse/wehoop-wbb-raw/main/wbb/json/final/401818591.json,2025-11-21T00:30Z,TRUE,,
401823031,2025-11-21T00:30Z,TCU,Tarleton State,Home,W,80,32,https://a.espncdn.com/i/teamlogos/ncaa/500/2628.png,https://a.espncdn.com/i/teamlogos/ncaa/500/2627.png,10,99,8,30,,,FALSE,1,,STATUS_FINAL,8,TRUE,10,"[{'abbreviation': 'Game', 'name': 'overall', 'summary': '5-0', 'type': 'total'}
 {'abbreviation': None, 'name': 'Home', 'summary': '4-0', 'type': 'home'}
 {'abbreviation': None, 'name': 'Road', 'summary': '1-0', 'type': 'road'}
 {'abbreviation': None, 'name': 'vs. Conf.', 'summary': '0-0', 'type': 'vsconf'}]",30,FALSE,99,"[{'abbreviation': 'Game', 'name': 'overall', 'summary': '2-4', 'type': 'total'}
 {'abbreviation': None, 'name': 'Home', 'summary': '2-2', 'type': 'home'}
 {'abbreviation': None, 'name': 'Road', 'summary': '0-2', 'type': 'road'}
 {'abbreviation': None, 'name': 'vs. Conf.', 'summary': '0-0', 'type': 'vsconf'}]",,,TCU,TAR,4d1979,0,ffffff,,TCU,4d1979,ffffff,TAR,0,,https://raw.githubusercontent.com/sportsdataverse/wehoop-wbb-raw/main/wbb/json/final/401823031.json,2025-11-21T00:30Z,TRUE,,
401807519,2025-11-21T00:00Z,UNC,North Carolina A&T,Away,W,85,50,https://a.espncdn.com/i/teamlogos/ncaa/500/153.png,https://a.espncdn.com/i/teamlogos/ncaa/500/2448.png,14,99,2,10,,,FALSE,1,,STATUS_FINAL,10,FALSE,99,"[{'abbreviation': 'Game', 'name': 'overall', 'summary': '2-4', 'type': 'total'}
 {'abbreviation': None, 'name': 'Home', 'summary': '2-1', 'type': 'home'}
 {'abbreviation': None, 'name': 'Road', 'summary': '0-3', 'type': 'road'}
 {'abbreviation': None, 'name': 'vs. Conf.', 'summary': '0-0', 'type': 'vsconf'}]",2,TRUE,14,"[{'abbreviation': 'Game', 'name': 'overall', 'summary': '4-1', 'type': 'total'}
 {'abbreviation': None, 'name': 'Home', 'summary': '2-0', 'type': 'home'}
 {'abbreviation': None, 'name': 'Road', 'summary': '1-0', 'type': 'road'}
 {'abbreviation': None, 'name': 'vs. Conf.', 'summary': '0-0', 'type': 'vsconf'}]",,,UNC,NCAT,7bafd4,0505aa,13294b,4684,NCAT,0505aa,4684,UNC,7bafd4,13294b,https://raw.githubusercontent.com/sportsdataverse/wehoop-wbb-raw/main/wbb/json/final/401807519.json,2025-11-21T00:00Z,TRUE,,
401819927,2025-11-21T00:00Z,Iowa State,Drake,Away,W,87,60,https://a.espncdn.com/i/teamlogos/ncaa/500/66.png,https://a.espncdn.com/i/teamlogos/ncaa/500/2181.png,12,99,8,18,,,FALSE,1,,STATUS_FINAL,18,FALSE,99,"[{'abbreviation': 'Game', 'name': 'overall', 'summary': '1-3', 'type': 'total'}
 {'abbreviation': None, 'name': 'Home', 'summary': '0-2', 'type': 'home'}
 {'abbreviation': None, 'name': 'Road', 'summary': '1-1', 'type': 'road'}
 {'abbreviation': None, 'name': 'vs. Conf.', 'summary': '0-0', 'type': 'vsconf'}]",8,TRUE,12,"[{'abbreviation': 'Game', 'name': 'overall', 'summary': '6-0', 'type': 'total'}
 {'abbreviation': None, 'name': 'Home', 'summary': '5-0', 'type': 'home'}
 {'abbreviation': None, 'name': 'Road', 'summary': '1-0', 'type': 'road'}
 {'abbreviation': None, 'name': 'vs. Conf.', 'summary': '0-0', 'type': 'vsconf'}]",,,ISU,DRKE,ae192d,5596,ffc72a,bec0c2,DRKE,5596,bec0c2,ISU,ae192d,ffc72a,https://raw.githubusercontent.com/sportsdataverse/wehoop-wbb-raw/main/wbb/json/final/401819927.json,2025-11-21T00:00Z,TRUE,,
401822275,2025-11-21T00:00Z,Mississippi State,Texas Tech,Away,L,62,69,https://a.espncdn.com/i/teamlogos/ncaa/500/344.png,https://a.espncdn.com/i/teamlogos/ncaa/500/2641.png,99,99,23,8,,,FALSE,1,,STATUS_FINAL,8,TRUE,99,"[{'abbreviation': 'Game', 'name': 'overall', 'summary': '6-0', 'type': 'total'}
 {'abbreviation': None, 'name': 'Home', 'summary': '6-0', 'type': 'home'}
 {'abbreviation': None, 'name': 'Road', 'summary': '0-0', 'type': 'road'}
 {'abbreviation': None, 'name': 'vs. Conf.', 'summary': '0-0', 'type': 'vsconf'}]",23,FALSE,99,"[{'abbreviation': 'Game', 'name': 'overall', 'summary': '4-1', 'type': 'total'}
 {'abbreviation': None, 'name': 'Home', 'summary': '4-0', 'type': 'home'}
 {'abbreviation': None, 'name': 'Road', 'summary': '0-1', 'type': 'road'}
 {'abbreviation': None, 'name': 'vs. Conf.', 'summary': '0-0', 'type': 'vsconf'}]",,,MSST,TTU,5d1725,da291c,c1c6c8,0,TTU,da291c,0,MSST,5d1725,c1c6c8,https://raw.githubusercontent.com/sportsdataverse/wehoop-wbb-raw/main/wbb/json/final/401822275.json,2025-11-21T00:00Z,TRUE,,
401822275,2025-11-21T00:00Z,Texas Tech,Mississippi State,Home,W,69,62,https://a.espncdn.com/i/teamlogos/ncaa/500/2641.png,https://a.espncdn.com/i/teamlogos/ncaa/500/344.png,99,99,8,23,,,FALSE,1,,STATUS_FINAL,8,TRUE,99,"[{'abbreviation': 'Game', 'name': 'overall', 'summary': '6-0', 'type': 'total'}
 {'abbreviation': None, 'name': 'Home', 'summary': '6-0', 'type': 'home'}
 {'abbreviation': None, 'name': 'Road', 'summary': '0-0', 'type': 'road'}
 {'abbreviation': None, 'name': 'vs. Conf.', 'summary': '0-0', 'type': 'vsconf'}]",23,FALSE,99,"[{'abbreviation': 'Game', 'name': 'overall', 'summary': '4-1', 'type': 'total'}
 {'abbreviation': None, 'name': 'Home', 'summary': '4-0', 'type': 'home'}
 {'abbreviation': None, 'name': 'Road', 'summary': '0-1', 'type': 'road'}
 {'abbreviation': None, 'name': 'vs. Conf.', 'summary': '0-0', 'type': 'vsconf'}]",,,TTU,MSST,da291c,5d1725,0,c1c6c8,TTU,da291c,0,MSST,5d1725,c1c6c8,https://raw.githubusercontent.com/sportsdataverse/wehoop-wbb-raw/main/wbb/json/final/401822275.json,2025-11-21T00:00Z,TRUE,,
401818519,2025-11-20T23:30Z,Florida,Florida State,Home,W,89,67,https://a.espncdn.com/i/teamlogos/ncaa/500/57.png,https://a.espncdn.com/i/teamlogos/ncaa/500/52.png,99,99,23,2,,,FALSE,1,,STATUS_FINAL,23,TRUE,99,"[{'abbreviation': 'Game', 'name': 'overall', 'summary': '5-1', 'type': 'total'}
 {'abbreviation': None, 'name': 'Home', 'summary': '5-0', 'type': 'home'}
 {'abbreviation': None, 'name': 'Road', 'summary': '0-1', 'type': 'road'}
 {'abbreviation': None, 'name': 'vs. Conf.', 'summary': '0-0', 'type': 'vsconf'}]",2,FALSE,99,"[{'abbreviation': 'Game', 'name': 'overall', 'summary': '3-3', 'type': 'total'}
 {'abbreviation': None, 'name': 'Home', 'summary': '3-1', 'type': 'home'}
 {'abbreviation': None, 'name': 'Road', 'summary': '0-2', 'type': 'road'}
 {'abbreviation': None, 'name': 'vs. Conf.', 'summary': '0-0', 'type': 'vsconf'}]",,,FLA,FSU,0021a5,782f40,fa4616,ceb888,FLA,0021a5,fa4616,FSU,782f40,ceb888,https://raw.githubusercontent.com/sportsdataverse/wehoop-wbb-raw/main/wbb/json/final/401818519.json,2025-11-20T23:30Z,TRUE,,
401818532,2025-11-20T23:30Z,Georgia,North Florida,Home,W,92,46,https://a.espncdn.com/i/teamlogos/ncaa/500/61.png,https://a.espncdn.com/i/teamlogos/ncaa/500/2454.png,99,99,23,46,,,FALSE,1,,STATUS_FINAL,23,TRUE,99,"[{'abbreviation': 'Game', 'name': 'overall', 'summary': '6-0', 'type': 'total'}
 {'abbreviation': None, 'name': 'Home', 'summary': '5-0', 'type': 'home'}
 {'abbreviation': None, 'name': 'Road', 'summary': '1-0', 'type': 'road'}
 {'abbreviation': None, 'name': 'vs. Conf.', 'summary': '0-0', 'type': 'vsconf'}]",46,FALSE,99,"[{'abbreviation': 'Game', 'name': 'overall', 'summary': '1-4', 'type': 'total'}
 {'abbreviation': None, 'name': 'Home', 'summary': '1-0', 'type': 'home'}
 {'abbreviation': None, 'name': 'Road', 'summary': '0-4', 'type': 'road'}
 {'abbreviation': None, 'name': 'vs. Conf.', 'summary': '0-0', 'type': 'vsconf'}]",,,UGA,UNF,ba0c2f,004B8D,2c2a29,babcbe,UGA,ba0c2f,2c2a29,UNF,004B8D,babcbe,https://raw.githubusercontent.com/sportsdataverse/wehoop-wbb-raw/main/wbb/json/final/401818532.json,2025-11-20T23:30Z,TRUE,,
401825980,2025-11-20T23:30Z,Michigan State,Eastern Illinois,Home,W,101,53,https://a.espncdn.com/i/teamlogos/ncaa/500/127.png,https://a.espncdn.com/i/teamlogos/ncaa/500/2197.png,22,99,7,20,,,FALSE,1,,STATUS_FINAL,7,TRUE,22,"[{'abbreviation': 'Game', 'name': 'overall', 'summary': '5-0', 'type': 'total'}
 {'abbreviation': None, 'name': 'Home', 'summary': '5-0', 'type': 'home'}
 {'abbreviation': None, 'name': 'Road', 'summary': '0-0', 'type': 'road'}
 {'abbreviation': None, 'name': 'vs. Conf.', 'summary': '0-0', 'type': 'vsconf'}]",20,FALSE,99,"[{'abbreviation': 'Game', 'name': 'overall', 'summary': '0-4', 'type': 'total'}
 {'abbreviation': None, 'name': 'Home', 'summary': '0-1', 'type': 'home'}
 {'abbreviation': None, 'name': 'Road', 'summary': '0-3', 'type': 'road'}
 {'abbreviation': None, 'name': 'vs. Conf.', 'summary': '0-0', 'type': 'vsconf'}]",,,MSU,EIU,173f35,0,ffffff,bebab9,MSU,173f35,ffffff,EIU,0,bebab9,https://raw.githubusercontent.com/sportsdataverse/wehoop-wbb-raw/main/wbb/json/final/401825980.json,2025-11-20T23:30Z,TRUE,,
401818641,2025-11-20T23:00Z,Maryland,Bethune-Cookman,Home,W,95,49,https://a.espncdn.com/i/teamlogos/ncaa/500/120.png,https://a.espncdn.com/i/teamlogos/ncaa/500/2065.png,9,99,7,26,,,FALSE,1,,STATUS_FINAL,7,TRUE,9,"[{'abbreviation': 'Game', 'name': 'overall', 'summary': '6-0', 'type': 'total'}
 {'abbreviation': None, 'name': 'Home', 'summary': '6-0', 'type': 'home'}
 {'abbreviation': None, 'name': 'Road', 'summary': '0-0', 'type': 'road'}
 {'abbreviation': None, 'name': 'vs. Conf.', 'summary': '0-0', 'type': 'vsconf'}]",26,FALSE,99,"[{'abbreviation': 'Game', 'name': 'overall', 'summary': '1-4', 'type': 'total'}
 {'abbreviation': None, 'name': 'Home', 'summary': '1-0', 'type': 'home'}
 {'abbreviation': None, 'name': 'Road', 'summary': '0-4', 'type': 'road'}
 {'abbreviation': None, 'name': 'vs. Conf.', 'summary': '0-0', 'type': 'vsconf'}]",,,MD,BCU,ce1126,7b1831,ffffff,e9aa12,MD,ce1126,ffffff,BCU,7b1831,e9aa12,https://raw.githubusercontent.com/sportsdataverse/wehoop-wbb-raw/main/wbb/json/final/401818641.json,2025-11-20T23:00Z,TRUE,,
401813850,2025-11-20T23:00Z,Virginia Tech,Niagara,Home,W,83,46,https://a.espncdn.com/i/teamlogos/ncaa/500/259.png,https://a.espncdn.com/i/teamlogos/ncaa/500/315.png,99,99,2,13,,,FALSE,1,,STATUS_FINAL,2,TRUE,99,"[{'abbreviation': 'Game', 'name': 'overall', 'summary': '5-0', 'type': 'total'}
 {'abbreviation': None, 'name': 'Home', 'summary': '5-0', 'type': 'home'}
 {'abbreviation': None, 'name': 'Road', 'summary': '0-0', 'type': 'road'}
 {'abbreviation': None, 'name': 'vs. Conf.', 'summary': '0-0', 'type': 'vsconf'}]",13,FALSE,99,"[{'abbreviation': 'Game', 'name': 'overall', 'summary': '0-4', 'type': 'total'}
 {'abbreviation': None, 'name': 'Home', 'summary': '0-1', 'type': 'home'}
 {'abbreviation': None, 'name': 'Road', 'summary': '0-3', 'type': 'road'}
 {'abbreviation': None, 'name': 'vs. Conf.', 'summary': '0-0', 'type': 'vsconf'}]",,,VT,NIA,6a2c3e,69207E,cf4520,f0f0f0,VT,6a2c3e,cf4520,NIA,69207E,f0f0f0,https://raw.githubusercontent.com/sportsdataverse/wehoop-wbb-raw/main/wbb/json/final/401813850.json,2025-11-20T23:00Z,TRUE,,
401823671,2025-11-20T23:00Z,Virginia,Longwood,Home,W,94,47,https://a.espncdn.com/i/teamlogos/ncaa/500/258.png,https://a.espncdn.com/i/teamlogos/ncaa/500/2344.png,99,99,2,6,,,FALSE,1,,STATUS_FINAL,2,TRUE,99,"[{'abbreviation': 'Game', 'name': 'overall', 'summary': '4-1', 'type': 'total'}
 {'abbreviation': None, 'name': 'Home', 'summary': '4-1', 'type': 'home'}
 {'abbreviation': None, 'name': 'Road', 'summary': '0-0', 'type': 'road'}
 {'abbreviation': None, 'name': 'vs. Conf.', 'summary': '0-0', 'type': 'vsconf'}]",6,FALSE,99,"[{'abbreviation': 'Game', 'name': 'overall', 'summary': '4-2', 'type': 'total'}
 {'abbreviation': None, 'name': 'Home', 'summary': '4-0', 'type': 'home'}
 {'abbreviation': None, 'name': 'Road', 'summary': '0-2', 'type': 'road'}
 {'abbreviation': None, 'name': 'vs. Conf.', 'summary': '0-0', 'type': 'vsconf'}]",,,UVA,LONG,f84c1e,3273,232d4b,9ea2a3,UVA,f84c1e,232d4b,LONG,3273,9ea2a3,https://raw.githubusercontent.com/sportsdataverse/wehoop-wbb-raw/main/wbb/json/final/401823671.json,2025-11-20T23:00Z,TRUE,,
401822979,2025-11-20T15:15Z,West Virginia,App State,Home,W,80,51,https://a.espncdn.com/i/teamlogos/ncaa/500/277.png,https://a.espncdn.com/i/teamlogos/ncaa/500/2026.png,23,99,8,27,,,FALSE,1,,STATUS_FINAL,8,TRUE,23,"[{'abbreviation': 'Game', 'name': 'overall', 'summary': '5-0', 'type': 'total'}
 {'abbreviation': None, 'name': 'Home', 'summary': '4-0', 'type': 'home'}
 {'abbreviation': None, 'name': 'Road', 'summary': '0-0', 'type': 'road'}
 {'abbreviation': None, 'name': 'vs. Conf.', 'summary': '0-0', 'type': 'vsconf'}]",27,FALSE,99,"[{'abbreviation': 'Game', 'name': 'overall', 'summary': '3-2', 'type': 'total'}
 {'abbreviation': None, 'name': 'Home', 'summary': '3-1', 'type': 'home'}
 {'abbreviation': None, 'name': 'Road', 'summary': '0-1', 'type': 'road'}
 {'abbreviation': None, 'name': 'vs. Conf.', 'summary': '0-0', 'type': 'vsconf'}]",,,WVU,APP,eaaa00,0,2855,ffcd00,WVU,eaaa00,2855,APP,0,ffcd00,https://raw.githubusercontent.com/sportsdataverse/wehoop-wbb-raw/main/wbb/json/final/401822979.json,2025-11-20T15:15Z,TRUE,,
401826677,2025-11-20T02:00Z,Washington,Fresno State,Home,W,61,43,https://a.espncdn.com/i/teamlogos/ncaa/500/264.png,https://a.espncdn.com/i/teamlogos/ncaa/500/278.png,25,99,7,44,,,FALSE,1,,STATUS_FINAL,7,TRUE,25,"[{'abbreviation': 'Game', 'name': 'overall', 'summary': '4-0', 'type': 'total'}
 {'abbreviation': None, 'name': 'Home', 'summary': '3-0', 'type': 'home'}
 {'abbreviation': None, 'name': 'Road', 'summary': '1-0', 'type': 'road'}
 {'abbreviation': None, 'name': 'vs. Conf.', 'summary': '0-0', 'type': 'vsconf'}]",44,FALSE,99,"[{'abbreviation': 'Game', 'name': 'overall', 'summary': '3-2', 'type': 'total'}
 {'abbreviation': None, 'name': 'Home', 'summary': '2-0', 'type': 'home'}
 {'abbreviation': None, 'name': 'Road', 'summary': '1-2', 'type': 'road'}
 {'abbreviation': None, 'name': 'vs. Conf.', 'summary': '0-0', 'type': 'vsconf'}]",,,WASH,FRES,33006f,b1102b,e8d3a2,13284c,WASH,33006f,e8d3a2,FRES,b1102b,13284c,https://raw.githubusercontent.com/sportsdataverse/wehoop-wbb-raw/main/wbb/json/final/401826677.json,2025-11-20T02:00Z,TRUE,,
401818650,2025-11-20T01:00Z,Nebraska,Oral Roberts,Home,W,103,58,https://a.espncdn.com/i/teamlogos/ncaa/500/158.png,https://a.espncdn.com/i/teamlogos/ncaa/500/198.png,99,99,7,47,,,FALSE,1,,STATUS_FINAL,7,TRUE,99,"[{'abbreviation': 'Game', 'name': 'overall', 'summary': '5-0', 'type': 'total'}
 {'abbreviation': None, 'name': 'Home', 'summary': '4-0', 'type': 'home'}
 {'abbreviation': None, 'name': 'Road', 'summary': '0-0', 'type': 'road'}
 {'abbreviation': None, 'name': 'vs. Conf.', 'summary': '0-0', 'type': 'vsconf'}]",47,FALSE,99,"[{'abbreviation': 'Game', 'name': 'overall', 'summary': '2-4', 'type': 'total'}
 {'abbreviation': None, 'name': 'Home', 'summary': '2-1', 'type': 'home'}
 {'abbreviation': None, 'name': 'Road', 'summary': '0-3', 'type': 'road'}
 {'abbreviation': None, 'name': 'vs. Conf.', 'summary': '0-0', 'type': 'vsconf'}]",,,NEB,ORU,e31937,2462,ffffff,dac792,NEB,e31937,ffffff,ORU,2462,dac792,https://raw.githubusercontent.com/sportsdataverse/wehoop-wbb-raw/main/wbb/json/final/401818650.json,2025-11-20T01:00Z,TRUE,,
401818599,2025-11-20T01:00Z,Texas,James Madison,Home,W,95,56,https://a.espncdn.com/i/teamlogos/ncaa/500/251.png,https://a.espncdn.com/i/teamlogos/ncaa/500/256.png,4,99,23,27,,,FALSE,1,,STATUS_FINAL,23,TRUE,4,"[{'abbreviation': 'Game', 'name': 'overall', 'summary': '5-0', 'type': 'total'}
 {'abbreviation': None, 'name': 'Home', 'summary': '5-0', 'type': 'home'}
 {'abbreviation': None, 'name': 'Road', 'summary': '0-0', 'type': 'road'}
 {'abbreviation': None, 'name': 'vs. Conf.', 'summary': '0-0', 'type': 'vsconf'}]",27,FALSE,99,"[{'abbreviation': 'Game', 'name': 'overall', 'summary': '3-3', 'type': 'total'}
 {'abbreviation': None, 'name': 'Home', 'summary': '3-2', 'type': 'home'}
 {'abbreviation': None, 'name': 'Road', 'summary': '0-1', 'type': 'road'}
 {'abbreviation': None, 'name': 'vs. Conf.', 'summary': '0-0', 'type': 'vsconf'}]",,,TEX,JMU,af5c37,450084,ffffff,cbb677,TEX,af5c37,ffffff,JMU,450084,cbb677,https://raw.githubusercontent.com/sportsdataverse/wehoop-wbb-raw/main/wbb/json/final/401818599.json,2025-11-20T01:00Z,TRUE,,
401818599,2025-11-20T01:00Z,James Madison,Texas,Away,L,56,95,https://a.espncdn.com/i/teamlogos/ncaa/500/256.png,https://a.espncdn.com/i/teamlogos/ncaa/500/251.png,99,4,27,23,,,FALSE,1,,STATUS_FINAL,23,TRUE,4,"[{'abbreviation': 'Game', 'name': 'overall', 'summary': '5-0', 'type': 'total'}
 {'abbreviation': None, 'name': 'Home', 'summary': '5-0', 'type': 'home'}
 {'abbreviation': None, 'name': 'Road', 'summary': '0-0', 'type': 'road'}
 {'abbreviation': None, 'name': 'vs. Conf.', 'summary': '0-0', 'type': 'vsconf'}]",27,FALSE,99,"[{'abbreviation': 'Game', 'name': 'overall', 'summary': '3-3', 'type': 'total'}
 {'abbreviation': None, 'name': 'Home', 'summary': '3-2', 'type': 'home'}
 {'abbreviation': None, 'name': 'Road', 'summary': '0-1', 'type': 'road'}
 {'abbreviation': None, 'name': 'vs. Conf.', 'summary': '0-0', 'type': 'vsconf'}]",,,JMU,TEX,450084,af5c37,cbb677,ffffff,TEX,af5c37,ffffff,JMU,450084,cbb677,https://raw.githubusercontent.com/sportsdataverse/wehoop-wbb-raw/main/wbb/json/final/401818599.json,2025-11-20T01:00Z,TRUE,,
401817566,2025-11-20T01:00Z,Louisville,Morehead State,Home,W,96,49,https://a.espncdn.com/i/teamlogos/ncaa/500/97.png,https://a.espncdn.com/i/teamlogos/ncaa/500/2413.png,21,99,2,20,,,FALSE,1,,STATUS_FINAL,2,TRUE,21,"[{'abbreviation': 'Game', 'name': 'overall', 'summary': '4-1', 'type': 'total'}
 {'abbreviation': None, 'name': 'Home', 'summary': '3-0', 'type': 'home'}
 {'abbreviation': None, 'name': 'Road', 'summary': '1-0', 'type': 'road'}
 {'abbreviation': None, 'name': 'vs. Conf.', 'summary': '1-0', 'type': 'vsconf'}]",20,FALSE,99,"[{'abbreviation': 'Game', 'name': 'overall', 'summary': '1-3', 'type': 'total'}
 {'abbreviation': None, 'name': 'Home', 'summary': '0-0', 'type': 'home'}
 {'abbreviation': None, 'name': 'Road', 'summary': '1-3', 'type': 'road'}
 {'abbreviation': None, 'name': 'vs. Conf.', 'summary': '0-0', 'type': 'vsconf'}]",,,LOU,MORE,c9001f,094FA3,ffffff,fed91a,LOU,c9001f,ffffff,MORE,094FA3,fed91a,https://raw.githubusercontent.com/sportsdataverse/wehoop-wbb-raw/main/wbb/json/final/401817566.json,2025-11-20T01:00Z,TRUE,,
401825946,2025-11-20T00:30Z,Minnesota,Kansas,Away,L,57,63,https://a.espncdn.com/i/teamlogos/ncaa/500/135.png,https://a.espncdn.com/i/teamlogos/ncaa/500/2305.png,99,99,7,8,,,FALSE,1,,STATUS_FINAL,8,TRUE,99,"[{'abbreviation': 'Game', 'name': 'overall', 'summary': '5-0', 'type': 'total'}
 {'abbreviation': None, 'name': 'Home', 'summary': '4-0', 'type': 'home'}
 {'abbreviation': None, 'name': 'Road', 'summary': '0-0', 'type': 'road'}
 {'abbreviation': None, 'name': 'vs. Conf.', 'summary': '0-0', 'type': 'vsconf'}]",7,FALSE,99,"[{'abbreviation': 'Game', 'name': 'overall', 'summary': '4-1', 'type': 'total'}
 {'abbreviation': None, 'name': 'Home', 'summary': '4-0', 'type': 'home'}
 {'abbreviation': None, 'name': 'Road', 'summary': '0-1', 'type': 'road'}
 {'abbreviation': None, 'name': 'vs. Conf.', 'summary': '0-0', 'type': 'vsconf'}]",,,MINN,KU,5e0a2f,0051ba,fab41c,e8000d,KU,0051ba,e8000d,MINN,5e0a2f,fab41c,https://raw.githubusercontent.com/sportsdataverse/wehoop-wbb-raw/main/wbb/json/final/401825946.json,2025-11-20T00:30Z,TRUE,,
401818608,2025-11-20T00:30Z,Vanderbilt,Western Kentucky,Away,W,87,49,https://a.espncdn.com/i/teamlogos/ncaa/500/238.png,https://a.espncdn.com/i/teamlogos/ncaa/500/98.png,17,99,23,11,,,FALSE,1,,STATUS_FINAL,11,FALSE,99,"[{'abbreviation': 'Game', 'name': 'overall', 'summary': '2-3', 'type': 'total'}
 {'abbreviation': None, 'name': 'Home', 'summary': '2-2', 'type': 'home'}
 {'abbreviation': None, 'name': 'Road', 'summary': '0-1', 'type': 'road'}
 {'abbreviation': None, 'name': 'vs. Conf.', 'summary': '0-0', 'type': 'vsconf'}]",23,TRUE,17,"[{'abbreviation': 'Game', 'name': 'overall', 'summary': '4-0', 'type': 'total'}
 {'abbreviation': None, 'name': 'Home', 'summary': '1-0', 'type': 'home'}
 {'abbreviation': None, 'name': 'Road', 'summary': '2-0', 'type': 'road'}
 {'abbreviation': None, 'name': 'vs. Conf.', 'summary': '0-0', 'type': 'vsconf'}]",,,VAN,WKU,0,e13a3e,cfae70,ffffff,WKU,e13a3e,ffffff,VAN,0,cfae70,https://raw.githubusercontent.com/sportsdataverse/wehoop-wbb-raw/main/wbb/json/final/401818608.json,2025-11-20T00:30Z,TRUE,,
401817395,2025-11-20T00:00Z,Oklahoma State,St. John's,Away,L,67,74,https://a.espncdn.com/i/teamlogos/ncaa/500/197.png,https://a.espncdn.com/i/teamlogos/ncaa/500/2599.png,18,99,8,4,,,FALSE,1,,STATUS_FINAL,4,TRUE,99,"[{'abbreviation': 'Game', 'name': 'overall', 'summary': '4-1', 'type': 'total'}
 {'abbreviation': None, 'name': 'Home', 'summary': '3-0', 'type': 'home'}
 {'abbreviation': None, 'name': 'Road', 'summary': '1-1', 'type': 'road'}
 {'abbreviation': None, 'name': 'vs. Conf.', 'summary': '0-0', 'type': 'vsconf'}]",8,FALSE,18,"[{'abbreviation': 'Game', 'name': 'overall', 'summary': '5-1', 'type': 'total'}
 {'abbreviation': None, 'name': 'Home', 'summary': '5-0', 'type': 'home'}
 {'abbreviation': None, 'name': 'Road', 'summary': '0-1', 'type': 'road'}
 {'abbreviation': None, 'name': 'vs. Conf.', 'summary': '0-0', 'type': 'vsconf'}]",,,OKST,SJU,fe5c00,d10000,0,101010,SJU,d10000,101010,OKST,fe5c00,0,https://raw.githubusercontent.com/sportsdataverse/wehoop-wbb-raw/main/wbb/json/final/401817395.json,2025-11-20T00:00Z,TRUE,,
401811127,2025-11-20T00:00Z,South Carolina,Winthrop,Home,W,106,56,https://a.espncdn.com/i/teamlogos/ncaa/500/2579.png,https://a.espncdn.com/i/teamlogos/ncaa/500/2737.png,2,99,23,6,,,FALSE,1,,STATUS_FINAL,23,TRUE,2,"[{'abbreviation': 'Game', 'name': 'overall', 'summary': '5-0', 'type': 'total'}
 {'abbreviation': None, 'name': 'Home', 'summary': '4-0', 'type': 'home'}
 {'abbreviation': None, 'name': 'Road', 'summary': '0-0', 'type': 'road'}
 {'abbreviation': None, 'name': 'vs. Conf.', 'summary': '0-0', 'type': 'vsconf'}]",6,FALSE,99,"[{'abbreviation': 'Game', 'name': 'overall', 'summary': '2-3', 'type': 'total'}
 {'abbreviation': None, 'name': 'Home', 'summary': '2-0', 'type': 'home'}
 {'abbreviation': None, 'name': 'Road', 'summary': '0-3', 'type': 'road'}
 {'abbreviation': None, 'name': 'vs. Conf.', 'summary': '0-0', 'type': 'vsconf'}]",,,SC,WIN,73000a,9e0b0e,0,fdb41e,SC,73000a,0,WIN,9e0b0e,fdb41e,https://raw.githubusercontent.com/sportsdataverse/wehoop-wbb-raw/main/wbb/json/final/401811127.json,2025-11-20T00:00Z,TRUE,,
401818678,2025-11-20T00:00Z,Oregon,Washington State,Away,W,86,59,https://a.espncdn.com/i/teamlogos/ncaa/500/2483.png,https://a.espncdn.com/i/teamlogos/ncaa/500/265.png,99,99,7,29,,,FALSE,1,,STATUS_FINAL,29,FALSE,99,"[{'abbreviation': 'Game', 'name': 'overall', 'summary': '0-5', 'type': 'total'}
 {'abbreviation': None, 'name': 'Home', 'summary': '0-3', 'type': 'home'}
 {'abbreviation': None, 'name': 'Road', 'summary': '0-2', 'type': 'road'}
 {'abbreviation': None, 'name': 'vs. Conf.', 'summary': '0-0', 'type': 'vsconf'}]",7,TRUE,99,"[{'abbreviation': 'Game', 'name': 'overall', 'summary': '5-0', 'type': 'total'}
 {'abbreviation': None, 'name': 'Home', 'summary': '4-0', 'type': 'home'}
 {'abbreviation': None, 'name': 'Road', 'summary': '1-0', 'type': 'road'}
 {'abbreviation': None, 'name': 'vs. Conf.', 'summary': '0-0', 'type': 'vsconf'}]",,,ORE,WSU,00934b,a60f2d,fff41b,4d4d4d,WSU,a60f2d,4d4d4d,ORE,00934b,fff41b,https://raw.githubusercontent.com/sportsdataverse/wehoop-wbb-raw/main/wbb/json/final/401818678.json,2025-11-20T00:00Z,TRUE,,
401830624,2025-11-20T00:00Z,Oklahoma,East Texas A&M,Home,W,112,59,https://a.espncdn.com/i/teamlogos/ncaa/500/201.png,https://a.espncdn.com/i/teamlogos/ncaa/500/2837.png,8,99,23,25,,,FALSE,1,,STATUS_FINAL,23,TRUE,8,"[{'abbreviation': 'Game', 'name': 'overall', 'summary': '5-1', 'type': 'total'}
 {'abbreviation': None, 'name': 'Home', 'summary': '4-0', 'type': 'home'}
 {'abbreviation': None, 'name': 'Road', 'summary': '1-0', 'type': 'road'}
 {'abbreviation': None, 'name': 'vs. Conf.', 'summary': '0-0', 'type': 'vsconf'}]",25,FALSE,99,"[{'abbreviation': 'Game', 'name': 'overall', 'summary': '2-2', 'type': 'total'}
 {'abbreviation': None, 'name': 'Home', 'summary': '2-0', 'type': 'home'}
 {'abbreviation': None, 'name': 'Road', 'summary': '0-2', 'type': 'road'}
 {'abbreviation': None, 'name': 'vs. Conf.', 'summary': '0-0', 'type': 'vsconf'}]",,,OU,ETAM,990000,0,ffffff,,OU,990000,ffffff,ETAM,0,,https://raw.githubusercontent.com/sportsdataverse/wehoop-wbb-raw/main/wbb/json/final/401830624.json,2025-11-20T00:00Z,TRUE,,
401827784,2025-11-20T00:00Z,Princeton,Rice,Home,W,69,56,https://a.espncdn.com/i/teamlogos/ncaa/500/163.png,https://a.espncdn.com/i/teamlogos/ncaa/500/242.png,99,99,12,62,,,FALSE,1,,STATUS_FINAL,12,TRUE,99,"[{'abbreviation': 'Game', 'name': 'overall', 'summary': '3-1', 'type': 'total'}
 {'abbreviation': None, 'name': 'Home', 'summary': '1-0', 'type': 'home'}
 {'abbreviation': None, 'name': 'Road', 'summary': '2-1', 'type': 'road'}
 {'abbreviation': None, 'name': 'vs. Conf.', 'summary': '0-0', 'type': 'vsconf'}]",62,FALSE,99,"[{'abbreviation': 'Game', 'name': 'overall', 'summary': '2-2', 'type': 'total'}
 {'abbreviation': None, 'name': 'Home', 'summary': '1-0', 'type': 'home'}
 {'abbreviation': None, 'name': 'Road', 'summary': '1-2', 'type': 'road'}
 {'abbreviation': None, 'name': 'vs. Conf.', 'summary': '0-0', 'type': 'vsconf'}]",,,PRIN,RICE,0,00205b,ff6000,c1c6c8,PRIN,0,ff6000,RICE,00205b,c1c6c8,https://raw.githubusercontent.com/sportsdataverse/wehoop-wbb-raw/main/wbb/json/final/401827784.json,2025-11-20T00:00Z,TRUE,,
401813265,2025-11-20T00:00Z,Alabama,Samford,Home,W,84,45,https://a.espncdn.com/i/teamlogos/ncaa/500/333.png,https://a.espncdn.com/i/teamlogos/ncaa/500/2535.png,99,99,23,24,,,FALSE,1,,STATUS_FINAL,23,TRUE,99,"[{'abbreviation': 'Game', 'name': 'overall', 'summary': '5-0', 'type': 'total'}
 {'abbreviation': None, 'name': 'Home', 'summary': '5-0', 'type': 'home'}
 {'abbreviation': None, 'name': 'Road', 'summary': '0-0', 'type': 'road'}
 {'abbreviation': None, 'name': 'vs. Conf.', 'summary': '0-0', 'type': 'vsconf'}]",24,FALSE,99,"[{'abbreviation': 'Game', 'name': 'overall', 'summary': '2-3', 'type': 'total'}
 {'abbreviation': None, 'name': 'Home', 'summary': '1-0', 'type': 'home'}
 {'abbreviation': None, 'name': 'Road', 'summary': '1-3', 'type': 'road'}
 {'abbreviation': None, 'name': 'vs. Conf.', 'summary': '0-0', 'type': 'vsconf'}]",,,ALA,SAM,9e1b32,5485,ffffff,bc0023,ALA,9e1b32,ffffff,SAM,5485,bc0023,https://raw.githubusercontent.com/sportsdataverse/wehoop-wbb-raw/main/wbb/json/final/401813265.json,2025-11-20T00:00Z,TRUE,,
401818669,2025-11-19T23:30Z,Ohio State,Kent State,Home,W,88,68,https://a.espncdn.com/i/teamlogos/ncaa/500/194.png,https://a.espncdn.com/i/teamlogos/ncaa/500/2309.png,99,99,7,14,,,FALSE,1,,STATUS_FINAL,7,TRUE,99,"[{'abbreviation': 'Game', 'name': 'overall', 'summary': '3-1', 'type': 'total'}
 {'abbreviation': None, 'name': 'Home', 'summary': '3-0', 'type': 'home'}
 {'abbreviation': None, 'name': 'Road', 'summary': '0-1', 'type': 'road'}
 {'abbreviation': None, 'name': 'vs. Conf.', 'summary': '0-0', 'type': 'vsconf'}]",14,FALSE,99,"[{'abbreviation': 'Game', 'name': 'overall', 'summary': '3-3', 'type': 'total'}
 {'abbreviation': None, 'name': 'Home', 'summary': '2-0', 'type': 'home'}
 {'abbreviation': None, 'name': 'Road', 'summary': '1-3', 'type': 'road'}
 {'abbreviation': None, 'name': 'vs. Conf.', 'summary': '0-0', 'type': 'vsconf'}]",,,OSU,KENT,ba0c2f,2664,a8adb4,eaab00,OSU,ba0c2f,a8adb4,KENT,2664,eaab00,https://raw.githubusercontent.com/sportsdataverse/wehoop-wbb-raw/main/wbb/json/final/401818669.json,2025-11-19T23:30Z,TRUE,,
401817577,2025-11-19T23:00Z,NC State,Coastal Carolina,Home,W,71,58,https://a.espncdn.com/i/teamlogos/ncaa/500/152.png,https://a.espncdn.com/i/teamlogos/ncaa/500/324.png,16,99,2,27,,,FALSE,1,,STATUS_FINAL,2,TRUE,16,"[{'abbreviation': 'Game', 'name': 'overall', 'summary': '3-2', 'type': 'total'}
 {'abbreviation': None, 'name': 'Home', 'summary': '2-1', 'type': 'home'}
 {'abbreviation': None, 'name': 'Road', 'summary': '0-0', 'type': 'road'}
 {'abbreviation': None, 'name': 'vs. Conf.', 'summary': '0-0', 'type': 'vsconf'}]",27,FALSE,99,"[{'abbreviation': 'Game', 'name': 'overall', 'summary': '2-4', 'type': 'total'}
 {'abbreviation': None, 'name': 'Home', 'summary': '1-1', 'type': 'home'}
 {'abbreviation': None, 'name': 'Road', 'summary': '1-3', 'type': 'road'}
 {'abbreviation': None, 'name': 'vs. Conf.', 'summary': '0-0', 'type': 'vsconf'}]",,,NCSU,CCU,cc0000,006f71,ffffff,a27752,NCSU,cc0000,ffffff,CCU,006f71,a27752,https://raw.githubusercontent.com/sportsdataverse/wehoop-wbb-raw/main/wbb/json/final/401817577.json,2025-11-19T23:00Z,TRUE,,
401823108,2025-11-19T23:00Z,Rhode Island,Holy Cross,Home,W,73,59,https://a.espncdn.com/i/teamlogos/ncaa/500/227.png,https://a.espncdn.com/i/teamlogos/ncaa/500/107.png,99,99,3,22,,,FALSE,1,,STATUS_FINAL,3,TRUE,99,"[{'abbreviation': 'Game', 'name': 'overall', 'summary': '5-1', 'type': 'total'}
 {'abbreviation': None, 'name': 'Home', 'summary': '4-0', 'type': 'home'}
 {'abbreviation': None, 'name': 'Road', 'summary': '1-1', 'type': 'road'}
 {'abbreviation': None, 'name': 'vs. Conf.', 'summary': '0-0', 'type': 'vsconf'}]",22,FALSE,99,"[{'abbreviation': 'Game', 'name': 'overall', 'summary': '2-3', 'type': 'total'}
 {'abbreviation': None, 'name': 'Home', 'summary': '1-0', 'type': 'home'}
 {'abbreviation': None, 'name': 'Road', 'summary': '1-3', 'type': 'road'}
 {'abbreviation': None, 'name': 'vs. Conf.', 'summary': '0-0', 'type': 'vsconf'}]",,,URI,HC,091f3f,582c83,5ab3e8,ffffff,URI,091f3f,5ab3e8,HC,582c83,ffffff,https://raw.githubusercontent.com/sportsdataverse/wehoop-wbb-raw/main/wbb/json/final/401823108.json,2025-11-19T23:00Z,TRUE,,
401826078,2025-11-19T03:00Z,USC,Portland,Home,W,78,51,https://a.espncdn.com/i/teamlogos/ncaa/500/30.png,https://a.espncdn.com/i/teamlogos/ncaa/500/2501.png,11,99,7,29,,,FALSE,1,,STATUS_FINAL,7,TRUE,11,"[{'abbreviation': 'Game', 'name': 'overall', 'summary': '3-1', 'type': 'total'}
 {'abbreviation': None, 'name': 'Home', 'summary': '2-0', 'type': 'home'}
 {'abbreviation': None, 'name': 'Road', 'summary': '0-0', 'type': 'road'}
 {'abbreviation': None, 'name': 'vs. Conf.', 'summary': '0-0', 'type': 'vsconf'}]",29,FALSE,99,"[{'abbreviation': 'Game', 'name': 'overall', 'summary': '2-2', 'type': 'total'}
 {'abbreviation': None, 'name': 'Home', 'summary': '2-1', 'type': 'home'}
 {'abbreviation': None, 'name': 'Road', 'summary': '0-1', 'type': 'road'}
 {'abbreviation': None, 'name': 'vs. Conf.', 'summary': '0-0', 'type': 'vsconf'}]",,,USC,PORT,9d2235,330072,ffc72c,a8b3ba,USC,9d2235,ffc72c,PORT,330072,a8b3ba,https://raw.githubusercontent.com/sportsdataverse/wehoop-wbb-raw/main/wbb/json/final/401826078.json,2025-11-19T03:00Z,TRUE,,
401825935,2025-11-19T02:00Z,Colorado,Boise State,Home,W,83,53,https://a.espncdn.com/i/teamlogos/ncaa/500/38.png,https://a.espncdn.com/i/teamlogos/ncaa/500/68.png,99,99,8,44,,,FALSE,1,,STATUS_FINAL,8,TRUE,99,"[{'abbreviation': 'Game', 'name': 'overall', 'summary': '3-1', 'type': 'total'}
 {'abbreviation': None, 'name': 'Home', 'summary': '3-0', 'type': 'home'}
 {'abbreviation': None, 'name': 'Road', 'summary': '0-1', 'type': 'road'}
 {'abbreviation': None, 'name': 'vs. Conf.', 'summary': '0-0', 'type': 'vsconf'}]",44,FALSE,99,"[{'abbreviation': 'Game', 'name': 'overall', 'summary': '3-1', 'type': 'total'}
 {'abbreviation': None, 'name': 'Home', 'summary': '3-0', 'type': 'home'}
 {'abbreviation': None, 'name': 'Road', 'summary': '0-1', 'type': 'road'}
 {'abbreviation': None, 'name': 'vs. Conf.', 'summary': '0-0', 'type': 'vsconf'}]",,,COLO,BOIS,cfb87c,0033a0,0,d64309,COLO,cfb87c,0,BOIS,0033a0,d64309,https://raw.githubusercontent.com/sportsdataverse/wehoop-wbb-raw/main/wbb/json/final/401825935.json,2025-11-19T02:00Z,TRUE,,
401825059,2025-11-19T01:00Z,Ole Miss,Memphis,Away,W,73,6.40E+01,https://a.espncdn.com/i/teamlogos/ncaa/500/145.png,https://a.espncdn.com/i/teamlogos/ncaa/500/235.png,13,99,2.30E+01,62,,,FALSE,1,,STATUS_FINAL,62,FALSE,99,"[{'abbreviation': 'Game', 'name': 'overall', 'summary': '2-3', 'type': 'total'}
 {'abbreviation': None, 'name': 'Home', 'summary': '0-3', 'type': 'home'}
 {'abbreviation': None, 'name': 'Road', 'summary': '2-0', 'type': 'road'}
 {'abbreviation': None, 'name': 'vs. Conf.', 'summary': '0-0', 'type': 'vsconf'}]",23,TRUE,13,"[{'abbreviation': 'Game', 'name': 'overall', 'summary': '4-0', 'type': 'total'}
 {'abbreviation': None, 'name': 'Home', 'summary': '2-0', 'type': 'home'}
 {'abbreviation': None, 'name': 'Road', 'summary': '2-0', 'type': 'road'}
 {'abbreviation': None, 'name': 'vs. Conf.', 'summary': '0-0', 'type': 'vsconf'}]",,,MISS,MEM,13294b,4991,cf142b,8e908f,MEM,4991,8e908f,MISS,13294b,cf142b,https://raw.githubusercontent.com/sportsdataverse/wehoop-wbb-raw/main/wbb/json/final/401825059.json,2025-11-19T01:00Z,TRUE,,
401818581,2025-11-19T00:00Z,Kentucky,Purdue,Home,W,76,3.50E+01,https://a.espncdn.com/i/teamlogos/ncaa/500/96.png,https://a.espncdn.com/i/teamlogos/ncaa/500/2509.png,20,99,2.30E+01,7,,,FALSE,1,,STATUS_FINAL,23,TRUE,20,"[{'abbreviation': 'Game', 'name': 'overall', 'summary': '6-0', 'type': 'total'}
 {'abbreviation': None, 'name': 'Home', 'summary': '4-0', 'type': 'home'}
 {'abbreviation': None, 'name': 'Road', 'summary': '2-0', 'type': 'road'}
 {'abbreviation': None, 'name': 'vs. Conf.', 'summary': '0-0', 'type': 'vsconf'}]",7,FALSE,99,"[{'abbreviation': 'Game', 'name': 'overall', 'summary': '2-2', 'type': 'total'}
 {'abbreviation': None, 'name': 'Home', 'summary': '2-0', 'type': 'home'}
 {'abbreviation': None, 'name': 'Road', 'summary': '0-2', 'type': 'road'}
 {'abbreviation': None, 'name': 'vs. Conf.', 'summary': '0-0', 'type': 'vsconf'}]",,,UK,PUR,0033a0,ceb888,ffffff,0,UK,0033a0,ffffff,PUR,ceb888,0,https://raw.githubusercontent.com/sportsdataverse/wehoop-wbb-raw/main/wbb/json/final/401818581.json,2025-11-19T00:00Z,TRUE,,
401823693,2025-11-19T00:00Z,Michigan,Binghamton,Home,W,120,50,https://a.espncdn.com/i/teamlogos/ncaa/500/130.png,https://a.espncdn.com/i/teamlogos/ncaa/500/2066.png,6,99,7,1,,,FALSE,1,,STATUS_FINAL,7,TRUE,6,"[{'abbreviation': 'Game', 'name': 'overall', 'summary': '4-0', 'type': 'total'}
 {'abbreviation': None, 'name': 'Home', 'summary': '3-0', 'type': 'home'}
 {'abbreviation': None, 'name': 'Road', 'summary': '0-0', 'type': 'road'}
 {'abbreviation': None, 'name': 'vs. Conf.', 'summary': '0-0', 'type': 'vsconf'}]",1,FALSE,99,"[{'abbreviation': 'Game', 'name': 'overall', 'summary': '2-2', 'type': 'total'}
 {'abbreviation': None, 'name': 'Home', 'summary': '2-1', 'type': 'home'}
 {'abbreviation': None, 'name': 'Road', 'summary': '0-1', 'type': 'road'}
 {'abbreviation': None, 'name': 'vs. Conf.', 'summary': '0-0', 'type': 'vsconf'}]",,,MICH,BING,00274c,00614A,ffcb05,f0f0f0,MICH,00274c,ffcb05,BING,00614A,f0f0f0,https://raw.githubusercontent.com/sportsdataverse/wehoop-wbb-raw/main/wbb/json/final/401823693.json,2025-11-19T00:00Z,TRUE,,
401824156,2025-11-18T23:00Z,Richmond,Temple,Home,W,72,57,https://a.espncdn.com/i/teamlogos/ncaa/500/257.png,https://a.espncdn.com/i/teamlogos/ncaa/500/218.png,99,99,3,62,,,FALSE,1,,STATUS_FINAL,3,TRUE,99,"[{'abbreviation': 'Game', 'name': 'overall', 'summary': '4-1', 'type': 'total'}
 {'abbreviation': None, 'name': 'Home', 'summary': '2-0', 'type': 'home'}
 {'abbreviation': None, 'name': 'Road', 'summary': '2-1', 'type': 'road'}
 {'abbreviation': None, 'name': 'vs. Conf.', 'summary': '0-0', 'type': 'vsconf'}]",62,FALSE,99,"[{'abbreviation': 'Game', 'name': 'overall', 'summary': '3-2', 'type': 'total'}
 {'abbreviation': None, 'name': 'Home', 'summary': '3-0', 'type': 'home'}
 {'abbreviation': None, 'name': 'Road', 'summary': '0-2', 'type': 'road'}
 {'abbreviation': None, 'name': 'vs. Conf.', 'summary': '0-0', 'type': 'vsconf'}]",,,RICH,TEM,9e0712,a41e35,b90b2e,ffffff,RICH,9e0712,b90b2e,TEM,a41e35,ffffff,https://raw.githubusercontent.com/sportsdataverse/wehoop-wbb-raw/main/wbb/json/final/401824156.json,2025-11-18T23:00Z,TRUE,,
401818619,2025-11-18T17:00Z,Illinois,Murray State,Home,W,84,64,https://a.espncdn.com/i/teamlogos/ncaa/500/356.png,https://a.espncdn.com/i/teamlogos/ncaa/500/93.png,99,99,7,18,,,FALSE,1,,STATUS_FINAL,7,TRUE,99,"[{'abbreviation': 'Game', 'name': 'overall', 'summary': '3-1', 'type': 'total'}
 {'abbreviation': None, 'name': 'Home', 'summary': '3-0', 'type': 'home'}
 {'abbreviation': None, 'name': 'Road', 'summary': '0-1', 'type': 'road'}
 {'abbreviation': None, 'name': 'vs. Conf.', 'summary': '0-0', 'type': 'vsconf'}]",18,FALSE,99,"[{'abbreviation': 'Game', 'name': 'overall', 'summary': '2-2', 'type': 'total'}
 {'abbreviation': None, 'name': 'Home', 'summary': '1-0', 'type': 'home'}
 {'abbreviation': None, 'name': 'Road', 'summary': '1-2', 'type': 'road'}
 {'abbreviation': None, 'name': 'vs. Conf.', 'summary': '0-0', 'type': 'vsconf'}]",,,ILL,MUR,ff5f05,2148,13294b,0.00E+00,ILL,ff5f05,13294b,MUR,2148,0.00E+00,https://raw.githubusercontent.com/sportsdataverse/wehoop-wbb-raw/main/wbb/json/final/401818619.json,2025-11-18T17:00Z,TRUE,,
401817374,2025-11-18T00:00Z,LSU,Tulane,Away,W,101,71,https://a.espncdn.com/i/teamlogos/ncaa/500/99.png,https://a.espncdn.com/i/teamlogos/ncaa/500/2655.png,5,99,23,62,,,FALSE,1,,STATUS_FINAL,62,FALSE,99,"[{'abbreviation': 'Game', 'name': 'overall', 'summary': '2-2', 'type': 'total'}
 {'abbreviation': None, 'name': 'Home', 'summary': '2-2', 'type': 'home'}
 {'abbreviation': None, 'name': 'Road', 'summary': '0-0', 'type': 'road'}
 {'abbreviation': None, 'name': 'vs. Conf.', 'summary': '0-0', 'type': 'vsconf'}]",23,TRUE,5,"[{'abbreviation': 'Game', 'name': 'overall', 'summary': '5-0', 'type': 'total'}
 {'abbreviation': None, 'name': 'Home', 'summary': '3-0', 'type': 'home'}
 {'abbreviation': None, 'name': 'Road', 'summary': '2-0', 'type': 'road'}
 {'abbreviation': None, 'name': 'vs. Conf.', 'summary': '0-0', 'type': 'vsconf'}]",,,LSU,TULN,461d76,6747,fdd023,418fde,TULN,6747,418fde,LSU,461d76,fdd023,https://raw.githubusercontent.com/sportsdataverse/wehoop-wbb-raw/main/wbb/json/final/401817374.json,2025-11-18T00:00Z,TRUE,,
401813264,2025-11-18T00:00Z,Alabama,Alabama A&M,Home,W,66,43,https://a.espncdn.com/i/teamlogos/ncaa/500/333.png,https://a.espncdn.com/i/teamlogos/ncaa/500/2010.png,99,99,23,26,,,FALSE,1,,STATUS_FINAL,23,TRUE,99,"[{'abbreviation': 'Game', 'name': 'overall', 'summary': '4-0', 'type': 'total'}
 {'abbreviation': None, 'name': 'Home', 'summary': '4-0', 'type': 'home'}
 {'abbreviation': None, 'name': 'Road', 'summary': '0-0', 'type': 'road'}
 {'abbreviation': None, 'name': 'vs. Conf.', 'summary': '0-0', 'type': 'vsconf'}]",26,FALSE,99,"[{'abbreviation': 'Game', 'name': 'overall', 'summary': '1-3', 'type': 'total'}
 {'abbreviation': None, 'name': 'Home', 'summary': '1-1', 'type': 'home'}
 {'abbreviation': None, 'name': 'Road', 'summary': '0-2', 'type': 'road'}
 {'abbreviation': None, 'name': 'vs. Conf.', 'summary': '0-0', 'type': 'vsconf'}]",,,ALA,AAMU,9e1b32,790000,ffffff,ffffff,ALA,9e1b32,ffffff,AAMU,790000,ffffff,https://raw.githubusercontent.com/sportsdataverse/wehoop-wbb-raw/main/wbb/json/final/401813264.json,2025-11-18T00:00Z,TRUE,,
401819607,2025-11-16T22:00Z,Stanford,Gonzaga,Away,W,65,52,https://a.espncdn.com/i/teamlogos/ncaa/500/24.png,https://a.espncdn.com/i/teamlogos/ncaa/500/2250.png,99,99,2,29,,,FALSE,1,,STATUS_FINAL,29,FALSE,99,"[{'abbreviation': 'Game', 'name': 'overall', 'summary': '2-2', 'type': 'total'}
 {'abbreviation': None, 'name': 'Home', 'summary': '0-2', 'type': 'home'}
 {'abbreviation': None, 'name': 'Road', 'summary': '2-0', 'type': 'road'}
 {'abbreviation': None, 'name': 'vs. Conf.', 'summary': '0-0', 'type': 'vsconf'}]",2,TRUE,99,"[{'abbreviation': 'Game', 'name': 'overall', 'summary': '5-0', 'type': 'total'}
 {'abbreviation': None, 'name': 'Home', 'summary': '3-0', 'type': 'home'}
 {'abbreviation': None, 'name': 'Road', 'summary': '2-0', 'type': 'road'}
 {'abbreviation': None, 'name': 'vs. Conf.', 'summary': '0-0', 'type': 'vsconf'}]",,,STAN,GONZ,8c1515,4.10E+43,ffffff,c8102e,GONZ,4.10E+43,c8102e,STAN,8c1515,ffffff,https://raw.githubusercontent.com/sportsdataverse/wehoop-wbb-raw/main/wbb/json/final/401819607.json,2025-11-16T22:00Z,TRUE,,
401818598,2025-11-16T22:00Z,Texas,Texas Southern,Home,W,111,45,https://a.espncdn.com/i/teamlogos/ncaa/500/251.png,https://a.espncdn.com/i/teamlogos/ncaa/500/2640.png,4,99,23,26,,,FALSE,1,,STATUS_FINAL,23,TRUE,4,"[{'abbreviation': 'Game', 'name': 'overall', 'summary': '4-0', 'type': 'total'}
 {'abbreviation': None, 'name': 'Home', 'summary': '4-0', 'type': 'home'}
 {'abbreviation': None, 'name': 'Road', 'summary': '0-0', 'type': 'road'}
 {'abbreviation': None, 'name': 'vs. Conf.', 'summary': '0-0', 'type': 'vsconf'}]",26,FALSE,99,"[{'abbreviation': 'Game', 'name': 'overall', 'summary': '2-1', 'type': 'total'}
 {'abbreviation': None, 'name': 'Home', 'summary': '2-0', 'type': 'home'}
 {'abbreviation': None, 'name': 'Road', 'summary': '0-1', 'type': 'road'}
 {'abbreviation': None, 'name': 'vs. Conf.', 'summary': '0-0', 'type': 'vsconf'}]",,,TEX,TXSO,af5c37,860038,ffffff,ffffff,TEX,af5c37,ffffff,TXSO,860038,ffffff,https://raw.githubusercontent.com/sportsdataverse/wehoop-wbb-raw/main/wbb/json/final/401818598.json,2025-11-16T22:00Z,TRUE,,
401818677,2025-11-16T22:00Z,Oregon,Army,Home,W,80,55,https://a.espncdn.com/i/teamlogos/ncaa/500/2483.png,https://a.espncdn.com/i/teamlogos/ncaa/500/349.png,99,99,7,22,,,FALSE,1,,STATUS_FINAL,7,TRUE,99,"[{'abbreviation': 'Game', 'name': 'overall', 'summary': '4-0', 'type': 'total'}
 {'abbreviation': None, 'name': 'Home', 'summary': '4-0', 'type': 'home'}
 {'abbreviation': None, 'name': 'Road', 'summary': '0-0', 'type': 'road'}
 {'abbreviation': None, 'name': 'vs. Conf.', 'summary': '0-0', 'type': 'vsconf'}]",22,FALSE,99,"[{'abbreviation': 'Game', 'name': 'overall', 'summary': '3-1', 'type': 'total'}
 {'abbreviation': None, 'name': 'Home', 'summary': '2-0', 'type': 'home'}
 {'abbreviation': None, 'name': 'Road', 'summary': '1-1', 'type': 'road'}
 {'abbreviation': None, 'name': 'vs. Conf.', 'summary': '0-0', 'type': 'vsconf'}]",,,ORE,ARMY,00934b,0,fff41b,d3bc8d,ORE,00934b,fff41b,ARMY,0,d3bc8d,https://raw.githubusercontent.com/sportsdataverse/wehoop-wbb-raw/main/wbb/json/final/401818677.json,2025-11-16T22:00Z,TRUE,,
401827467,2025-11-16T20:30Z,Oklahoma,Western Carolina,Away,W,95,32,https://a.espncdn.com/i/teamlogos/ncaa/500/201.png,https://a.espncdn.com/i/teamlogos/ncaa/500/2717.png,6,99,23,24,,,FALSE,1,,STATUS_FINAL,24,FALSE,99,"[{'abbreviation': 'Game', 'name': 'overall', 'summary': '2-2', 'type': 'total'}
 {'abbreviation': None, 'name': 'Home', 'summary': '2-1', 'type': 'home'}
 {'abbreviation': None, 'name': 'Road', 'summary': '0-1', 'type': 'road'}
 {'abbreviation': None, 'name': 'vs. Conf.', 'summary': '0-0', 'type': 'vsconf'}]",23,TRUE,6,"[{'abbreviation': 'Game', 'name': 'overall', 'summary': '4-1', 'type': 'total'}
 {'abbreviation': None, 'name': 'Home', 'summary': '3-0', 'type': 'home'}
 {'abbreviation': None, 'name': 'Road', 'summary': '1-0', 'type': 'road'}
 {'abbreviation': None, 'name': 'vs. Conf.', 'summary': '0-0', 'type': 'vsconf'}]",,,OU,WCU,990000,492F91,ffffff,bf9e70,WCU,492F91,bf9e70,OU,990000,ffffff,https://raw.githubusercontent.com/sportsdataverse/wehoop-wbb-raw/main/wbb/json/final/401827467.json,2025-11-16T20:30Z,TRUE,,
401819580,2025-11-16T20:00Z,Clemson,Louisville,Home,L,54,65,https://a.espncdn.com/i/teamlogos/ncaa/500/228.png,https://a.espncdn.com/i/teamlogos/ncaa/500/97.png,99,22,2,2,,,TRUE,1,,STATUS_FINAL,2,FALSE,99,"[{'abbreviation': 'Game', 'name': 'overall', 'summary': '3-2', 'type': 'total'}
 {'abbreviation': None, 'name': 'Home', 'summary': '2-1', 'type': 'home'}
 {'abbreviation': None, 'name': 'Road', 'summary': '1-1', 'type': 'road'}
 {'abbreviation': None, 'name': 'vs. Conf.', 'summary': '0-1', 'type': 'vsconf'}]",2,TRUE,22,"[{'abbreviation': 'Game', 'name': 'overall', 'summary': '3-1', 'type': 'total'}
 {'abbreviation': None, 'name': 'Home', 'summary': '2-0', 'type': 'home'}
 {'abbreviation': None, 'name': 'Road', 'summary': '1-0', 'type': 'road'}
 {'abbreviation': None, 'name': 'vs. Conf.', 'summary': '1-0', 'type': 'vsconf'}]",2,ACC,CLEM,LOU,f56600,c9001f,ffffff,ffffff,CLEM,f56600,ffffff,LOU,c9001f,ffffff,https://raw.githubusercontent.com/sportsdataverse/wehoop-wbb-raw/main/wbb/json/final/401819580.json,2025-11-16T20:00Z,TRUE,,
401824181,2025-11-16T20:00Z,Baylor,Le Moyne,Home,W,99,43,https://a.espncdn.com/i/teamlogos/ncaa/500/239.png,https://a.espncdn.com/i/teamlogos/ncaa/500/2330.png,7,99,8,19,,,FALSE,1,,STATUS_FINAL,8,TRUE,7,"[{'abbreviation': 'Game', 'name': 'overall', 'summary': '4-0', 'type': 'total'}
 {'abbreviation': None, 'name': 'Home', 'summary': '2-0', 'type': 'home'}
 {'abbreviation': None, 'name': 'Road', 'summary': '1-0', 'type': 'road'}
 {'abbreviation': None, 'name': 'vs. Conf.', 'summary': '0-0', 'type': 'vsconf'}]",19,FALSE,99,"[{'abbreviation': 'Game', 'name': 'overall', 'summary': '1-2', 'type': 'total'}
 {'abbreviation': None, 'name': 'Home', 'summary': '0-0', 'type': 'home'}
 {'abbreviation': None, 'name': 'Road', 'summary': '1-2', 'type': 'road'}
 {'abbreviation': None, 'name': 'vs. Conf.', 'summary': '0-0', 'type': 'vsconf'}]",,,BAY,LEM,154734,0,ffb81c,,BAY,154734,ffb81c,LEM,0,,https://raw.githubusercontent.com/sportsdataverse/wehoop-wbb-raw/main/wbb/json/final/401824181.json,2025-11-16T20:00Z,TRUE,,
401822987,2025-11-16T20:00Z,Texas Tech,Arkansas,Home,W,80,68,https://a.espncdn.com/i/teamlogos/ncaa/500/2641.png,https://a.espncdn.com/i/teamlogos/ncaa/500/8.png,99,99,8,23,,,FALSE,1,,STATUS_FINAL,8,TRUE,99,"[{'abbreviation': 'Game', 'name': 'overall', 'summary': '5-0', 'type': 'total'}
 {'abbreviation': None, 'name': 'Home', 'summary': '5-0', 'type': 'home'}
 {'abbreviation': None, 'name': 'Road', 'summary': '0-0', 'type': 'road'}
 {'abbreviation': None, 'name': 'vs. Conf.', 'summary': '0-0', 'type': 'vsconf'}]",23,FALSE,99,"[{'abbreviation': 'Game', 'name': 'overall', 'summary': '4-1', 'type': 'total'}
 {'abbreviation': None, 'name': 'Home', 'summary': '4-0', 'type': 'home'}
 {'abbreviation': None, 'name': 'Road', 'summary': '0-1', 'type': 'road'}
 {'abbreviation': None, 'name': 'vs. Conf.', 'summary': '0-0', 'type': 'vsconf'}]",,,TTU,ARK,da291c,a32136,0,ffffff,TTU,da291c,0,ARK,a32136,ffffff,https://raw.githubusercontent.com/sportsdataverse/wehoop-wbb-raw/main/wbb/json/final/401822987.json,2025-11-16T20:00Z,TRUE,,
401808078,2025-11-16T20:00Z,Colorado,Portland State,Home,W,77,45,https://a.espncdn.com/i/teamlogos/ncaa/500/38.png,https://a.espncdn.com/i/teamlogos/ncaa/500/2502.png,99,99,8,5,,,FALSE,1,,STATUS_FINAL,8,TRUE,99,"[{'abbreviation': 'Game', 'name': 'overall', 'summary': '2-1', 'type': 'total'}
 {'abbreviation': None, 'name': 'Home', 'summary': '2-0', 'type': 'home'}
 {'abbreviation': None, 'name': 'Road', 'summary': '0-1', 'type': 'road'}
 {'abbreviation': None, 'name': 'vs. Conf.', 'summary': '0-0', 'type': 'vsconf'}]",5,FALSE,99,"[{'abbreviation': 'Game', 'name': 'overall', 'summary': '1-2', 'type': 'total'}
 {'abbreviation': None, 'name': 'Home', 'summary': '1-0', 'type': 'home'}
 {'abbreviation': None, 'name': 'Road', 'summary': '0-2', 'type': 'road'}
 {'abbreviation': None, 'name': 'vs. Conf.', 'summary': '0-0', 'type': 'vsconf'}]",,,COLO,PRST,cfb87c,00311e,0,ebebeb,COLO,cfb87c,0,PRST,00311e,ebebeb,https://raw.githubusercontent.com/sportsdataverse/wehoop-wbb-raw/main/wbb/json/final/401808078.json,2025-11-16T20:00Z,TRUE,,
401818629,2025-11-16T20:00Z,Iowa,Northern Iowa,Away,W,74,41,https://a.espncdn.com/i/teamlogos/ncaa/500/2294.png,https://a.espncdn.com/i/teamlogos/ncaa/500/2460.png,21,99,7,18,,,FALSE,1,,STATUS_FINAL,18,FALSE,99,"[{'abbreviation': 'Game', 'name': 'overall', 'summary': '0-3', 'type': 'total'}
 {'abbreviation': None, 'name': 'Home', 'summary': '0-2', 'type': 'home'}
 {'abbreviation': None, 'name': 'Road', 'summary': '0-1', 'type': 'road'}
 {'abbreviation': None, 'name': 'vs. Conf.', 'summary': '0-0', 'type': 'vsconf'}]",7,TRUE,21,"[{'abbreviation': 'Game', 'name': 'overall', 'summary': '4-0', 'type': 'total'}
 {'abbreviation': None, 'name': 'Home', 'summary': '3-0', 'type': 'home'}
 {'abbreviation': None, 'name': 'Road', 'summary': '1-0', 'type': 'road'}
 {'abbreviation': None, 'name': 'vs. Conf.', 'summary': '0-0', 'type': 'vsconf'}]",,,IOWA,UNI,231f20,473282,fcd116,ffffff,UNI,473282,ffffff,IOWA,231f20,fcd116,https://raw.githubusercontent.com/sportsdataverse/wehoop-wbb-raw/main/wbb/json/final/401818629.json,2025-11-16T20:00Z,TRUE,,
401819580,2025-11-16T20:00Z,Louisville,Clemson,Away,W,65,54,https://a.espncdn.com/i/teamlogos/ncaa/500/97.png,https://a.espncdn.com/i/teamlogos/ncaa/500/228.png,22,99,2,2,,,TRUE,1,,STATUS_FINAL,2,FALSE,99,"[{'abbreviation': 'Game', 'name': 'overall', 'summary': '3-2', 'type': 'total'}
 {'abbreviation': None, 'name': 'Home', 'summary': '2-1', 'type': 'home'}
 {'abbreviation': None, 'name': 'Road', 'summary': '1-1', 'type': 'road'}
 {'abbreviation': None, 'name': 'vs. Conf.', 'summary': '0-1', 'type': 'vsconf'}]",2,TRUE,22,"[{'abbreviation': 'Game', 'name': 'overall', 'summary': '3-1', 'type': 'total'}
 {'abbreviation': None, 'name': 'Home', 'summary': '2-0', 'type': 'home'}
 {'abbreviation': None, 'name': 'Road', 'summary': '1-0', 'type': 'road'}
 {'abbreviation': None, 'name': 'vs. Conf.', 'summary': '1-0', 'type': 'vsconf'}]",2,ACC,LOU,CLEM,c9001f,f56600,ffffff,ffffff,CLEM,f56600,ffffff,LOU,c9001f,ffffff,https://raw.githubusercontent.com/sportsdataverse/wehoop-wbb-raw/main/wbb/json/final/401819580.json,2025-11-16T20:00Z,TRUE,,
401825728,2025-11-16T19:00Z,Villanova,James Madison,Away,W,84,73,https://a.espncdn.com/i/teamlogos/ncaa/500/222.png,https://a.espncdn.com/i/teamlogos/ncaa/500/256.png,99,99,4,27,,,FALSE,1,,STATUS_FINAL,27,FALSE,99,"[{'abbreviation': 'Game', 'name': 'overall', 'summary': '3-2', 'type': 'total'}
 {'abbreviation': None, 'name': 'Home', 'summary': '3-2', 'type': 'home'}
 {'abbreviation': None, 'name': 'Road', 'summary': '0-0', 'type': 'road'}
 {'abbreviation': None, 'name': 'vs. Conf.', 'summary': '0-0', 'type': 'vsconf'}]",4,TRUE,99,"[{'abbreviation': 'Game', 'name': 'overall', 'summary': '3-2', 'type': 'total'}
 {'abbreviation': None, 'name': 'Home', 'summary': '1-2', 'type': 'home'}
 {'abbreviation': None, 'name': 'Road', 'summary': '1-0', 'type': 'road'}
 {'abbreviation': None, 'name': 'vs. Conf.', 'summary': '0-0', 'type': 'vsconf'}]",,,VILL,JMU,00205b,450084,13b5ea,cbb677,JMU,450084,cbb677,VILL,00205b,13b5ea,https://raw.githubusercontent.com/sportsdataverse/wehoop-wbb-raw/main/wbb/json/final/401825728.json,2025-11-16T19:00Z,TRUE,,
401825979,2025-11-16T19:00Z,Michigan State,Western Michigan,Home,W,98,44,https://a.espncdn.com/i/teamlogos/ncaa/500/127.png,https://a.espncdn.com/i/teamlogos/ncaa/500/2711.png,24,99,7,14,,,FALSE,1,,STATUS_FINAL,7,TRUE,24,"[{'abbreviation': 'Game', 'name': 'overall', 'summary': '4-0', 'type': 'total'}
 {'abbreviation': None, 'name': 'Home', 'summary': '4-0', 'type': 'home'}
 {'abbreviation': None, 'name': 'Road', 'summary': '0-0', 'type': 'road'}
 {'abbreviation': None, 'name': 'vs. Conf.', 'summary': '0-0', 'type': 'vsconf'}]",14,FALSE,99,"[{'abbreviation': 'Game', 'name': 'overall', 'summary': '1-3', 'type': 'total'}
 {'abbreviation': None, 'name': 'Home', 'summary': '0-1', 'type': 'home'}
 {'abbreviation': None, 'name': 'Road', 'summary': '1-2', 'type': 'road'}
 {'abbreviation': None, 'name': 'vs. Conf.', 'summary': '0-0', 'type': 'vsconf'}]",,,MSU,WMU,173f35,532e1f,ffffff,f1c500,MSU,173f35,ffffff,WMU,532e1f,f1c500,https://raw.githubusercontent.com/sportsdataverse/wehoop-wbb-raw/main/wbb/json/final/401825979.json,2025-11-16T19:00Z,TRUE,,
401825728,2025-11-16T19:00Z,James Madison,Villanova,Home,L,73,84,https://a.espncdn.com/i/teamlogos/ncaa/500/256.png,https://a.espncdn.com/i/teamlogos/ncaa/500/222.png,99,99,27,4,,,FALSE,1,,STATUS_FINAL,27,FALSE,99,"[{'abbreviation': 'Game', 'name': 'overall', 'summary': '3-2', 'type': 'total'}
 {'abbreviation': None, 'name': 'Home', 'summary': '3-2', 'type': 'home'}
 {'abbreviation': None, 'name': 'Road', 'summary': '0-0', 'type': 'road'}
 {'abbreviation': None, 'name': 'vs. Conf.', 'summary': '0-0', 'type': 'vsconf'}]",4,TRUE,99,"[{'abbreviation': 'Game', 'name': 'overall', 'summary': '3-2', 'type': 'total'}
 {'abbreviation': None, 'name': 'Home', 'summary': '1-2', 'type': 'home'}
 {'abbreviation': None, 'name': 'Road', 'summary': '1-0', 'type': 'road'}
 {'abbreviation': None, 'name': 'vs. Conf.', 'summary': '0-0', 'type': 'vsconf'}]",,,JMU,VILL,450084,00205b,cbb677,13b5ea,JMU,450084,cbb677,VILL,00205b,13b5ea,https://raw.githubusercontent.com/sportsdataverse/wehoop-wbb-raw/main/wbb/json/final/401825728.json,2025-11-16T19:00Z,TRUE,,
401823670,2025-11-16T19:00Z,Virginia,Radford,Home,W,77,46,https://a.espncdn.com/i/teamlogos/ncaa/500/258.png,https://a.espncdn.com/i/teamlogos/ncaa/500/2515.png,99,99,2,6,,,FALSE,1,,STATUS_FINAL,2,TRUE,99,"[{'abbreviation': 'Game', 'name': 'overall', 'summary': '3-1', 'type': 'total'}
 {'abbreviation': None, 'name': 'Home', 'summary': '3-1', 'type': 'home'}
 {'abbreviation': None, 'name': 'Road', 'summary': '0-0', 'type': 'road'}
 {'abbreviation': None, 'name': 'vs. Conf.', 'summary': '0-0', 'type': 'vsconf'}]",6,FALSE,99,"[{'abbreviation': 'Game', 'name': 'overall', 'summary': '2-3', 'type': 'total'}
 {'abbreviation': None, 'name': 'Home', 'summary': '2-0', 'type': 'home'}
 {'abbreviation': None, 'name': 'Road', 'summary': '0-3', 'type': 'road'}
 {'abbreviation': None, 'name': 'vs. Conf.', 'summary': '0-0', 'type': 'vsconf'}]",,,UVA,RAD,f84c1e,BC1515,232d4b,c2c3c0,UVA,f84c1e,232d4b,RAD,BC1515,c2c3c0,https://raw.githubusercontent.com/sportsdataverse/wehoop-wbb-raw/main/wbb/json/final/401823670.json,2025-11-16T19:00Z,TRUE,,
401823662,2025-11-16T19:00Z,Syracuse,Wagner,Home,W,78,29,https://a.espncdn.com/i/teamlogos/ncaa/500/183.png,https://a.espncdn.com/i/teamlogos/ncaa/500/2681.png,99,99,2,19,,,FALSE,1,,STATUS_FINAL,2,TRUE,99,"[{'abbreviation': 'Game', 'name': 'overall', 'summary': '4-0', 'type': 'total'}
 {'abbreviation': None, 'name': 'Home', 'summary': '4-0', 'type': 'home'}
 {'abbreviation': None, 'name': 'Road', 'summary': '0-0', 'type': 'road'}
 {'abbreviation': None, 'name': 'vs. Conf.', 'summary': '0-0', 'type': 'vsconf'}]",19,FALSE,99,"[{'abbreviation': 'Game', 'name': 'overall', 'summary': '1-3', 'type': 'total'}
 {'abbreviation': None, 'name': 'Home', 'summary': '1-0', 'type': 'home'}
 {'abbreviation': None, 'name': 'Road', 'summary': '0-3', 'type': 'road'}
 {'abbreviation': None, 'name': 'vs. Conf.', 'summary': '0-0', 'type': 'vsconf'}]",,,SYR,WAG,0.00E+00,00483A,ff431b,ffffff,SYR,0.00E+00,ff431b,WAG,00483A,ffffff,https://raw.githubusercontent.com/sportsdataverse/wehoop-wbb-raw/main/wbb/json/final/401823662.json,2025-11-16T19:00Z,TRUE,,
401818531,2025-11-16T19:00Z,Georgia,Jacksonville State,Home,W,76,51,https://a.espncdn.com/i/teamlogos/ncaa/500/61.png,https://a.espncdn.com/i/teamlogos/ncaa/500/55.png,99,99,23,11,,,FALSE,1,,STATUS_FINAL,23,TRUE,99,"[{'abbreviation': 'Game', 'name': 'overall', 'summary': '5-0', 'type': 'total'}
 {'abbreviation': None, 'name': 'Home', 'summary': '4-0', 'type': 'home'}
 {'abbreviation': None, 'name': 'Road', 'summary': '1-0', 'type': 'road'}
 {'abbreviation': None, 'name': 'vs. Conf.', 'summary': '0-0', 'type': 'vsconf'}]",11,FALSE,99,"[{'abbreviation': 'Game', 'name': 'overall', 'summary': '1-3', 'type': 'total'}
 {'abbreviation': None, 'name': 'Home', 'summary': '1-1', 'type': 'home'}
 {'abbreviation': None, 'name': 'Road', 'summary': '0-2', 'type': 'road'}
 {'abbreviation': None, 'name': 'vs. Conf.', 'summary': '0-0', 'type': 'vsconf'}]",,,UGA,JXST,ba0c2f,cc0000,2c2a29,0,UGA,ba0c2f,2c2a29,JXST,cc0000,0,https://raw.githubusercontent.com/sportsdataverse/wehoop-wbb-raw/main/wbb/json/final/401818531.json,2025-11-16T19:00Z,TRUE,,
401819926,2025-11-16T19:00Z,Iowa State,Norfolk State,Home,W,98,52,https://a.espncdn.com/i/teamlogos/ncaa/500/66.png,https://a.espncdn.com/i/teamlogos/ncaa/500/2450.png,16,99,8,16,,,FALSE,1,,STATUS_FINAL,8,TRUE,16,"[{'abbreviation': 'Game', 'name': 'overall', 'summary': '5-0', 'type': 'total'}
 {'abbreviation': None, 'name': 'Home', 'summary': '5-0', 'type': 'home'}
 {'abbreviation': None, 'name': 'Road', 'summary': '0-0', 'type': 'road'}
 {'abbreviation': None, 'name': 'vs. Conf.', 'summary': '0-0', 'type': 'vsconf'}]",16,FALSE,99,"[{'abbreviation': 'Game', 'name': 'overall', 'summary': '2-3', 'type': 'total'}
 {'abbreviation': None, 'name': 'Home', 'summary': '2-0', 'type': 'home'}
 {'abbreviation': None, 'name': 'Road', 'summary': '0-3', 'type': 'road'}
 {'abbreviation': None, 'name': 'vs. Conf.', 'summary': '0-0', 'type': 'vsconf'}]",,,ISU,NORF,ae192d,0c8968,ffc72a,fdb813,ISU,ae192d,ffc72a,NORF,0c8968,fdb813,https://raw.githubusercontent.com/sportsdataverse/wehoop-wbb-raw/main/wbb/json/final/401819926.json,2025-11-16T19:00Z,TRUE,,
401817560,2025-11-16T19:00Z,Duke,Liberty,Away,W,71,57,https://a.espncdn.com/i/teamlogos/ncaa/500/150.png,https://a.espncdn.com/i/teamlogos/ncaa/500/2335.png,15,99,2,11,,,FALSE,1,,STATUS_FINAL,11,FALSE,99,"[{'abbreviation': 'Game', 'name': 'overall', 'summary': '2-2', 'type': 'total'}
 {'abbreviation': None, 'name': 'Home', 'summary': '2-1', 'type': 'home'}
 {'abbreviation': None, 'name': 'Road', 'summary': '0-1', 'type': 'road'}
 {'abbreviation': None, 'name': 'vs. Conf.', 'summary': '0-0', 'type': 'vsconf'}]",2,TRUE,15,"[{'abbreviation': 'Game', 'name': 'overall', 'summary': '3-2', 'type': 'total'}
 {'abbreviation': None, 'name': 'Home', 'summary': '2-0', 'type': 'home'}
 {'abbreviation': None, 'name': 'Road', 'summary': '1-0', 'type': 'road'}
 {'abbreviation': None, 'name': 'vs. Conf.', 'summary': '0-0', 'type': 'vsconf'}]",,,DUKE,LIB,00539b,0a254e,ffffff,b72025,LIB,0a254e,b72025,DUKE,00539b,ffffff,https://raw.githubusercontent.com/sportsdataverse/wehoop-wbb-raw/main/wbb/json/final/401817560.json,2025-11-16T19:00Z,TRUE,,
401817576,2025-11-16T18:00Z,NC State,TCU,Home,L,59,69,https://a.espncdn.com/i/teamlogos/ncaa/500/152.png,https://a.espncdn.com/i/teamlogos/ncaa/500/2628.png,10,17,2,8,,,FALSE,1,,STATUS_FINAL,2,FALSE,10,"[{'abbreviation': 'Game', 'name': 'overall', 'summary': '2-2', 'type': 'total'}
 {'abbreviation': None, 'name': 'Home', 'summary': '1-1', 'type': 'home'}
 {'abbreviation': None, 'name': 'Road', 'summary': '0-0', 'type': 'road'}
 {'abbreviation': None, 'name': 'vs. Conf.', 'summary': '0-0', 'type': 'vsconf'}]",8,TRUE,17,"[{'abbreviation': 'Game', 'name': 'overall', 'summary': '4-0', 'type': 'total'}
 {'abbreviation': None, 'name': 'Home', 'summary': '3-0', 'type': 'home'}
 {'abbreviation': None, 'name': 'Road', 'summary': '1-0', 'type': 'road'}
 {'abbreviation': None, 'name': 'vs. Conf.', 'summary': '0-0', 'type': 'vsconf'}]",,,NCSU,TCU,cc0000,4d1979,ffffff,ffffff,NCSU,cc0000,ffffff,TCU,4d1979,ffffff,https://raw.githubusercontent.com/sportsdataverse/wehoop-wbb-raw/main/wbb/json/final/401817576.json,2025-11-16T18:00Z,TRUE,,
401818518,2025-11-16T18:00Z,Florida,Navy,Away,L,54,69,https://a.espncdn.com/i/teamlogos/ncaa/500/57.png,https://a.espncdn.com/i/teamlogos/ncaa/500/2426.png,99,99,23,22,,,FALSE,1,,STATUS_FINAL,22,TRUE,99,"[{'abbreviation': 'Game', 'name': 'overall', 'summary': '3-0', 'type': 'total'}
 {'abbreviation': None, 'name': 'Home', 'summary': '2-0', 'type': 'home'}
 {'abbreviation': None, 'name': 'Road', 'summary': '1-0', 'type': 'road'}
 {'abbreviation': None, 'name': 'vs. Conf.', 'summary': '0-0', 'type': 'vsconf'}]",23,FALSE,99,"[{'abbreviation': 'Game', 'name': 'overall', 'summary': '4-1', 'type': 'total'}
 {'abbreviation': None, 'name': 'Home', 'summary': '4-0', 'type': 'home'}
 {'abbreviation': None, 'name': 'Road', 'summary': '0-1', 'type': 'road'}
 {'abbreviation': None, 'name': 'vs. Conf.', 'summary': '0-0', 'type': 'vsconf'}]",,,FLA,NAVY,0021a5,00225b,fa4616,b5a67c,NAVY,00225b,b5a67c,FLA,0021a5,fa4616,https://raw.githubusercontent.com/sportsdataverse/wehoop-wbb-raw/main/wbb/json/final/401818518.json,2025-11-16T18:00Z,TRUE,,
401817576,2025-11-16T18:00Z,TCU,NC State,Away,W,69,59,https://a.espncdn.com/i/teamlogos/ncaa/500/2628.png,https://a.espncdn.com/i/teamlogos/ncaa/500/152.png,17,10,8,2,,,FALSE,1,,STATUS_FINAL,2,FALSE,10,"[{'abbreviation': 'Game', 'name': 'overall', 'summary': '2-2', 'type': 'total'}
 {'abbreviation': None, 'name': 'Home', 'summary': '1-1', 'type': 'home'}
 {'abbreviation': None, 'name': 'Road', 'summary': '0-0', 'type': 'road'}
 {'abbreviation': None, 'name': 'vs. Conf.', 'summary': '0-0', 'type': 'vsconf'}]",8,TRUE,17,"[{'abbreviation': 'Game', 'name': 'overall', 'summary': '4-0', 'type': 'total'}
 {'abbreviation': None, 'name': 'Home', 'summary': '3-0', 'type': 'home'}
 {'abbreviation': None, 'name': 'Road', 'summary': '1-0', 'type': 'road'}
 {'abbreviation': None, 'name': 'vs. Conf.', 'summary': '0-0', 'type': 'vsconf'}]",,,TCU,NCSU,4d1979,cc0000,ffffff,ffffff,NCSU,cc0000,ffffff,TCU,4d1979,ffffff,https://raw.githubusercontent.com/sportsdataverse/wehoop-wbb-raw/main/wbb/json/final/401817576.json,2025-11-16T18:00Z,TRUE,,
401818640,2025-11-16T18:00Z,Princeton,Maryland,Away,L,68,84,https://a.espncdn.com/i/teamlogos/ncaa/500/163.png,https://a.espncdn.com/i/teamlogos/ncaa/500/120.png,99,9,12,7,,,FALSE,1,,STATUS_FINAL,7,TRUE,9,"[{'abbreviation': 'Game', 'name': 'overall', 'summary': '5-0', 'type': 'total'}
 {'abbreviation': None, 'name': 'Home', 'summary': '5-0', 'type': 'home'}
 {'abbreviation': None, 'name': 'Road', 'summary': '0-0', 'type': 'road'}
 {'abbreviation': None, 'name': 'vs. Conf.', 'summary': '0-0', 'type': 'vsconf'}]",12,FALSE,99,"[{'abbreviation': 'Game', 'name': 'overall', 'summary': '2-1', 'type': 'total'}
 {'abbreviation': None, 'name': 'Home', 'summary': '0-0', 'type': 'home'}
 {'abbreviation': None, 'name': 'Road', 'summary': '2-1', 'type': 'road'}
 {'abbreviation': None, 'name': 'vs. Conf.', 'summary': '0-0', 'type': 'vsconf'}]",,,PRIN,MD,0,ce1126,ff6000,ffffff,MD,ce1126,ffffff,PRIN,0,ff6000,https://raw.githubusercontent.com/sportsdataverse/wehoop-wbb-raw/main/wbb/json/final/401818640.json,2025-11-16T18:00Z,TRUE,,
401818640,2025-11-16T18:00Z,Maryland,Princeton,Home,W,84,68,https://a.espncdn.com/i/teamlogos/ncaa/500/120.png,https://a.espncdn.com/i/teamlogos/ncaa/500/163.png,9,99,7,12,,,FALSE,1,,STATUS_FINAL,7,TRUE,9,"[{'abbreviation': 'Game', 'name': 'overall', 'summary': '5-0', 'type': 'total'}
 {'abbreviation': None, 'name': 'Home', 'summary': '5-0', 'type': 'home'}
 {'abbreviation': None, 'name': 'Road', 'summary': '0-0', 'type': 'road'}
 {'abbreviation': None, 'name': 'vs. Conf.', 'summary': '0-0', 'type': 'vsconf'}]",12,FALSE,99,"[{'abbreviation': 'Game', 'name': 'overall', 'summary': '2-1', 'type': 'total'}
 {'abbreviation': None, 'name': 'Home', 'summary': '0-0', 'type': 'home'}
 {'abbreviation': None, 'name': 'Road', 'summary': '2-1', 'type': 'road'}
 {'abbreviation': None, 'name': 'vs. Conf.', 'summary': '0-0', 'type': 'vsconf'}]",,,MD,PRIN,ce1126,0,ffffff,ff6000,MD,ce1126,ffffff,PRIN,0,ff6000,https://raw.githubusercontent.com/sportsdataverse/wehoop-wbb-raw/main/wbb/json/final/401818640.json,2025-11-16T18:00Z,TRUE,,
401818649,2025-11-16T18:00Z,Nebraska,North Dakota State,Neutral,W,82,70,https://a.espncdn.com/i/teamlogos/ncaa/500/158.png,https://a.espncdn.com/i/teamlogos/ncaa/500/2449.png,99,99,7,47,,,FALSE,1,,STATUS_FINAL,7,TRUE,99,"[{'abbreviation': 'Game', 'name': 'overall', 'summary': '4-0', 'type': 'total'}
 {'abbreviation': None, 'name': 'Home', 'summary': '3-0', 'type': 'home'}
 {'abbreviation': None, 'name': 'Road', 'summary': '0-0', 'type': 'road'}
 {'abbreviation': None, 'name': 'vs. Conf.', 'summary': '0-0', 'type': 'vsconf'}]",47,FALSE,99,"[{'abbreviation': 'Game', 'name': 'overall', 'summary': '2-2', 'type': 'total'}
 {'abbreviation': None, 'name': 'Home', 'summary': '1-1', 'type': 'home'}
 {'abbreviation': None, 'name': 'Road', 'summary': '1-0', 'type': 'road'}
 {'abbreviation': None, 'name': 'vs. Conf.', 'summary': '0-0', 'type': 'vsconf'}]",,,NEB,NDSU,e31937,01402A,ffffff,ffffff,NEB,e31937,ffffff,NDSU,01402A,ffffff,https://raw.githubusercontent.com/sportsdataverse/wehoop-wbb-raw/main/wbb/json/final/401818649.json,2025-11-16T18:00Z,TRUE,,
401817384,2025-11-16T17:00Z,Ohio State,UConn,Away,L,68,100,https://a.espncdn.com/i/teamlogos/ncaa/500/194.png,https://a.espncdn.com/i/teamlogos/ncaa/500/41.png,99,1,7,4,,,FALSE,1,,STATUS_FINAL,4,TRUE,1,"[{'abbreviation': 'Game', 'name': 'overall', 'summary': '4-0', 'type': 'total'}
 {'abbreviation': None, 'name': 'Home', 'summary': '3-0', 'type': 'home'}
 {'abbreviation': None, 'name': 'Road', 'summary': '0-0', 'type': 'road'}
 {'abbreviation': None, 'name': 'vs. Conf.', 'summary': '0-0', 'type': 'vsconf'}]",7,FALSE,99,"[{'abbreviation': 'Game', 'name': 'overall', 'summary': '2-1', 'type': 'total'}
 {'abbreviation': None, 'name': 'Home', 'summary': '2-0', 'type': 'home'}
 {'abbreviation': None, 'name': 'Road', 'summary': '0-1', 'type': 'road'}
 {'abbreviation': None, 'name': 'vs. Conf.', 'summary': '0-0', 'type': 'vsconf'}]",,,OSU,CONN,ba0c2f,0c2340,a8adb4,a2aaad,CONN,0c2340,a2aaad,OSU,ba0c2f,a8adb4,https://raw.githubusercontent.com/sportsdataverse/wehoop-wbb-raw/main/wbb/json/final/401817384.json,2025-11-16T17:00Z,TRUE,,
401817384,2025-11-16T17:00Z,UConn,Ohio State,Home,W,100,68,https://a.espncdn.com/i/teamlogos/ncaa/500/41.png,https://a.espncdn.com/i/teamlogos/ncaa/500/194.png,1,99,4,7,,,FALSE,1,,STATUS_FINAL,4,TRUE,1,"[{'abbreviation': 'Game', 'name': 'overall', 'summary': '4-0', 'type': 'total'}
 {'abbreviation': None, 'name': 'Home', 'summary': '3-0', 'type': 'home'}
 {'abbreviation': None, 'name': 'Road', 'summary': '0-0', 'type': 'road'}
 {'abbreviation': None, 'name': 'vs. Conf.', 'summary': '0-0', 'type': 'vsconf'}]",7,FALSE,99,"[{'abbreviation': 'Game', 'name': 'overall', 'summary': '2-1', 'type': 'total'}
 {'abbreviation': None, 'name': 'Home', 'summary': '2-0', 'type': 'home'}
 {'abbreviation': None, 'name': 'Road', 'summary': '0-1', 'type': 'road'}
 {'abbreviation': None, 'name': 'vs. Conf.', 'summary': '0-0', 'type': 'vsconf'}]",,,CONN,OSU,0c2340,ba0c2f,a2aaad,a8adb4,CONN,0c2340,a2aaad,OSU,ba0c2f,a8adb4,https://raw.githubusercontent.com/sportsdataverse/wehoop-wbb-raw/main/wbb/json/final/401817384.json,2025-11-16T17:00Z,TRUE,,
401811126,2025-11-16T02:15Z,USC,South Carolina,Neutral,L,52,69,https://a.espncdn.com/i/teamlogos/ncaa/500/30.png,https://a.espncdn.com/i/teamlogos/ncaa/500/2579.png,8,2,7,23,,,FALSE,1,,STATUS_FINAL,7,FALSE,8,"[{'abbreviation': 'Game', 'name': 'overall', 'summary': '2-1', 'type': 'total'}
 {'abbreviation': None, 'name': 'Home', 'summary': '1-0', 'type': 'home'}
 {'abbreviation': None, 'name': 'Road', 'summary': '0-0', 'type': 'road'}
 {'abbreviation': None, 'name': 'vs. Conf.', 'summary': '0-0', 'type': 'vsconf'}]",23,TRUE,2,"[{'abbreviation': 'Game', 'name': 'overall', 'summary': '4-0', 'type': 'total'}
 {'abbreviation': None, 'name': 'Home', 'summary': '3-0', 'type': 'home'}
 {'abbreviation': None, 'name': 'Road', 'summary': '0-0', 'type': 'road'}
 {'abbreviation': None, 'name': 'vs. Conf.', 'summary': '0-0', 'type': 'vsconf'}]",,,USC,SC,9d2235,73000a,ffc72c,0,USC,9d2235,ffc72c,SC,73000a,0,https://raw.githubusercontent.com/sportsdataverse/wehoop-wbb-raw/main/wbb/json/final/401811126.json,2025-11-16T02:15Z,TRUE,,
401811126,2025-11-16T02:15Z,South Carolina,USC,Neutral,W,69,52,https://a.espncdn.com/i/teamlogos/ncaa/500/2579.png,https://a.espncdn.com/i/teamlogos/ncaa/500/30.png,2,8,23,7,,,FALSE,1,,STATUS_FINAL,7,FALSE,8,"[{'abbreviation': 'Game', 'name': 'overall', 'summary': '2-1', 'type': 'total'}
 {'abbreviation': None, 'name': 'Home', 'summary': '1-0', 'type': 'home'}
 {'abbreviation': None, 'name': 'Road', 'summary': '0-0', 'type': 'road'}
 {'abbreviation': None, 'name': 'vs. Conf.', 'summary': '0-0', 'type': 'vsconf'}]",23,TRUE,2,"[{'abbreviation': 'Game', 'name': 'overall', 'summary': '4-0', 'type': 'total'}
 {'abbreviation': None, 'name': 'Home', 'summary': '3-0', 'type': 'home'}
 {'abbreviation': None, 'name': 'Road', 'summary': '0-0', 'type': 'road'}
 {'abbreviation': None, 'name': 'vs. Conf.', 'summary': '0-0', 'type': 'vsconf'}]",,,SC,USC,73000a,9d2235,0,ffc72c,USC,9d2235,ffc72c,SC,73000a,0,https://raw.githubusercontent.com/sportsdataverse/wehoop-wbb-raw/main/wbb/json/final/401811126.json,2025-11-16T02:15Z,TRUE,,
401822198,2025-11-16T02:00Z,UCLA,South Florida,Neutral,W,94,61,https://a.espncdn.com/i/teamlogos/ncaa/500/26.png,https://a.espncdn.com/i/teamlogos/ncaa/500/58.png,3,99,7,62,,,FALSE,6,WBCA Challenge,STATUS_FINAL,7,TRUE,3,"[{'abbreviation': 'Game', 'name': 'overall', 'summary': '5-0', 'type': 'total'}
 {'abbreviation': None, 'name': 'Home', 'summary': '1-0', 'type': 'home'}
 {'abbreviation': None, 'name': 'Road', 'summary': '0-0', 'type': 'road'}
 {'abbreviation': None, 'name': 'vs. Conf.', 'summary': '0-0', 'type': 'vsconf'}]",62,FALSE,99,"[{'abbreviation': 'Game', 'name': 'overall', 'summary': '2-2', 'type': 'total'}
 {'abbreviation': None, 'name': 'Home', 'summary': '2-0', 'type': 'home'}
 {'abbreviation': None, 'name': 'Road', 'summary': '0-0', 'type': 'road'}
 {'abbreviation': None, 'name': 'vs. Conf.', 'summary': '0-0', 'type': 'vsconf'}]",,,UCLA,USF,2774ae,6747,f2a900,cfc493,UCLA,2774ae,f2a900,USF,6747,cfc493,https://raw.githubusercontent.com/sportsdataverse/wehoop-wbb-raw/main/wbb/json/final/401822198.json,2025-11-16T02:00Z,TRUE,,
401823194,2025-11-16T00:00Z,Richmond,Columbia,Away,W,77,67,https://a.espncdn.com/i/teamlogos/ncaa/500/257.png,https://a.espncdn.com/i/teamlogos/ncaa/500/171.png,99,99,3,12,,,FALSE,1,,STATUS_FINAL,12,FALSE,99,"[{'abbreviation': 'Game', 'name': 'overall', 'summary': '2-1', 'type': 'total'}
 {'abbreviation': None, 'name': 'Home', 'summary': '0-1', 'type': 'home'}
 {'abbreviation': None, 'name': 'Road', 'summary': '2-0', 'type': 'road'}
 {'abbreviation': None, 'name': 'vs. Conf.', 'summary': '0-0', 'type': 'vsconf'}]",3,TRUE,99,"[{'abbreviation': 'Game', 'name': 'overall', 'summary': '3-1', 'type': 'total'}
 {'abbreviation': None, 'name': 'Home', 'summary': '1-0', 'type': 'home'}
 {'abbreviation': None, 'name': 'Road', 'summary': '2-1', 'type': 'road'}
 {'abbreviation': None, 'name': 'vs. Conf.', 'summary': '0-0', 'type': 'vsconf'}]",,,RICH,COLU,9e0712,7ba4db,b90b2e,183863,COLU,7ba4db,183863,RICH,9e0712,b90b2e,https://raw.githubusercontent.com/sportsdataverse/wehoop-wbb-raw/main/wbb/json/final/401823194.json,2025-11-16T00:00Z,TRUE,,
401819758,2025-11-15T23:00Z,Fairfield,UNC,Neutral,L,68,82,https://a.espncdn.com/i/teamlogos/ncaa/500/2217.png,https://a.espncdn.com/i/teamlogos/ncaa/500/153.png,99,11,13,2,,,FALSE,6,WBCA Challenge,STATUS_FINAL,2,TRUE,11,"[{'abbreviation': 'Game', 'name': 'overall', 'summary': '3-1', 'type': 'total'}
 {'abbreviation': None, 'name': 'Home', 'summary': '2-0', 'type': 'home'}
 {'abbreviation': None, 'name': 'Road', 'summary': '0-0', 'type': 'road'}
 {'abbreviation': None, 'name': 'vs. Conf.', 'summary': '0-0', 'type': 'vsconf'}]",13,FALSE,99,"[{'abbreviation': 'Game', 'name': 'overall', 'summary': '3-1', 'type': 'total'}
 {'abbreviation': None, 'name': 'Home', 'summary': '1-0', 'type': 'home'}
 {'abbreviation': None, 'name': 'Road', 'summary': '1-0', 'type': 'road'}
 {'abbreviation': None, 'name': 'vs. Conf.', 'summary': '0-0', 'type': 'vsconf'}]",,,FAIR,UNC,0,7bafd4,ebebeb,13294b,UNC,7bafd4,13294b,FAIR,0,ebebeb,https://raw.githubusercontent.com/sportsdataverse/wehoop-wbb-raw/main/wbb/json/final/401819758.json,2025-11-15T23:00Z,TRUE,,
401819758,2025-11-15T23:00Z,UNC,Fairfield,Neutral,W,82,68,https://a.espncdn.com/i/teamlogos/ncaa/500/153.png,https://a.espncdn.com/i/teamlogos/ncaa/500/2217.png,11,99,2,13,,,FALSE,6,WBCA Challenge,STATUS_FINAL,2,TRUE,11,"[{'abbreviation': 'Game', 'name': 'overall', 'summary': '3-1', 'type': 'total'}
 {'abbreviation': None, 'name': 'Home', 'summary': '2-0', 'type': 'home'}
 {'abbreviation': None, 'name': 'Road', 'summary': '0-0', 'type': 'road'}
 {'abbreviation': None, 'name': 'vs. Conf.', 'summary': '0-0', 'type': 'vsconf'}]",13,FALSE,99,"[{'abbreviation': 'Game', 'name': 'overall', 'summary': '3-1', 'type': 'total'}
 {'abbreviation': None, 'name': 'Home', 'summary': '1-0', 'type': 'home'}
 {'abbreviation': None, 'name': 'Road', 'summary': '1-0', 'type': 'road'}
 {'abbreviation': None, 'name': 'vs. Conf.', 'summary': '0-0', 'type': 'vsconf'}]",,,UNC,FAIR,7bafd4,0,13294b,ebebeb,UNC,7bafd4,13294b,FAIR,0,ebebeb,https://raw.githubusercontent.com/sportsdataverse/wehoop-wbb-raw/main/wbb/json/final/401819758.json,2025-11-15T23:00Z,TRUE,,
401825005,2025-11-15T22:30Z,Rhode Island,UAlbany,Home,W,64,52,https://a.espncdn.com/i/teamlogos/ncaa/500/227.png,https://a.espncdn.com/i/teamlogos/ncaa/500/399.png,99,99,3,1,,,FALSE,1,,STATUS_FINAL,3,TRUE,99,"[{'abbreviation': 'Game', 'name': 'overall', 'summary': '4-1', 'type': 'total'}
 {'abbreviation': None, 'name': 'Home', 'summary': '3-0', 'type': 'home'}
 {'abbreviation': None, 'name': 'Road', 'summary': '1-1', 'type': 'road'}
 {'abbreviation': None, 'name': 'vs. Conf.', 'summary': '0-0', 'type': 'vsconf'}]",1,FALSE,99,"[{'abbreviation': 'Game', 'name': 'overall', 'summary': '2-2', 'type': 'total'}
 {'abbreviation': None, 'name': 'Home', 'summary': '2-0', 'type': 'home'}
 {'abbreviation': None, 'name': 'Road', 'summary': '0-2', 'type': 'road'}
 {'abbreviation': None, 'name': 'vs. Conf.', 'summary': '0-0', 'type': 'vsconf'}]",,,URI,UALB,091f3f,3D2777,5ab3e8,ffffff,URI,091f3f,5ab3e8,UALB,3D2777,ffffff,https://raw.githubusercontent.com/sportsdataverse/wehoop-wbb-raw/main/wbb/json/final/401825005.json,2025-11-15T22:30Z,TRUE,,
401825022,2025-11-15T21:00Z,Notre Dame,Michigan,Neutral,L,54,93,https://a.espncdn.com/i/teamlogos/ncaa/500/87.png,https://a.espncdn.com/i/teamlogos/ncaa/500/130.png,18,14,2,7,,,FALSE,1,Shamrock Classic,STATUS_FINAL,2,FALSE,18,"[{'abbreviation': 'Game', 'name': 'overall', 'summary': '3-1', 'type': 'total'}
 {'abbreviation': None, 'name': 'Home', 'summary': '3-0', 'type': 'home'}
 {'abbreviation': None, 'name': 'Road', 'summary': '0-0', 'type': 'road'}
 {'abbreviation': None, 'name': 'vs. Conf.', 'summary': '0-0', 'type': 'vsconf'}]",7,TRUE,14,"[{'abbreviation': 'Game', 'name': 'overall', 'summary': '3-0', 'type': 'total'}
 {'abbreviation': None, 'name': 'Home', 'summary': '2-0', 'type': 'home'}
 {'abbreviation': None, 'name': 'Road', 'summary': '0-0', 'type': 'road'}
 {'abbreviation': None, 'name': 'vs. Conf.', 'summary': '0-0', 'type': 'vsconf'}]",,,ND,MICH,62340,00274c,c99700,ffcb05,ND,62340,c99700,MICH,00274c,ffcb05,https://raw.githubusercontent.com/sportsdataverse/wehoop-wbb-raw/main/wbb/json/final/401825022.json,2025-11-15T21:00Z,TRUE,,
401822220,2025-11-15T21:00Z,Washington,Utah,Away,W,72,61,https://a.espncdn.com/i/teamlogos/ncaa/500/264.png,https://a.espncdn.com/i/teamlogos/ncaa/500/254.png,25,99,7,8,,,FALSE,1,,STATUS_FINAL,8,FALSE,99,"[{'abbreviation': 'Game', 'name': 'overall', 'summary': '3-1', 'type': 'total'}
 {'abbreviation': None, 'name': 'Home', 'summary': '2-1', 'type': 'home'}
 {'abbreviation': None, 'name': 'Road', 'summary': '1-0', 'type': 'road'}
 {'abbreviation': None, 'name': 'vs. Conf.', 'summary': '0-0', 'type': 'vsconf'}]",7,TRUE,25,"[{'abbreviation': 'Game', 'name': 'overall', 'summary': '3-0', 'type': 'total'}
 {'abbreviation': None, 'name': 'Home', 'summary': '2-0', 'type': 'home'}
 {'abbreviation': None, 'name': 'Road', 'summary': '1-0', 'type': 'road'}
 {'abbreviation': None, 'name': 'vs. Conf.', 'summary': '0-0', 'type': 'vsconf'}]",,,WASH,UTAH,33006f,be0000,e8d3a2,ffffff,UTAH,be0000,ffffff,WASH,33006f,e8d3a2,https://raw.githubusercontent.com/sportsdataverse/wehoop-wbb-raw/main/wbb/json/final/401822220.json,2025-11-15T21:00Z,TRUE,,
401825022,2025-11-15T21:00Z,Michigan,Notre Dame,Neutral,W,93,54,https://a.espncdn.com/i/teamlogos/ncaa/500/130.png,https://a.espncdn.com/i/teamlogos/ncaa/500/87.png,14,18,7.00E+00,2,,,FALSE,1,Shamrock Classic,STATUS_FINAL,2,FALSE,18,"[{'abbreviation': 'Game', 'name': 'overall', 'summary': '3-1', 'type': 'total'}
 {'abbreviation': None, 'name': 'Home', 'summary': '3-0', 'type': 'home'}
 {'abbreviation': None, 'name': 'Road', 'summary': '0-0', 'type': 'road'}
 {'abbreviation': None, 'name': 'vs. Conf.', 'summary': '0-0', 'type': 'vsconf'}]",7,TRUE,14,"[{'abbreviation': 'Game', 'name': 'overall', 'summary': '3-0', 'type': 'total'}
 {'abbreviation': None, 'name': 'Home', 'summary': '2-0', 'type': 'home'}
 {'abbreviation': None, 'name': 'Road', 'summary': '0-0', 'type': 'road'}
 {'abbreviation': None, 'name': 'vs. Conf.', 'summary': '0-0', 'type': 'vsconf'}]",,,MICH,ND,00274c,62340,ffcb05,c99700,ND,62340,c99700,MICH,00274c,ffcb05,https://raw.githubusercontent.com/sportsdataverse/wehoop-wbb-raw/main/wbb/json/final/401825022.json,2025-11-15T21:00Z,TRUE,,
401819744,2025-11-15T19:00Z,Virginia Tech,Coastal Carolina,Home,W,82,59,https://a.espncdn.com/i/teamlogos/ncaa/500/259.png,https://a.espncdn.com/i/teamlogos/ncaa/500/324.png,99,99,2.00E+00,27,,,FALSE,1,,STATUS_FINAL,2,TRUE,99,"[{'abbreviation': 'Game', 'name': 'overall', 'summary': '4-0', 'type': 'total'}
 {'abbreviation': None, 'name': 'Home', 'summary': '4-0', 'type': 'home'}
 {'abbreviation': None, 'name': 'Road', 'summary': '0-0', 'type': 'road'}
 {'abbreviation': None, 'name': 'vs. Conf.', 'summary': '0-0', 'type': 'vsconf'}]",27,FALSE,99,"[{'abbreviation': 'Game', 'name': 'overall', 'summary': '2-3', 'type': 'total'}
 {'abbreviation': None, 'name': 'Home', 'summary': '1-1', 'type': 'home'}
 {'abbreviation': None, 'name': 'Road', 'summary': '1-2', 'type': 'road'}
 {'abbreviation': None, 'name': 'vs. Conf.', 'summary': '0-0', 'type': 'vsconf'}]",,,VT,CCU,6a2c3e,006f71,cf4520,a27752,VT,6a2c3e,cf4520,CCU,006f71,a27752,https://raw.githubusercontent.com/sportsdataverse/wehoop-wbb-raw/main/wbb/json/final/401819744.json,2025-11-15T19:00Z,TRUE,,
401818580,2025-11-15T18:00Z,Kentucky,Marshall,Away,W,76,44,https://a.espncdn.com/i/teamlogos/ncaa/500/96.png,https://a.espncdn.com/i/teamlogos/ncaa/500/276.png,23,99,23,27,,,FALSE,1,,STATUS_FINAL,27,FALSE,99,"[{'abbreviation': 'Game', 'name': 'overall', 'summary': '2-2', 'type': 'total'}
 {'abbreviation': None, 'name': 'Home', 'summary': '2-1', 'type': 'home'}
 {'abbreviation': None, 'name': 'Road', 'summary': '0-1', 'type': 'road'}
 {'abbreviation': None, 'name': 'vs. Conf.', 'summary': '0-0', 'type': 'vsconf'}]",23,TRUE,23,"[{'abbreviation': 'Game', 'name': 'overall', 'summary': '5-0', 'type': 'total'}
 {'abbreviation': None, 'name': 'Home', 'summary': '3-0', 'type': 'home'}
 {'abbreviation': None, 'name': 'Road', 'summary': '2-0', 'type': 'road'}
 {'abbreviation': None, 'name': 'vs. Conf.', 'summary': '0-0', 'type': 'vsconf'}]",,,UK,MRSH,0033a0,00b140,ffffff,0,MRSH,00b140,0,UK,0033a0,ffffff,https://raw.githubusercontent.com/sportsdataverse/wehoop-wbb-raw/main/wbb/json/final/401818580.json,2025-11-15T18:00Z,TRUE,,
401824180,2025-11-15T02:00Z,Baylor,UNLV,Away,W,62,54,https://a.espncdn.com/i/teamlogos/ncaa/500/239.png,https://a.espncdn.com/i/teamlogos/ncaa/500/2439.png,7,99,8,44,,,FALSE,1,,STATUS_FINAL,44,FALSE,99,"[{'abbreviation': 'Game', 'name': 'overall', 'summary': '2-1', 'type': 'total'}
 {'abbreviation': None, 'name': 'Home', 'summary': '2-1', 'type': 'home'}
 {'abbreviation': None, 'name': 'Road', 'summary': '0-0', 'type': 'road'}
 {'abbreviation': None, 'name': 'vs. Conf.', 'summary': '0-0', 'type': 'vsconf'}]",8,TRUE,7,"[{'abbreviation': 'Game', 'name': 'overall', 'summary': '3-0', 'type': 'total'}
 {'abbreviation': None, 'name': 'Home', 'summary': '1-0', 'type': 'home'}
 {'abbreviation': None, 'name': 'Road', 'summary': '1-0', 'type': 'road'}
 {'abbreviation': None, 'name': 'vs. Conf.', 'summary': '0-0', 'type': 'vsconf'}]",,,BAY,UNLV,154734,cf0a2c,ffb81c,cac8c8,UNLV,cf0a2c,cac8c8,BAY,154734,ffb81c,https://raw.githubusercontent.com/sportsdataverse/wehoop-wbb-raw/main/wbb/json/final/401824180.json,2025-11-15T02:00Z,TRUE,,
401818618,2025-11-15T02:00Z,Illinois,Oregon State,Away,L,59,64,https://a.espncdn.com/i/teamlogos/ncaa/500/356.png,https://a.espncdn.com/i/teamlogos/ncaa/500/204.png,99,99,7,29,,,FALSE,1,,STATUS_FINAL,29,TRUE,99,"[{'abbreviation': 'Game', 'name': 'overall', 'summary': '3-0', 'type': 'total'}
 {'abbreviation': None, 'name': 'Home', 'summary': '3-0', 'type': 'home'}
 {'abbreviation': None, 'name': 'Road', 'summary': '0-0', 'type': 'road'}
 {'abbreviation': None, 'name': 'vs. Conf.', 'summary': '0-0', 'type': 'vsconf'}]",7,FALSE,99,"[{'abbreviation': 'Game', 'name': 'overall', 'summary': '2-1', 'type': 'total'}
 {'abbreviation': None, 'name': 'Home', 'summary': '2-0', 'type': 'home'}
 {'abbreviation': None, 'name': 'Road', 'summary': '0-1', 'type': 'road'}
 {'abbreviation': None, 'name': 'vs. Conf.', 'summary': '0-0', 'type': 'vsconf'}]",,,ILL,ORST,ff5f05,dc4405,13294b,0,ORST,dc4405,0,ILL,ff5f05,13294b,https://raw.githubusercontent.com/sportsdataverse/wehoop-wbb-raw/main/wbb/json/final/401818618.json,2025-11-15T02:00Z,TRUE,,
401817559,2025-11-15T00:00Z,West Virginia,Duke,Neutral,W,57,49,https://a.espncdn.com/i/teamlogos/ncaa/500/277.png,https://a.espncdn.com/i/teamlogos/ncaa/500/150.png,99,15,8,2,,,FALSE,1,Greenbrier Tip-Off,STATUS_FINAL,8,TRUE,99,"[{'abbreviation': 'Game', 'name': 'overall', 'summary': '4-0', 'type': 'total'}
 {'abbreviation': None, 'name': 'Home', 'summary': '3-0', 'type': 'home'}
 {'abbreviation': None, 'name': 'Road', 'summary': '0-0', 'type': 'road'}
 {'abbreviation': None, 'name': 'vs. Conf.', 'summary': '0-0', 'type': 'vsconf'}]",2,FALSE,15,"[{'abbreviation': 'Game', 'name': 'overall', 'summary': '2-2', 'type': 'total'}
 {'abbreviation': None, 'name': 'Home', 'summary': '2-0', 'type': 'home'}
 {'abbreviation': None, 'name': 'Road', 'summary': '0-0', 'type': 'road'}
 {'abbreviation': None, 'name': 'vs. Conf.', 'summary': '0-0', 'type': 'vsconf'}]",,,WVU,DUKE,eaaa00,00539b,2855,ffffff,WVU,eaaa00,2855,DUKE,00539b,ffffff,https://raw.githubusercontent.com/sportsdataverse/wehoop-wbb-raw/main/wbb/json/final/401817559.json,2025-11-15T00:00Z,TRUE,,
401819606,2025-11-15T00:00Z,Stanford,Washington State,Away,W,54,46,https://a.espncdn.com/i/teamlogos/ncaa/500/24.png,https://a.espncdn.com/i/teamlogos/ncaa/500/265.png,99,99,2,29,,,FALSE,1,,STATUS_FINAL,29,FALSE,99,"[{'abbreviation': 'Game', 'name': 'overall', 'summary': '0-4', 'type': 'total'}
 {'abbreviation': None, 'name': 'Home', 'summary': '0-2', 'type': 'home'}
 {'abbreviation': None, 'name': 'Road', 'summary': '0-2', 'type': 'road'}
 {'abbreviation': None, 'name': 'vs. Conf.', 'summary': '0-0', 'type': 'vsconf'}]",2,TRUE,99,"[{'abbreviation': 'Game', 'name': 'overall', 'summary': '4-0', 'type': 'total'}
 {'abbreviation': None, 'name': 'Home', 'summary': '3-0', 'type': 'home'}
 {'abbreviation': None, 'name': 'Road', 'summary': '1-0', 'type': 'road'}
 {'abbreviation': None, 'name': 'vs. Conf.', 'summary': '0-0', 'type': 'vsconf'}]",,,STAN,WSU,8c1515,a60f2d,ffffff,4d4d4d,WSU,a60f2d,4d4d4d,STAN,8c1515,ffffff,https://raw.githubusercontent.com/sportsdataverse/wehoop-wbb-raw/main/wbb/json/final/401819606.json,2025-11-15T00:00Z,TRUE,,
401817559,2025-11-15T00:00Z,Duke,West Virginia,Neutral,L,49,57,https://a.espncdn.com/i/teamlogos/ncaa/500/150.png,https://a.espncdn.com/i/teamlogos/ncaa/500/277.png,15,99,2,8,,,FALSE,1,Greenbrier Tip-Off,STATUS_FINAL,8,TRUE,99,"[{'abbreviation': 'Game', 'name': 'overall', 'summary': '4-0', 'type': 'total'}
 {'abbreviation': None, 'name': 'Home', 'summary': '3-0', 'type': 'home'}
 {'abbreviation': None, 'name': 'Road', 'summary': '0-0', 'type': 'road'}
 {'abbreviation': None, 'name': 'vs. Conf.', 'summary': '0-0', 'type': 'vsconf'}]",2,FALSE,15,"[{'abbreviation': 'Game', 'name': 'overall', 'summary': '2-2', 'type': 'total'}
 {'abbreviation': None, 'name': 'Home', 'summary': '2-0', 'type': 'home'}
 {'abbreviation': None, 'name': 'Road', 'summary': '0-0', 'type': 'road'}
 {'abbreviation': None, 'name': 'vs. Conf.', 'summary': '0-0', 'type': 'vsconf'}]",,,DUKE,WVU,00539b,eaaa00,ffffff,2855,WVU,eaaa00,2855,DUKE,00539b,ffffff,https://raw.githubusercontent.com/sportsdataverse/wehoop-wbb-raw/main/wbb/json/final/401817559.json,2025-11-15T00:00Z,TRUE,,
401823706,2025-11-14T23:00Z,Minnesota,NJIT,Home,W,88,39,https://a.espncdn.com/i/teamlogos/ncaa/500/135.png,https://a.espncdn.com/i/teamlogos/ncaa/500/2885.png,99,99,7,1,,,FALSE,1,,STATUS_FINAL,7,TRUE,99,"[{'abbreviation': 'Game', 'name': 'overall', 'summary': '4-0', 'type': 'total'}
 {'abbreviation': None, 'name': 'Home', 'summary': '4-0', 'type': 'home'}
 {'abbreviation': None, 'name': 'Road', 'summary': '0-0', 'type': 'road'}
 {'abbreviation': None, 'name': 'vs. Conf.', 'summary': '0-0', 'type': 'vsconf'}]",1,FALSE,99,"[{'abbreviation': 'Game', 'name': 'overall', 'summary': '3-1', 'type': 'total'}
 {'abbreviation': None, 'name': 'Home', 'summary': '1-0', 'type': 'home'}
 {'abbreviation': None, 'name': 'Road', 'summary': '2-1', 'type': 'road'}
 {'abbreviation': None, 'name': 'vs. Conf.', 'summary': '0-0', 'type': 'vsconf'}]",,,MINN,NJIT,5e0a2f,EE3024,fab41c,df3e2e,MINN,5e0a2f,fab41c,NJIT,EE3024,df3e2e,https://raw.githubusercontent.com/sportsdataverse/wehoop-wbb-raw/main/wbb/json/final/401823706.json,2025-11-14T23:00Z,TRUE,,
401825132,2025-11-14T16:30Z,Oklahoma,North Alabama,Home,W,89,61,https://a.espncdn.com/i/teamlogos/ncaa/500/201.png,https://a.espncdn.com/i/teamlogos/ncaa/500/2453.png,6,99,23,46,,,FALSE,1,,STATUS_FINAL,23,TRUE,6,"[{'abbreviation': 'Game', 'name': 'overall', 'summary': '3-1', 'type': 'total'}
 {'abbreviation': None, 'name': 'Home', 'summary': '3-0', 'type': 'home'}
 {'abbreviation': None, 'name': 'Road', 'summary': '0-0', 'type': 'road'}
 {'abbreviation': None, 'name': 'vs. Conf.', 'summary': '0-0', 'type': 'vsconf'}]",46,FALSE,99,"[{'abbreviation': 'Game', 'name': 'overall', 'summary': '3-1', 'type': 'total'}
 {'abbreviation': None, 'name': 'Home', 'summary': '3-0', 'type': 'home'}
 {'abbreviation': None, 'name': 'Road', 'summary': '0-1', 'type': 'road'}
 {'abbreviation': None, 'name': 'vs. Conf.', 'summary': '0-0', 'type': 'vsconf'}]",,,OU,UNA,990000,0,ffffff,,OU,990000,ffffff,UNA,0,,https://raw.githubusercontent.com/sportsdataverse/wehoop-wbb-raw/main/wbb/json/final/401825132.json,2025-11-14T16:30Z,TRUE,,
401819775,2025-11-14T02:00Z,UCLA,UNC,Neutral,W,78,60,https://a.espncdn.com/i/teamlogos/ncaa/500/26.png,https://a.espncdn.com/i/teamlogos/ncaa/500/153.png,3,11,7,2,,,FALSE,6,WBCA Challenge,STATUS_FINAL,7,TRUE,3,"[{'abbreviation': 'Game', 'name': 'overall', 'summary': '4-0', 'type': 'total'}
 {'abbreviation': None, 'name': 'Home', 'summary': '1-0', 'type': 'home'}
 {'abbreviation': None, 'name': 'Road', 'summary': '0-0', 'type': 'road'}
 {'abbreviation': None, 'name': 'vs. Conf.', 'summary': '0-0', 'type': 'vsconf'}]",2,FALSE,11,"[{'abbreviation': 'Game', 'name': 'overall', 'summary': '2-1', 'type': 'total'}
 {'abbreviation': None, 'name': 'Home', 'summary': '2-0', 'type': 'home'}
 {'abbreviation': None, 'name': 'Road', 'summary': '0-0', 'type': 'road'}
 {'abbreviation': None, 'name': 'vs. Conf.', 'summary': '0-0', 'type': 'vsconf'}]",,,UCLA,UNC,2774ae,7bafd4,f2a900,13294b,UCLA,2774ae,f2a900,UNC,7bafd4,13294b,https://raw.githubusercontent.com/sportsdataverse/wehoop-wbb-raw/main/wbb/json/final/401819775.json,2025-11-14T02:00Z,TRUE,,
401819775,2025-11-14T02:00Z,UNC,UCLA,Neutral,L,60,78,https://a.espncdn.com/i/teamlogos/ncaa/500/153.png,https://a.espncdn.com/i/teamlogos/ncaa/500/26.png,11,3,2,7,,,FALSE,6,WBCA Challenge,STATUS_FINAL,7,TRUE,3,"[{'abbreviation': 'Game', 'name': 'overall', 'summary': '4-0', 'type': 'total'}
 {'abbreviation': None, 'name': 'Home', 'summary': '1-0', 'type': 'home'}
 {'abbreviation': None, 'name': 'Road', 'summary': '0-0', 'type': 'road'}
 {'abbreviation': None, 'name': 'vs. Conf.', 'summary': '0-0', 'type': 'vsconf'}]",2,FALSE,11,"[{'abbreviation': 'Game', 'name': 'overall', 'summary': '2-1', 'type': 'total'}
 {'abbreviation': None, 'name': 'Home', 'summary': '2-0', 'type': 'home'}
 {'abbreviation': None, 'name': 'Road', 'summary': '0-0', 'type': 'road'}
 {'abbreviation': None, 'name': 'vs. Conf.', 'summary': '0-0', 'type': 'vsconf'}]",,,UNC,UCLA,7bafd4,2774ae,13294b,f2a900,UCLA,2774ae,f2a900,UNC,7bafd4,13294b,https://raw.githubusercontent.com/sportsdataverse/wehoop-wbb-raw/main/wbb/json/final/401819775.json,2025-11-14T02:00Z,TRUE,,
401818628,2025-11-14T01:30Z,Iowa,Drake,Home,W,100,58,https://a.espncdn.com/i/teamlogos/ncaa/500/2294.png,https://a.espncdn.com/i/teamlogos/ncaa/500/2181.png,21,99,7,18,,,FALSE,1,,STATUS_FINAL,7,TRUE,21,"[{'abbreviation': 'Game', 'name': 'overall', 'summary': '3-0', 'type': 'total'}
 {'abbreviation': None, 'name': 'Home', 'summary': '3-0', 'type': 'home'}
 {'abbreviation': None, 'name': 'Road', 'summary': '0-0', 'type': 'road'}
 {'abbreviation': None, 'name': 'vs. Conf.', 'summary': '0-0', 'type': 'vsconf'}]",18,FALSE,99,"[{'abbreviation': 'Game', 'name': 'overall', 'summary': '1-2', 'type': 'total'}
 {'abbreviation': None, 'name': 'Home', 'summary': '0-1', 'type': 'home'}
 {'abbreviation': None, 'name': 'Road', 'summary': '1-1', 'type': 'road'}
 {'abbreviation': None, 'name': 'vs. Conf.', 'summary': '0-0', 'type': 'vsconf'}]",,,IOWA,DRKE,231f20,5596,fcd116,bec0c2,IOWA,231f20,fcd116,DRKE,5596,bec0c2,https://raw.githubusercontent.com/sportsdataverse/wehoop-wbb-raw/main/wbb/json/final/401818628.json,2025-11-14T01:30Z,TRUE,,
401822274,2025-11-14T00:30Z,Mississippi State,Jackson State,Home,W,82,55,https://a.espncdn.com/i/teamlogos/ncaa/500/344.png,https://a.espncdn.com/i/teamlogos/ncaa/500/2296.png,99,99,23,26,,,FALSE,1,,STATUS_FINAL,23,TRUE,99,"[{'abbreviation': 'Game', 'name': 'overall', 'summary': '4-0', 'type': 'total'}
 {'abbreviation': None, 'name': 'Home', 'summary': '4-0', 'type': 'home'}
 {'abbreviation': None, 'name': 'Road', 'summary': '0-0', 'type': 'road'}
 {'abbreviation': None, 'name': 'vs. Conf.', 'summary': '0-0', 'type': 'vsconf'}]",26,FALSE,99,"[{'abbreviation': 'Game', 'name': 'overall', 'summary': '1-2', 'type': 'total'}
 {'abbreviation': None, 'name': 'Home', 'summary': '1-1', 'type': 'home'}
 {'abbreviation': None, 'name': 'Road', 'summary': '0-1', 'type': 'road'}
 {'abbreviation': None, 'name': 'vs. Conf.', 'summary': '0-0', 'type': 'vsconf'}]",,,MSST,JKST,5d1725,123297,c1c6c8,b5b7ba,MSST,5d1725,c1c6c8,JKST,123297,b5b7ba,https://raw.githubusercontent.com/sportsdataverse/wehoop-wbb-raw/main/wbb/json/final/401822274.json,2025-11-14T00:30Z,TRUE,,
401823669,2025-11-14T00:00Z,Virginia,UMBC,Home,L,56,61,https://a.espncdn.com/i/teamlogos/ncaa/500/258.png,https://a.espncdn.com/i/teamlogos/ncaa/500/2378.png,99,99,2,1,,,FALSE,1,,STATUS_FINAL,2,FALSE,99,"[{'abbreviation': 'Game', 'name': 'overall', 'summary': '2-1', 'type': 'total'}
 {'abbreviation': None, 'name': 'Home', 'summary': '2-1', 'type': 'home'}
 {'abbreviation': None, 'name': 'Road', 'summary': '0-0', 'type': 'road'}
 {'abbreviation': None, 'name': 'vs. Conf.', 'summary': '0-0', 'type': 'vsconf'}]",1,TRUE,99,"[{'abbreviation': 'Game', 'name': 'overall', 'summary': '2-1', 'type': 'total'}
 {'abbreviation': None, 'name': 'Home', 'summary': '1-0', 'type': 'home'}
 {'abbreviation': None, 'name': 'Road', 'summary': '1-1', 'type': 'road'}
 {'abbreviation': None, 'name': 'vs. Conf.', 'summary': '0-0', 'type': 'vsconf'}]",,,UVA,UMBC,f84c1e,0,232d4b,ad860a,UVA,f84c1e,232d4b,UMBC,0,ad860a,https://raw.githubusercontent.com/sportsdataverse/wehoop-wbb-raw/main/wbb/json/final/401823669.json,2025-11-14T00:00Z,TRUE,,
401818639,2025-11-14T00:00Z,Maryland,Towson,Home,W,88,70,https://a.espncdn.com/i/teamlogos/ncaa/500/120.png,https://a.espncdn.com/i/teamlogos/ncaa/500/119.png,9,99,7,10,,,FALSE,1,,STATUS_FINAL,7,TRUE,9,"[{'abbreviation': 'Game', 'name': 'overall', 'summary': '4-0', 'type': 'total'}
 {'abbreviation': None, 'name': 'Home', 'summary': '4-0', 'type': 'home'}
 {'abbreviation': None, 'name': 'Road', 'summary': '0-0', 'type': 'road'}
 {'abbreviation': None, 'name': 'vs. Conf.', 'summary': '0-0', 'type': 'vsconf'}]",10,FALSE,99,"[{'abbreviation': 'Game', 'name': 'overall', 'summary': '2-2', 'type': 'total'}
 {'abbreviation': None, 'name': 'Home', 'summary': '2-0', 'type': 'home'}
 {'abbreviation': None, 'name': 'Road', 'summary': '0-2', 'type': 'road'}
 {'abbreviation': None, 'name': 'vs. Conf.', 'summary': '0-0', 'type': 'vsconf'}]",,,MD,TOW,ce1126,FFC229,ffffff,,MD,ce1126,ffffff,TOW,FFC229,,https://raw.githubusercontent.com/sportsdataverse/wehoop-wbb-raw/main/wbb/json/final/401818639.json,2025-11-14T00:00Z,TRUE,,
401818590,2025-11-14T00:00Z,Tennessee,Belmont,Home,W,68,58,https://a.espncdn.com/i/teamlogos/ncaa/500/2633_ncw.png,https://a.espncdn.com/i/teamlogos/ncaa/500/2057.png,12,99,23,18,,,FALSE,1,,STATUS_FINAL,23,TRUE,12,"[{'abbreviation': 'Game', 'name': 'overall', 'summary': '3-1', 'type': 'total'}
 {'abbreviation': None, 'name': 'Home', 'summary': '2-0', 'type': 'home'}
 {'abbreviation': None, 'name': 'Road', 'summary': '1-0', 'type': 'road'}
 {'abbreviation': None, 'name': 'vs. Conf.', 'summary': '0-0', 'type': 'vsconf'}]",18,FALSE,99,"[{'abbreviation': 'Game', 'name': 'overall', 'summary': '1-2', 'type': 'total'}
 {'abbreviation': None, 'name': 'Home', 'summary': '1-0', 'type': 'home'}
 {'abbreviation': None, 'name': 'Road', 'summary': '0-2', 'type': 'road'}
 {'abbreviation': None, 'name': 'vs. Conf.', 'summary': '0-0', 'type': 'vsconf'}]",,,TENN,BEL,ff8200,182142,ffffff,c9262d,TENN,ff8200,ffffff,BEL,182142,c9262d,https://raw.githubusercontent.com/sportsdataverse/wehoop-wbb-raw/main/wbb/json/final/401818590.json,2025-11-14T00:00Z,TRUE,,
401822986,2025-11-14T00:00Z,Texas Tech,SMU,Home,W,91,60,https://a.espncdn.com/i/teamlogos/ncaa/500/2641.png,https://a.espncdn.com/i/teamlogos/ncaa/500/2567.png,99,99,8,2,,,FALSE,1,,STATUS_FINAL,8,TRUE,99,"[{'abbreviation': 'Game', 'name': 'overall', 'summary': '4-0', 'type': 'total'}
 {'abbreviation': None, 'name': 'Home', 'summary': '4-0', 'type': 'home'}
 {'abbreviation': None, 'name': 'Road', 'summary': '0-0', 'type': 'road'}
 {'abbreviation': None, 'name': 'vs. Conf.', 'summary': '0-0', 'type': 'vsconf'}]",2,FALSE,99,"[{'abbreviation': 'Game', 'name': 'overall', 'summary': '1-2', 'type': 'total'}
 {'abbreviation': None, 'name': 'Home', 'summary': '1-1', 'type': 'home'}
 {'abbreviation': None, 'name': 'Road', 'summary': '0-1', 'type': 'road'}
 {'abbreviation': None, 'name': 'vs. Conf.', 'summary': '0-0', 'type': 'vsconf'}]",,,TTU,SMU,da291c,a80000,0,0033a1,TTU,da291c,0,SMU,a80000,0033a1,https://raw.githubusercontent.com/sportsdataverse/wehoop-wbb-raw/main/wbb/json/final/401822986.json,2025-11-14T00:00Z,TRUE,,
401819579,2025-11-14T00:00Z,Clemson,American University,Home,W,78,38,https://a.espncdn.com/i/teamlogos/ncaa/500/228.png,https://a.espncdn.com/i/teamlogos/ncaa/500/44.png,99,99,2,22,,,FALSE,1,,STATUS_FINAL,2,TRUE,99,"[{'abbreviation': 'Game', 'name': 'overall', 'summary': '3-1', 'type': 'total'}
 {'abbreviation': None, 'name': 'Home', 'summary': '2-0', 'type': 'home'}
 {'abbreviation': None, 'name': 'Road', 'summary': '1-1', 'type': 'road'}
 {'abbreviation': None, 'name': 'vs. Conf.', 'summary': '0-0', 'type': 'vsconf'}]",22,FALSE,99,"[{'abbreviation': 'Game', 'name': 'overall', 'summary': '1-1', 'type': 'total'}
 {'abbreviation': None, 'name': 'Home', 'summary': '1-0', 'type': 'home'}
 {'abbreviation': None, 'name': 'Road', 'summary': '0-1', 'type': 'road'}
 {'abbreviation': None, 'name': 'vs. Conf.', 'summary': '0-0', 'type': 'vsconf'}]",,,CLEM,AMER,f56600,c41130,ffffff,c8102e,CLEM,f56600,ffffff,AMER,c41130,c8102e,https://raw.githubusercontent.com/sportsdataverse/wehoop-wbb-raw/main/wbb/json/final/401819579.json,2025-11-14T00:00Z,TRUE,,
401818517,2025-11-14T00:00Z,Florida,Samford,Home,W,87,40,https://a.espncdn.com/i/teamlogos/ncaa/500/57.png,https://a.espncdn.com/i/teamlogos/ncaa/500/2535.png,99,99,23,24,,,FALSE,1,,STATUS_FINAL,23,TRUE,99,"[{'abbreviation': 'Game', 'name': 'overall', 'summary': '4-0', 'type': 'total'}
 {'abbreviation': None, 'name': 'Home', 'summary': '4-0', 'type': 'home'}
 {'abbreviation': None, 'name': 'Road', 'summary': '0-0', 'type': 'road'}
 {'abbreviation': None, 'name': 'vs. Conf.', 'summary': '0-0', 'type': 'vsconf'}]",24,FALSE,99,"[{'abbreviation': 'Game', 'name': 'overall', 'summary': '1-2', 'type': 'total'}
 {'abbreviation': None, 'name': 'Home', 'summary': '1-0', 'type': 'home'}
 {'abbreviation': None, 'name': 'Road', 'summary': '0-2', 'type': 'road'}
 {'abbreviation': None, 'name': 'vs. Conf.', 'summary': '0-0', 'type': 'vsconf'}]",,,FLA,SAM,0021a5,5485,fa4616,bc0023,FLA,0021a5,fa4616,SAM,5485,bc0023,https://raw.githubusercontent.com/sportsdataverse/wehoop-wbb-raw/main/wbb/json/final/401818517.json,2025-11-14T00:00Z,TRUE,,
401818530,2025-11-14T00:00Z,Georgia,South Carolina State,Away,W,85,49,https://a.espncdn.com/i/teamlogos/ncaa/500/61.png,https://a.espncdn.com/i/teamlogos/ncaa/500/2569.png,99,99,23,16,,,FALSE,1,,STATUS_FINAL,16,FALSE,99,"[{'abbreviation': 'Game', 'name': 'overall', 'summary': '2-1', 'type': 'total'}
 {'abbreviation': None, 'name': 'Home', 'summary': '2-1', 'type': 'home'}
 {'abbreviation': None, 'name': 'Road', 'summary': '0-0', 'type': 'road'}
 {'abbreviation': None, 'name': 'vs. Conf.', 'summary': '0-0', 'type': 'vsconf'}]",23,TRUE,99,"[{'abbreviation': 'Game', 'name': 'overall', 'summary': '4-0', 'type': 'total'}
 {'abbreviation': None, 'name': 'Home', 'summary': '3-0', 'type': 'home'}
 {'abbreviation': None, 'name': 'Road', 'summary': '1-0', 'type': 'road'}
 {'abbreviation': None, 'name': 'vs. Conf.', 'summary': '0-0', 'type': 'vsconf'}]",,,UGA,SCST,ba0c2f,7d1315,2c2a29,104897,SCST,7d1315,104897,UGA,ba0c2f,2c2a29,https://raw.githubusercontent.com/sportsdataverse/wehoop-wbb-raw/main/wbb/json/final/401818530.json,2025-11-14T00:00Z,TRUE,,
401818668,2025-11-13T23:30Z,Ohio State,Bellarmine,Home,W,90,33,https://a.espncdn.com/i/teamlogos/ncaa/500/194.png,https://a.espncdn.com/i/teamlogos/ncaa/500/91.png,99,99,7,46,,,FALSE,1,,STATUS_FINAL,7,TRUE,99,"[{'abbreviation': 'Game', 'name': 'overall', 'summary': '2-0', 'type': 'total'}
 {'abbreviation': None, 'name': 'Home', 'summary': '2-0', 'type': 'home'}
 {'abbreviation': None, 'name': 'Road', 'summary': '0-0', 'type': 'road'}
 {'abbreviation': None, 'name': 'vs. Conf.', 'summary': '0-0', 'type': 'vsconf'}]",46,FALSE,99,"[{'abbreviation': 'Game', 'name': 'overall', 'summary': '1-2', 'type': 'total'}
 {'abbreviation': None, 'name': 'Home', 'summary': '1-1', 'type': 'home'}
 {'abbreviation': None, 'name': 'Road', 'summary': '0-1', 'type': 'road'}
 {'abbreviation': None, 'name': 'vs. Conf.', 'summary': '0-0', 'type': 'vsconf'}]",,,OSU,BELL,ba0c2f,0,a8adb4,,OSU,ba0c2f,a8adb4,BELL,0,,https://raw.githubusercontent.com/sportsdataverse/wehoop-wbb-raw/main/wbb/json/final/401818668.json,2025-11-13T23:30Z,TRUE,,
401819743,2025-11-13T23:00Z,Virginia Tech,Gardner-Webb,Home,W,87,51,https://a.espncdn.com/i/teamlogos/ncaa/500/259.png,https://a.espncdn.com/i/teamlogos/ncaa/500/2241.png,99,99,2,6,,,FALSE,1,,STATUS_FINAL,2,TRUE,99,"[{'abbreviation': 'Game', 'name': 'overall', 'summary': '3-0', 'type': 'total'}
 {'abbreviation': None, 'name': 'Home', 'summary': '3-0', 'type': 'home'}
 {'abbreviation': None, 'name': 'Road', 'summary': '0-0', 'type': 'road'}
 {'abbreviation': None, 'name': 'vs. Conf.', 'summary': '0-0', 'type': 'vsconf'}]",6,FALSE,99,"[{'abbreviation': 'Game', 'name': 'overall', 'summary': '0-4', 'type': 'total'}
 {'abbreviation': None, 'name': 'Home', 'summary': '0-0', 'type': 'home'}
 {'abbreviation': None, 'name': 'Road', 'summary': '0-4', 'type': 'road'}
 {'abbreviation': None, 'name': 'vs. Conf.', 'summary': '0-0', 'type': 'vsconf'}]",,,VT,GWEB,6a2c3e,c12535,cf4520,909090,VT,6a2c3e,cf4520,GWEB,c12535,909090,https://raw.githubusercontent.com/sportsdataverse/wehoop-wbb-raw/main/wbb/json/final/401819743.json,2025-11-13T23:00Z,TRUE,,
401819757,2025-11-13T23:00Z,Fairfield,South Florida,Neutral,W,80,72,https://a.espncdn.com/i/teamlogos/ncaa/500/2217.png,https://a.espncdn.com/i/teamlogos/ncaa/500/58.png,99,99,13,62,,,FALSE,6,WBCA Challenge,STATUS_FINAL,13,TRUE,99,"[{'abbreviation': 'Game', 'name': 'overall', 'summary': '3-0', 'type': 'total'}
 {'abbreviation': None, 'name': 'Home', 'summary': '1-0', 'type': 'home'}
 {'abbreviation': None, 'name': 'Road', 'summary': '1-0', 'type': 'road'}
 {'abbreviation': None, 'name': 'vs. Conf.', 'summary': '0-0', 'type': 'vsconf'}]",62,FALSE,99,"[{'abbreviation': 'Game', 'name': 'overall', 'summary': '2-1', 'type': 'total'}
 {'abbreviation': None, 'name': 'Home', 'summary': '2-0', 'type': 'home'}
 {'abbreviation': None, 'name': 'Road', 'summary': '0-0', 'type': 'road'}
 {'abbreviation': None, 'name': 'vs. Conf.', 'summary': '0-0', 'type': 'vsconf'}]",,,FAIR,USF,0,6747,ebebeb,cfc493,FAIR,0,ebebeb,USF,6747,cfc493,https://raw.githubusercontent.com/sportsdataverse/wehoop-wbb-raw/main/wbb/json/final/401819757.json,2025-11-13T23:00Z,TRUE,,
401813740,2025-11-13T16:00Z,Rhode Island,Rutgers,Away,L,63,68,https://a.espncdn.com/i/teamlogos/ncaa/500/227.png,https://a.espncdn.com/i/teamlogos/ncaa/500/164.png,99,99,3,7,,,FALSE,1,,STATUS_FINAL,7,TRUE,99,"[{'abbreviation': 'Game', 'name': 'overall', 'summary': '3-1', 'type': 'total'}
 {'abbreviation': None, 'name': 'Home', 'summary': '3-1', 'type': 'home'}
 {'abbreviation': None, 'name': 'Road', 'summary': '0-0', 'type': 'road'}
 {'abbreviation': None, 'name': 'vs. Conf.', 'summary': '0-0', 'type': 'vsconf'}]",3,FALSE,99,"[{'abbreviation': 'Game', 'name': 'overall', 'summary': '3-1', 'type': 'total'}
 {'abbreviation': None, 'name': 'Home', 'summary': '2-0', 'type': 'home'}
 {'abbreviation': None, 'name': 'Road', 'summary': '1-1', 'type': 'road'}
 {'abbreviation': None, 'name': 'vs. Conf.', 'summary': '0-0', 'type': 'vsconf'}]",,,URI,RUTG,091f3f,ce0e2d,5ab3e8,ffffff,RUTG,ce0e2d,ffffff,URI,091f3f,5ab3e8,https://raw.githubusercontent.com/sportsdataverse/wehoop-wbb-raw/main/wbb/json/final/401813740.json,2025-11-13T16:00Z,TRUE,,
401827241,2025-11-13T02:00Z,Oklahoma,Kansas City,Home,W,89,61,https://a.espncdn.com/i/teamlogos/ncaa/500/201.png,https://a.espncdn.com/i/teamlogos/ncaa/500/140.png,6,99,23,47,,,FALSE,1,,STATUS_FINAL,23,TRUE,6,"[{'abbreviation': 'Game', 'name': 'overall', 'summary': '2-1', 'type': 'total'}
 {'abbreviation': None, 'name': 'Home', 'summary': '2-0', 'type': 'home'}
 {'abbreviation': None, 'name': 'Road', 'summary': '0-0', 'type': 'road'}
 {'abbreviation': None, 'name': 'vs. Conf.', 'summary': '0-0', 'type': 'vsconf'}]",47,FALSE,99,"[{'abbreviation': 'Game', 'name': 'overall', 'summary': '1-2', 'type': 'total'}
 {'abbreviation': None, 'name': 'Home', 'summary': '1-0', 'type': 'home'}
 {'abbreviation': None, 'name': 'Road', 'summary': '0-2', 'type': 'road'}
 {'abbreviation': None, 'name': 'vs. Conf.', 'summary': '0-0', 'type': 'vsconf'}]",,,OU,KC,990000,004b87,ffffff,ffc72c,OU,990000,ffffff,KC,004b87,ffc72c,https://raw.githubusercontent.com/sportsdataverse/wehoop-wbb-raw/main/wbb/json/final/401827241.json,2025-11-13T02:00Z,TRUE,,
401818648,2025-11-13T02:00Z,Nebraska,Creighton,Home,W,84,50,https://a.espncdn.com/i/teamlogos/ncaa/500/158.png,https://a.espncdn.com/i/teamlogos/ncaa/500/156.png,99,99,7,4,,,FALSE,1,,STATUS_FINAL,7,TRUE,99,"[{'abbreviation': 'Game', 'name': 'overall', 'summary': '3-0', 'type': 'total'}
 {'abbreviation': None, 'name': 'Home', 'summary': '3-0', 'type': 'home'}
 {'abbreviation': None, 'name': 'Road', 'summary': '0-0', 'type': 'road'}
 {'abbreviation': None, 'name': 'vs. Conf.', 'summary': '0-0', 'type': 'vsconf'}]",4,FALSE,99,"[{'abbreviation': 'Game', 'name': 'overall', 'summary': '1-2', 'type': 'total'}
 {'abbreviation': None, 'name': 'Home', 'summary': '0-1', 'type': 'home'}
 {'abbreviation': None, 'name': 'Road', 'summary': '1-1', 'type': 'road'}
 {'abbreviation': None, 'name': 'vs. Conf.', 'summary': '0-0', 'type': 'vsconf'}]",,,NEB,CREI,e31937,005ca9,ffffff,6cadde,NEB,e31937,ffffff,CREI,005ca9,6cadde,https://raw.githubusercontent.com/sportsdataverse/wehoop-wbb-raw/main/wbb/json/final/401818648.json,2025-11-13T02:00Z,TRUE,,
401817373,2025-11-13T01:00Z,LSU,Charlotte,Home,W,117,59,https://a.espncdn.com/i/teamlogos/ncaa/500/99.png,https://a.espncdn.com/i/teamlogos/ncaa/500/2429.png,5,99,23,62,,,FALSE,1,,STATUS_FINAL,23,TRUE,5,"[{'abbreviation': 'Game', 'name': 'overall', 'summary': '4-0', 'type': 'total'}
 {'abbreviation': None, 'name': 'Home', 'summary': '3-0', 'type': 'home'}
 {'abbreviation': None, 'name': 'Road', 'summary': '1-0', 'type': 'road'}
 {'abbreviation': None, 'name': 'vs. Conf.', 'summary': '0-0', 'type': 'vsconf'}]",62,FALSE,99,"[{'abbreviation': 'Game', 'name': 'overall', 'summary': '2-2', 'type': 'total'}
 {'abbreviation': None, 'name': 'Home', 'summary': '1-1', 'type': 'home'}
 {'abbreviation': None, 'name': 'Road', 'summary': '1-1', 'type': 'road'}
 {'abbreviation': None, 'name': 'vs. Conf.', 'summary': '0-0', 'type': 'vsconf'}]",,,LSU,CLT,461d76,5035,fdd023,a49665,LSU,461d76,fdd023,CLT,5035,a49665,https://raw.githubusercontent.com/sportsdataverse/wehoop-wbb-raw/main/wbb/json/final/401817373.json,2025-11-13T01:00Z,TRUE,,
401817383,2025-11-13T00:30Z,UConn,Loyola Chicago,Home,W,85,31,https://a.espncdn.com/i/teamlogos/ncaa/500/41.png,https://a.espncdn.com/i/teamlogos/ncaa/500/2350.png,1,99,4,3,,,FALSE,1,,STATUS_FINAL,4,TRUE,1,"[{'abbreviation': 'Game', 'name': 'overall', 'summary': '3-0', 'type': 'total'}
 {'abbreviation': None, 'name': 'Home', 'summary': '2-0', 'type': 'home'}
 {'abbreviation': None, 'name': 'Road', 'summary': '0-0', 'type': 'road'}
 {'abbreviation': None, 'name': 'vs. Conf.', 'summary': '0-0', 'type': 'vsconf'}]",3,FALSE,99,"[{'abbreviation': 'Game', 'name': 'overall', 'summary': '1-2', 'type': 'total'}
 {'abbreviation': None, 'name': 'Home', 'summary': '0-1', 'type': 'home'}
 {'abbreviation': None, 'name': 'Road', 'summary': '1-1', 'type': 'road'}
 {'abbreviation': None, 'name': 'vs. Conf.', 'summary': '0-0', 'type': 'vsconf'}]",,,CONN,LUC,0c2340,9d1244,a2aaad,,CONN,0c2340,a2aaad,LUC,9d1244,,https://raw.githubusercontent.com/sportsdataverse/wehoop-wbb-raw/main/wbb/json/final/401817383.json,2025-11-13T00:30Z,TRUE,,
401819925,2025-11-13T00:30Z,Iowa State,Valparaiso,Home,W,97,50,https://a.espncdn.com/i/teamlogos/ncaa/500/66.png,https://a.espncdn.com/i/teamlogos/ncaa/500/2674.png,16,99,8,18,,,FALSE,1,,STATUS_FINAL,8,TRUE,16,"[{'abbreviation': 'Game', 'name': 'overall', 'summary': '4-0', 'type': 'total'}
 {'abbreviation': None, 'name': 'Home', 'summary': '4-0', 'type': 'home'}
 {'abbreviation': None, 'name': 'Road', 'summary': '0-0', 'type': 'road'}
 {'abbreviation': None, 'name': 'vs. Conf.', 'summary': '0-0', 'type': 'vsconf'}]",18,FALSE,99,"[{'abbreviation': 'Game', 'name': 'overall', 'summary': '0-3', 'type': 'total'}
 {'abbreviation': None, 'name': 'Home', 'summary': '0-0', 'type': 'home'}
 {'abbreviation': None, 'name': 'Road', 'summary': '0-3', 'type': 'road'}
 {'abbreviation': None, 'name': 'vs. Conf.', 'summary': '0-0', 'type': 'vsconf'}]",,,ISU,VAL,ae192d,794500,ffc72a,,ISU,ae192d,ffc72a,VAL,794500,,https://raw.githubusercontent.com/sportsdataverse/wehoop-wbb-raw/main/wbb/json/final/401819925.json,2025-11-13T00:30Z,TRUE,,
401823030,2025-11-13T00:30Z,TCU,Tennessee State,Home,W,122,39,https://a.espncdn.com/i/teamlogos/ncaa/500/2628.png,https://a.espncdn.com/i/teamlogos/ncaa/500/2634.png,17,99,8,20,,,FALSE,1,,STATUS_FINAL,8,TRUE,17,"[{'abbreviation': 'Game', 'name': 'overall', 'summary': '3-0', 'type': 'total'}
 {'abbreviation': None, 'name': 'Home', 'summary': '3-0', 'type': 'home'}
 {'abbreviation': None, 'name': 'Road', 'summary': '0-0', 'type': 'road'}
 {'abbreviation': None, 'name': 'vs. Conf.', 'summary': '0-0', 'type': 'vsconf'}]",20,FALSE,99,"[{'abbreviation': 'Game', 'name': 'overall', 'summary': '0-3', 'type': 'total'}
 {'abbreviation': None, 'name': 'Home', 'summary': '0-1', 'type': 'home'}
 {'abbreviation': None, 'name': 'Road', 'summary': '0-2', 'type': 'road'}
 {'abbreviation': None, 'name': 'vs. Conf.', 'summary': '0-0', 'type': 'vsconf'}]",,,TCU,TNST,4d1979,171796,ffffff,f0f0f0,TCU,4d1979,ffffff,TNST,171796,f0f0f0,https://raw.githubusercontent.com/sportsdataverse/wehoop-wbb-raw/main/wbb/json/final/401823030.json,2025-11-13T00:30Z,TRUE,,
401817565,2025-11-13T00:00Z,Colorado,Louisville,Away,L,68,74,https://a.espncdn.com/i/teamlogos/ncaa/500/38.png,https://a.espncdn.com/i/teamlogos/ncaa/500/97.png,99,22,8,2,,,FALSE,1,,STATUS_FINAL,2,TRUE,22,"[{'abbreviation': 'Game', 'name': 'overall', 'summary': '2-1', 'type': 'total'}
 {'abbreviation': None, 'name': 'Home', 'summary': '2-0', 'type': 'home'}
 {'abbreviation': None, 'name': 'Road', 'summary': '0-0', 'type': 'road'}
 {'abbreviation': None, 'name': 'vs. Conf.', 'summary': '0-0', 'type': 'vsconf'}]",8,FALSE,99,"[{'abbreviation': 'Game', 'name': 'overall', 'summary': '1-1', 'type': 'total'}
 {'abbreviation': None, 'name': 'Home', 'summary': '1-0', 'type': 'home'}
 {'abbreviation': None, 'name': 'Road', 'summary': '0-1', 'type': 'road'}
 {'abbreviation': None, 'name': 'vs. Conf.', 'summary': '0-0', 'type': 'vsconf'}]",,,COLO,LOU,cfb87c,c9001f,0,ffffff,LOU,c9001f,ffffff,COLO,cfb87c,0,https://raw.githubusercontent.com/sportsdataverse/wehoop-wbb-raw/main/wbb/json/final/401817565.json,2025-11-13T00:00Z,TRUE,,
401820309,2025-11-13T00:00Z,Richmond,William & Mary,Away,W,84,58,https://a.espncdn.com/i/teamlogos/ncaa/500/257.png,https://a.espncdn.com/i/teamlogos/ncaa/500/2729.png,99,99,3,10,,,FALSE,1,,STATUS_FINAL,10,FALSE,99,"[{'abbreviation': 'Game', 'name': 'overall', 'summary': '1-2', 'type': 'total'}
 {'abbreviation': None, 'name': 'Home', 'summary': '1-1', 'type': 'home'}
 {'abbreviation': None, 'name': 'Road', 'summary': '0-1', 'type': 'road'}
 {'abbreviation': None, 'name': 'vs. Conf.', 'summary': '0-0', 'type': 'vsconf'}]",3,TRUE,99,"[{'abbreviation': 'Game', 'name': 'overall', 'summary': '2-1', 'type': 'total'}
 {'abbreviation': None, 'name': 'Home', 'summary': '1-0', 'type': 'home'}
 {'abbreviation': None, 'name': 'Road', 'summary': '1-1', 'type': 'road'}
 {'abbreviation': None, 'name': 'vs. Conf.', 'summary': '0-0', 'type': 'vsconf'}]",,,RICH,W&M,9e0712,115740,b90b2e,f0b323,W&M,115740,f0b323,RICH,9e0712,b90b2e,https://raw.githubusercontent.com/sportsdataverse/wehoop-wbb-raw/main/wbb/json/final/401820309.json,2025-11-13T00:00Z,TRUE,,
401827919,2025-11-13T00:00Z,Ole Miss,Southern,Home,W,94,44,https://a.espncdn.com/i/teamlogos/ncaa/500/145.png,https://a.espncdn.com/i/teamlogos/ncaa/500/2582.png,13,99,23,26,,,FALSE,1,,STATUS_FINAL,23,TRUE,13,"[{'abbreviation': 'Game', 'name': 'overall', 'summary': '3-0', 'type': 'total'}
 {'abbreviation': None, 'name': 'Home', 'summary': '2-0', 'type': 'home'}
 {'abbreviation': None, 'name': 'Road', 'summary': '1-0', 'type': 'road'}
 {'abbreviation': None, 'name': 'vs. Conf.', 'summary': '0-0', 'type': 'vsconf'}]",26,FALSE,99,"[{'abbreviation': 'Game', 'name': 'overall', 'summary': '0-3', 'type': 'total'}
 {'abbreviation': None, 'name': 'Home', 'summary': '0-0', 'type': 'home'}
 {'abbreviation': None, 'name': 'Road', 'summary': '0-3', 'type': 'road'}
 {'abbreviation': None, 'name': 'vs. Conf.', 'summary': '0-0', 'type': 'vsconf'}]",,,MISS,SOU,13294b,004B97,cf142b,ffc82d,MISS,13294b,cf142b,SOU,004B97,ffc82d,https://raw.githubusercontent.com/sportsdataverse/wehoop-wbb-raw/main/wbb/json/final/401827919.json,2025-11-13T00:00Z,TRUE,,
401817558,2025-11-13T00:00Z,Duke,Norfolk State,Home,W,83,32,https://a.espncdn.com/i/teamlogos/ncaa/500/150.png,https://a.espncdn.com/i/teamlogos/ncaa/500/2450.png,15,99,2,16,,,FALSE,1,,STATUS_FINAL,2,TRUE,15,"[{'abbreviation': 'Game', 'name': 'overall', 'summary': '2-1', 'type': 'total'}
 {'abbreviation': None, 'name': 'Home', 'summary': '2-0', 'type': 'home'}
 {'abbreviation': None, 'name': 'Road', 'summary': '0-0', 'type': 'road'}
 {'abbreviation': None, 'name': 'vs. Conf.', 'summary': '0-0', 'type': 'vsconf'}]",16,FALSE,99,"[{'abbreviation': 'Game', 'name': 'overall', 'summary': '2-2', 'type': 'total'}
 {'abbreviation': None, 'name': 'Home', 'summary': '2-0', 'type': 'home'}
 {'abbreviation': None, 'name': 'Road', 'summary': '0-2', 'type': 'road'}
 {'abbreviation': None, 'name': 'vs. Conf.', 'summary': '0-0', 'type': 'vsconf'}]",,,DUKE,NORF,00539b,0c8968,ffffff,fdb813,DUKE,00539b,ffffff,NORF,0c8968,fdb813,https://raw.githubusercontent.com/sportsdataverse/wehoop-wbb-raw/main/wbb/json/final/401817558.json,2025-11-13T00:00Z,TRUE,,
401820850,2025-11-13T00:00Z,Notre Dame,Akron,Home,W,85,58,https://a.espncdn.com/i/teamlogos/ncaa/500/87.png,https://a.espncdn.com/i/teamlogos/ncaa/500/2006.png,18,99,2,14,,,FALSE,1,,STATUS_FINAL,2,TRUE,18,"[{'abbreviation': 'Game', 'name': 'overall', 'summary': '3-0', 'type': 'total'}
 {'abbreviation': None, 'name': 'Home', 'summary': '3-0', 'type': 'home'}
 {'abbreviation': None, 'name': 'Road', 'summary': '0-0', 'type': 'road'}
 {'abbreviation': None, 'name': 'vs. Conf.', 'summary': '0-0', 'type': 'vsconf'}]",14,FALSE,99,"[{'abbreviation': 'Game', 'name': 'overall', 'summary': '0-3', 'type': 'total'}
 {'abbreviation': None, 'name': 'Home', 'summary': '0-0', 'type': 'home'}
 {'abbreviation': None, 'name': 'Road', 'summary': '0-3', 'type': 'road'}
 {'abbreviation': None, 'name': 'vs. Conf.', 'summary': '0-0', 'type': 'vsconf'}]",,,ND,AKR,62340,4.10E+43,c99700,c5b783,ND,62340,c99700,AKR,4.10E+43,c5b783,https://raw.githubusercontent.com/sportsdataverse/wehoop-wbb-raw/main/wbb/json/final/401820850.json,2025-11-13T00:00Z,TRUE,,
401817565,2025-11-13T00:00Z,Louisville,Colorado,Home,W,74,68,https://a.espncdn.com/i/teamlogos/ncaa/500/97.png,https://a.espncdn.com/i/teamlogos/ncaa/500/38.png,22,99,2,8,,,FALSE,1,,STATUS_FINAL,2,TRUE,22,"[{'abbreviation': 'Game', 'name': 'overall', 'summary': '2-1', 'type': 'total'}
 {'abbreviation': None, 'name': 'Home', 'summary': '2-0', 'type': 'home'}
 {'abbreviation': None, 'name': 'Road', 'summary': '0-0', 'type': 'road'}
 {'abbreviation': None, 'name': 'vs. Conf.', 'summary': '0-0', 'type': 'vsconf'}]",8,FALSE,99,"[{'abbreviation': 'Game', 'name': 'overall', 'summary': '1-1', 'type': 'total'}
 {'abbreviation': None, 'name': 'Home', 'summary': '1-0', 'type': 'home'}
 {'abbreviation': None, 'name': 'Road', 'summary': '0-1', 'type': 'road'}
 {'abbreviation': None, 'name': 'vs. Conf.', 'summary': '0-0', 'type': 'vsconf'}]",,,LOU,COLO,c9001f,cfb87c,ffffff,0,LOU,c9001f,ffffff,COLO,cfb87c,0,https://raw.githubusercontent.com/sportsdataverse/wehoop-wbb-raw/main/wbb/json/final/401817565.json,2025-11-13T00:00Z,TRUE,,
401818607,2025-11-13T00:00Z,Vanderbilt,Austin Peay,Away,W,75,65,https://a.espncdn.com/i/teamlogos/ncaa/500/238.png,https://a.espncdn.com/i/teamlogos/ncaa/500/2046.png,19,99,23,46,,,FALSE,1,,STATUS_FINAL,46,FALSE,99,"[{'abbreviation': 'Game', 'name': 'overall', 'summary': '1-1', 'type': 'total'}
 {'abbreviation': None, 'name': 'Home', 'summary': '1-1', 'type': 'home'}
 {'abbreviation': None, 'name': 'Road', 'summary': '0-0', 'type': 'road'}
 {'abbreviation': None, 'name': 'vs. Conf.', 'summary': '0-0', 'type': 'vsconf'}]",23,TRUE,19,"[{'abbreviation': 'Game', 'name': 'overall', 'summary': '3-0', 'type': 'total'}
 {'abbreviation': None, 'name': 'Home', 'summary': '1-0', 'type': 'home'}
 {'abbreviation': None, 'name': 'Road', 'summary': '1-0', 'type': 'road'}
 {'abbreviation': None, 'name': 'vs. Conf.', 'summary': '0-0', 'type': 'vsconf'}]",,,VAN,APSU,0,8e0b0b,cfae70,,APSU,8e0b0b,,VAN,0,cfae70,https://raw.githubusercontent.com/sportsdataverse/wehoop-wbb-raw/main/wbb/json/final/401818607.json,2025-11-13T00:00Z,TRUE,,
401825727,2025-11-13T00:00Z,Villanova,Princeton,Home,L,68,73,https://a.espncdn.com/i/teamlogos/ncaa/500/222.png,https://a.espncdn.com/i/teamlogos/ncaa/500/163.png,99,99,4,12,,,FALSE,1,,STATUS_FINAL,4,FALSE,99,"[{'abbreviation': 'Game', 'name': 'overall', 'summary': '2-2', 'type': 'total'}
 {'abbreviation': None, 'name': 'Home', 'summary': '1-2', 'type': 'home'}
 {'abbreviation': None, 'name': 'Road', 'summary': '0-0', 'type': 'road'}
 {'abbreviation': None, 'name': 'vs. Conf.', 'summary': '0-0', 'type': 'vsconf'}]",12,TRUE,99,"[{'abbreviation': 'Game', 'name': 'overall', 'summary': '2-0', 'type': 'total'}
 {'abbreviation': None, 'name': 'Home', 'summary': '0-0', 'type': 'home'}
 {'abbreviation': None, 'name': 'Road', 'summary': '2-0', 'type': 'road'}
 {'abbreviation': None, 'name': 'vs. Conf.', 'summary': '0-0', 'type': 'vsconf'}]",,,VILL,PRIN,00205b,0,13b5ea,ff6000,VILL,00205b,13b5ea,PRIN,0,ff6000,https://raw.githubusercontent.com/sportsdataverse/wehoop-wbb-raw/main/wbb/json/final/401825727.json,2025-11-13T00:00Z,TRUE,,
401825727,2025-11-13T00:00Z,Princeton,Villanova,Away,W,73,68,https://a.espncdn.com/i/teamlogos/ncaa/500/163.png,https://a.espncdn.com/i/teamlogos/ncaa/500/222.png,99,99,12,4,,,FALSE,1,,STATUS_FINAL,4,FALSE,99,"[{'abbreviation': 'Game', 'name': 'overall', 'summary': '2-2', 'type': 'total'}
 {'abbreviation': None, 'name': 'Home', 'summary': '1-2', 'type': 'home'}
 {'abbreviation': None, 'name': 'Road', 'summary': '0-0', 'type': 'road'}
 {'abbreviation': None, 'name': 'vs. Conf.', 'summary': '0-0', 'type': 'vsconf'}]",12,TRUE,99,"[{'abbreviation': 'Game', 'name': 'overall', 'summary': '2-0', 'type': 'total'}
 {'abbreviation': None, 'name': 'Home', 'summary': '0-0', 'type': 'home'}
 {'abbreviation': None, 'name': 'Road', 'summary': '2-0', 'type': 'road'}
 {'abbreviation': None, 'name': 'vs. Conf.', 'summary': '0-0', 'type': 'vsconf'}]",,,PRIN,VILL,0,00205b,ff6000,13b5ea,VILL,00205b,13b5ea,PRIN,0,ff6000,https://raw.githubusercontent.com/sportsdataverse/wehoop-wbb-raw/main/wbb/json/final/401825727.json,2025-11-13T00:00Z,TRUE,,
401825978,2025-11-12T23:30Z,Michigan State,Youngstown State,Home,W,96,52,https://a.espncdn.com/i/teamlogos/ncaa/500/127.png,https://a.espncdn.com/i/teamlogos/ncaa/500/2754.png,24,99,7,45,,,FALSE,1,,STATUS_FINAL,7,TRUE,24,"[{'abbreviation': 'Game', 'name': 'overall', 'summary': '3-0', 'type': 'total'}
 {'abbreviation': None, 'name': 'Home', 'summary': '3-0', 'type': 'home'}
 {'abbreviation': None, 'name': 'Road', 'summary': '0-0', 'type': 'road'}
 {'abbreviation': None, 'name': 'vs. Conf.', 'summary': '0-0', 'type': 'vsconf'}]",45,FALSE,99,"[{'abbreviation': 'Game', 'name': 'overall', 'summary': '2-1', 'type': 'total'}
 {'abbreviation': None, 'name': 'Home', 'summary': '1-0', 'type': 'home'}
 {'abbreviation': None, 'name': 'Road', 'summary': '1-1', 'type': 'road'}
 {'abbreviation': None, 'name': 'vs. Conf.', 'summary': '0-0', 'type': 'vsconf'}]",,,MSU,YSU,173f35,E51937,ffffff,690717,MSU,173f35,ffffff,YSU,E51937,690717,https://raw.githubusercontent.com/sportsdataverse/wehoop-wbb-raw/main/wbb/json/final/401825978.json,2025-11-12T23:30Z,TRUE,,
401818579,2025-11-12T23:30Z,Kentucky,South Carolina Upstate,Home,W,90,30,https://a.espncdn.com/i/teamlogos/ncaa/500/96.png,https://a.espncdn.com/i/teamlogos/ncaa/500/2908.png,23,99,23,6,,,FALSE,1,,STATUS_FINAL,23,TRUE,23,"[{'abbreviation': 'Game', 'name': 'overall', 'summary': '4-0', 'type': 'total'}
 {'abbreviation': None, 'name': 'Home', 'summary': '3-0', 'type': 'home'}
 {'abbreviation': None, 'name': 'Road', 'summary': '1-0', 'type': 'road'}
 {'abbreviation': None, 'name': 'vs. Conf.', 'summary': '0-0', 'type': 'vsconf'}]",6,FALSE,99,"[{'abbreviation': 'Game', 'name': 'overall', 'summary': '1-3', 'type': 'total'}
 {'abbreviation': None, 'name': 'Home', 'summary': '1-0', 'type': 'home'}
 {'abbreviation': None, 'name': 'Road', 'summary': '0-3', 'type': 'road'}
 {'abbreviation': None, 'name': 'vs. Conf.', 'summary': '0-0', 'type': 'vsconf'}]",,,UK,UPST,0033a0,8545,ffffff,0,UK,0033a0,ffffff,UPST,8545,0,https://raw.githubusercontent.com/sportsdataverse/wehoop-wbb-raw/main/wbb/json/final/401818579.json,2025-11-12T23:30Z,TRUE,,
401824709,2025-11-12T23:00Z,James Madison,Liberty,Home,W,74,61,https://a.espncdn.com/i/teamlogos/ncaa/500/256.png,https://a.espncdn.com/i/teamlogos/ncaa/500/2335.png,99,99,27,11,,,FALSE,1,,STATUS_FINAL,27,TRUE,99,"[{'abbreviation': 'Game', 'name': 'overall', 'summary': '3-1', 'type': 'total'}
 {'abbreviation': None, 'name': 'Home', 'summary': '3-1', 'type': 'home'}
 {'abbreviation': None, 'name': 'Road', 'summary': '0-0', 'type': 'road'}
 {'abbreviation': None, 'name': 'vs. Conf.', 'summary': '0-0', 'type': 'vsconf'}]",11,FALSE,99,"[{'abbreviation': 'Game', 'name': 'overall', 'summary': '2-1', 'type': 'total'}
 {'abbreviation': None, 'name': 'Home', 'summary': '2-0', 'type': 'home'}
 {'abbreviation': None, 'name': 'Road', 'summary': '0-1', 'type': 'road'}
 {'abbreviation': None, 'name': 'vs. Conf.', 'summary': '0-0', 'type': 'vsconf'}]",,,JMU,LIB,450084,0a254e,cbb677,b72025,JMU,450084,cbb677,LIB,0a254e,b72025,https://raw.githubusercontent.com/sportsdataverse/wehoop-wbb-raw/main/wbb/json/final/401824709.json,2025-11-12T23:00Z,TRUE,,
401818676,2025-11-12T02:00Z,Oregon,Grand Canyon,Home,W,84,66,https://a.espncdn.com/i/teamlogos/ncaa/500/2483.png,https://a.espncdn.com/i/teamlogos/ncaa/500/2253.png,99,99,7,44,,,FALSE,1,,STATUS_FINAL,7,TRUE,99,"[{'abbreviation': 'Game', 'name': 'overall', 'summary': '3-0', 'type': 'total'}
 {'abbreviation': None, 'name': 'Home', 'summary': '3-0', 'type': 'home'}
 {'abbreviation': None, 'name': 'Road', 'summary': '0-0', 'type': 'road'}
 {'abbreviation': None, 'name': 'vs. Conf.', 'summary': '0-0', 'type': 'vsconf'}]",44,FALSE,99,"[{'abbreviation': 'Game', 'name': 'overall', 'summary': '0-3', 'type': 'total'}
 {'abbreviation': None, 'name': 'Home', 'summary': '0-1', 'type': 'home'}
 {'abbreviation': None, 'name': 'Road', 'summary': '0-2', 'type': 'road'}
 {'abbreviation': None, 'name': 'vs. Conf.', 'summary': '0-0', 'type': 'vsconf'}]",,,ORE,GCU,00934b,522398,fff41b,ffffff,ORE,00934b,fff41b,GCU,522398,ffffff,https://raw.githubusercontent.com/sportsdataverse/wehoop-wbb-raw/main/wbb/json/final/401818676.json,2025-11-12T02:00Z,TRUE,,
401822782,2025-11-12T01:00Z,Minnesota,Marquette,Home,W,90,47,https://a.espncdn.com/i/teamlogos/ncaa/500/135.png,https://a.espncdn.com/i/teamlogos/ncaa/500/269.png,99,99,7,4,,,FALSE,1,,STATUS_FINAL,7,TRUE,99,"[{'abbreviation': 'Game', 'name': 'overall', 'summary': '3-0', 'type': 'total'}
 {'abbreviation': None, 'name': 'Home', 'summary': '3-0', 'type': 'home'}
 {'abbreviation': None, 'name': 'Road', 'summary': '0-0', 'type': 'road'}
 {'abbreviation': None, 'name': 'vs. Conf.', 'summary': '0-0', 'type': 'vsconf'}]",4,FALSE,99,"[{'abbreviation': 'Game', 'name': 'overall', 'summary': '2-1', 'type': 'total'}
 {'abbreviation': None, 'name': 'Home', 'summary': '2-0', 'type': 'home'}
 {'abbreviation': None, 'name': 'Road', 'summary': '0-1', 'type': 'road'}
 {'abbreviation': None, 'name': 'vs. Conf.', 'summary': '0-0', 'type': 'vsconf'}]",,,MINN,MARQ,5e0a2f,3366,fab41c,ffcc00,MINN,5e0a2f,fab41c,MARQ,3366,ffcc00,https://raw.githubusercontent.com/sportsdataverse/wehoop-wbb-raw/main/wbb/json/final/401822782.json,2025-11-12T01:00Z,TRUE,,
401813873,2025-11-12T00:00Z,Syracuse,Canisius,Home,W,96,72,https://a.espncdn.com/i/teamlogos/ncaa/500/183.png,https://a.espncdn.com/i/teamlogos/ncaa/500/2099.png,99,99,2,13,,,FALSE,1,,STATUS_FINAL,2,TRUE,99,"[{'abbreviation': 'Game', 'name': 'overall', 'summary': '3-0', 'type': 'total'}
 {'abbreviation': None, 'name': 'Home', 'summary': '3-0', 'type': 'home'}
 {'abbreviation': None, 'name': 'Road', 'summary': '0-0', 'type': 'road'}
 {'abbreviation': None, 'name': 'vs. Conf.', 'summary': '0-0', 'type': 'vsconf'}]",13,FALSE,99,"[{'abbreviation': 'Game', 'name': 'overall', 'summary': '0-3', 'type': 'total'}
 {'abbreviation': None, 'name': 'Home', 'summary': '0-1', 'type': 'home'}
 {'abbreviation': None, 'name': 'Road', 'summary': '0-2', 'type': 'road'}
 {'abbreviation': None, 'name': 'vs. Conf.', 'summary': '0-0', 'type': 'vsconf'}]",,,SYR,CAN,0.00E+00,004a81,ff431b,dda50f,SYR,0.00E+00,ff431b,CAN,004a81,dda50f,https://raw.githubusercontent.com/sportsdataverse/wehoop-wbb-raw/main/wbb/json/final/401813873.json,2025-11-12T00:00Z,TRUE,,
401828586,2025-11-12T00:00Z,West Virginia,Temple,Home,W,89,61,https://a.espncdn.com/i/teamlogos/ncaa/500/277.png,https://a.espncdn.com/i/teamlogos/ncaa/500/218.png,99,99,8,62,,,FALSE,1,,STATUS_FINAL,8,TRUE,99,"[{'abbreviation': 'Game', 'name': 'overall', 'summary': '3-0', 'type': 'total'}
 {'abbreviation': None, 'name': 'Home', 'summary': '3-0', 'type': 'home'}
 {'abbreviation': None, 'name': 'Road', 'summary': '0-0', 'type': 'road'}
 {'abbreviation': None, 'name': 'vs. Conf.', 'summary': '0-0', 'type': 'vsconf'}]",62,FALSE,99,"[{'abbreviation': 'Game', 'name': 'overall', 'summary': '2-1', 'type': 'total'}
 {'abbreviation': None, 'name': 'Home', 'summary': '2-0', 'type': 'home'}
 {'abbreviation': None, 'name': 'Road', 'summary': '0-1', 'type': 'road'}
 {'abbreviation': None, 'name': 'vs. Conf.', 'summary': '0-0', 'type': 'vsconf'}]",,,WVU,TEM,eaaa00,a41e35,2855,ffffff,WVU,eaaa00,2855,TEM,a41e35,ffffff,https://raw.githubusercontent.com/sportsdataverse/wehoop-wbb-raw/main/wbb/json/final/401828586.json,2025-11-12T00:00Z,TRUE,,
401817575,2025-11-12T00:00Z,NC State,Maine,Home,W,66,47,https://a.espncdn.com/i/teamlogos/ncaa/500/152.png,https://a.espncdn.com/i/teamlogos/ncaa/500/311.png,10,99,2,1,,,FALSE,1,,STATUS_FINAL,2,TRUE,10,"[{'abbreviation': 'Game', 'name': 'overall', 'summary': '2-1', 'type': 'total'}
 {'abbreviation': None, 'name': 'Home', 'summary': '1-0', 'type': 'home'}
 {'abbreviation': None, 'name': 'Road', 'summary': '0-0', 'type': 'road'}
 {'abbreviation': None, 'name': 'vs. Conf.', 'summary': '0-0', 'type': 'vsconf'}]",1,FALSE,99,"[{'abbreviation': 'Game', 'name': 'overall', 'summary': '0-2', 'type': 'total'}
 {'abbreviation': None, 'name': 'Home', 'summary': '0-1', 'type': 'home'}
 {'abbreviation': None, 'name': 'Road', 'summary': '0-1', 'type': 'road'}
 {'abbreviation': None, 'name': 'vs. Conf.', 'summary': '0-0', 'type': 'vsconf'}]",,,NCSU,ME,cc0000,127dbe,ffffff,,NCSU,cc0000,ffffff,ME,127dbe,,https://raw.githubusercontent.com/sportsdataverse/wehoop-wbb-raw/main/wbb/json/final/401817575.json,2025-11-12T00:00Z,TRUE,,
401811125,2025-11-11T23:00Z,Clemson,South Carolina,Away,L,37,65,https://a.espncdn.com/i/teamlogos/ncaa/500/228.png,https://a.espncdn.com/i/teamlogos/ncaa/500/2579.png,99,2,2,23,,,FALSE,1,,STATUS_FINAL,23,TRUE,2,"[{'abbreviation': 'Game', 'name': 'overall', 'summary': '3-0', 'type': 'total'}
 {'abbreviation': None, 'name': 'Home', 'summary': '3-0', 'type': 'home'}
 {'abbreviation': None, 'name': 'Road', 'summary': '0-0', 'type': 'road'}
 {'abbreviation': None, 'name': 'vs. Conf.', 'summary': '0-0', 'type': 'vsconf'}]",2,FALSE,99,"[{'abbreviation': 'Game', 'name': 'overall', 'summary': '2-1', 'type': 'total'}
 {'abbreviation': None, 'name': 'Home', 'summary': '1-0', 'type': 'home'}
 {'abbreviation': None, 'name': 'Road', 'summary': '1-1', 'type': 'road'}
 {'abbreviation': None, 'name': 'vs. Conf.', 'summary': '0-0', 'type': 'vsconf'}]",,,CLEM,SC,f56600,73000a,ffffff,0,SC,73000a,0,CLEM,f56600,ffffff,https://raw.githubusercontent.com/sportsdataverse/wehoop-wbb-raw/main/wbb/json/final/401811125.json,2025-11-11T23:00Z,TRUE,,
401811125,2025-11-11T23:00Z,South Carolina,Clemson,Home,W,65,37,https://a.espncdn.com/i/teamlogos/ncaa/500/2579.png,https://a.espncdn.com/i/teamlogos/ncaa/500/228.png,2,99,23,2,,,FALSE,1,,STATUS_FINAL,23,TRUE,2,"[{'abbreviation': 'Game', 'name': 'overall', 'summary': '3-0', 'type': 'total'}
 {'abbreviation': None, 'name': 'Home', 'summary': '3-0', 'type': 'home'}
 {'abbreviation': None, 'name': 'Road', 'summary': '0-0', 'type': 'road'}
 {'abbreviation': None, 'name': 'vs. Conf.', 'summary': '0-0', 'type': 'vsconf'}]",2,FALSE,99,"[{'abbreviation': 'Game', 'name': 'overall', 'summary': '2-1', 'type': 'total'}
 {'abbreviation': None, 'name': 'Home', 'summary': '1-0', 'type': 'home'}
 {'abbreviation': None, 'name': 'Road', 'summary': '1-1', 'type': 'road'}
 {'abbreviation': None, 'name': 'vs. Conf.', 'summary': '0-0', 'type': 'vsconf'}]",,,SC,CLEM,73000a,f56600,0,ffffff,SC,73000a,0,CLEM,f56600,ffffff,https://raw.githubusercontent.com/sportsdataverse/wehoop-wbb-raw/main/wbb/json/final/401811125.json,2025-11-11T23:00Z,TRUE,,
401824191,2025-11-11T17:00Z,Oklahoma State,Prairie View A&M,Home,W,105,55,https://a.espncdn.com/i/teamlogos/ncaa/500/197.png,https://a.espncdn.com/i/teamlogos/ncaa/500/2504.png,20,99,8,26,,,FALSE,1,,STATUS_FINAL,8,TRUE,20,"[{'abbreviation': 'Game', 'name': 'overall', 'summary': '5-0', 'type': 'total'}
 {'abbreviation': None, 'name': 'Home', 'summary': '5-0', 'type': 'home'}
 {'abbreviation': None, 'name': 'Road', 'summary': '0-0', 'type': 'road'}
 {'abbreviation': None, 'name': 'vs. Conf.', 'summary': '0-0', 'type': 'vsconf'}]",26,FALSE,99,"[{'abbreviation': 'Game', 'name': 'overall', 'summary': '0-3', 'type': 'total'}
 {'abbreviation': None, 'name': 'Home', 'summary': '0-0', 'type': 'home'}
 {'abbreviation': None, 'name': 'Road', 'summary': '0-3', 'type': 'road'}
 {'abbreviation': None, 'name': 'vs. Conf.', 'summary': '0-0', 'type': 'vsconf'}]",,,OKST,PV,fe5c00,582c83,0,eaaa00,OKST,fe5c00,0,PV,582c83,eaaa00,https://raw.githubusercontent.com/sportsdataverse/wehoop-wbb-raw/main/wbb/json/final/401824191.json,2025-11-11T17:00Z,TRUE,,
401830623,2025-11-11T03:30Z,Oklahoma,UCLA,Neutral,L,59,73,https://a.espncdn.com/i/teamlogos/ncaa/500/201.png,https://a.espncdn.com/i/teamlogos/ncaa/500/26.png,6,3,23,7,,,FALSE,1,,STATUS_FINAL,7,TRUE,3,"[{'abbreviation': 'Game', 'name': 'overall', 'summary': '3-0', 'type': 'total'}
 {'abbreviation': None, 'name': 'Home', 'summary': '1-0', 'type': 'home'}
 {'abbreviation': None, 'name': 'Road', 'summary': '0-0', 'type': 'road'}
 {'abbreviation': None, 'name': 'vs. Conf.', 'summary': '0-0', 'type': 'vsconf'}]",23,FALSE,6,"[{'abbreviation': 'Game', 'name': 'overall', 'summary': '1-1', 'type': 'total'}
 {'abbreviation': None, 'name': 'Home', 'summary': '1-0', 'type': 'home'}
 {'abbreviation': None, 'name': 'Road', 'summary': '0-0', 'type': 'road'}
 {'abbreviation': None, 'name': 'vs. Conf.', 'summary': '0-0', 'type': 'vsconf'}]",,,OU,UCLA,990000,2774ae,ffffff,f2a900,UCLA,2774ae,f2a900,OU,990000,ffffff,https://raw.githubusercontent.com/sportsdataverse/wehoop-wbb-raw/main/wbb/json/final/401830623.json,2025-11-11T03:30Z,TRUE,,
401830623,2025-11-11T03:30Z,UCLA,Oklahoma,Neutral,W,73,59,https://a.espncdn.com/i/teamlogos/ncaa/500/26.png,https://a.espncdn.com/i/teamlogos/ncaa/500/201.png,3,6,7,23,,,FALSE,1,,STATUS_FINAL,7,TRUE,3,"[{'abbreviation': 'Game', 'name': 'overall', 'summary': '3-0', 'type': 'total'}
 {'abbreviation': None, 'name': 'Home', 'summary': '1-0', 'type': 'home'}
 {'abbreviation': None, 'name': 'Road', 'summary': '0-0', 'type': 'road'}
 {'abbreviation': None, 'name': 'vs. Conf.', 'summary': '0-0', 'type': 'vsconf'}]",23,FALSE,6,"[{'abbreviation': 'Game', 'name': 'overall', 'summary': '1-1', 'type': 'total'}
 {'abbreviation': None, 'name': 'Home', 'summary': '1-0', 'type': 'home'}
 {'abbreviation': None, 'name': 'Road', 'summary': '0-0', 'type': 'road'}
 {'abbreviation': None, 'name': 'vs. Conf.', 'summary': '0-0', 'type': 'vsconf'}]",,,UCLA,OU,2774ae,990000,f2a900,ffffff,UCLA,2774ae,f2a900,OU,990000,ffffff,https://raw.githubusercontent.com/sportsdataverse/wehoop-wbb-raw/main/wbb/json/final/401830623.json,2025-11-11T03:30Z,TRUE,,
401825776,2025-11-11T02:00Z,Washington,Montana,Home,W,87,56,https://a.espncdn.com/i/teamlogos/ncaa/500/264.png,https://a.espncdn.com/i/teamlogos/ncaa/500/149.png,25,99,7,5,,,FALSE,1,,STATUS_FINAL,7,TRUE,25,"[{'abbreviation': 'Game', 'name': 'overall', 'summary': '2-0', 'type': 'total'}
 {'abbreviation': None, 'name': 'Home', 'summary': '2-0', 'type': 'home'}
 {'abbreviation': None, 'name': 'Road', 'summary': '0-0', 'type': 'road'}
 {'abbreviation': None, 'name': 'vs. Conf.', 'summary': '0-0', 'type': 'vsconf'}]",5,FALSE,99,"[{'abbreviation': 'Game', 'name': 'overall', 'summary': '1-2', 'type': 'total'}
 {'abbreviation': None, 'name': 'Home', 'summary': '1-0', 'type': 'home'}
 {'abbreviation': None, 'name': 'Road', 'summary': '0-2', 'type': 'road'}
 {'abbreviation': None, 'name': 'vs. Conf.', 'summary': '0-0', 'type': 'vsconf'}]",,,WASH,MONT,33006f,751D4A,e8d3a2,666666,WASH,33006f,e8d3a2,MONT,751D4A,666666,https://raw.githubusercontent.com/sportsdataverse/wehoop-wbb-raw/main/wbb/json/final/401825776.json,2025-11-11T02:00Z,TRUE,,
401818597,2025-11-11T01:00Z,Texas,Louisiana,Home,W,100,38,https://a.espncdn.com/i/teamlogos/ncaa/500/251.png,https://a.espncdn.com/i/teamlogos/ncaa/500/309.png,4,99,23,27,,,FALSE,1,,STATUS_FINAL,23,TRUE,4,"[{'abbreviation': 'Game', 'name': 'overall', 'summary': '3-0', 'type': 'total'}
 {'abbreviation': None, 'name': 'Home', 'summary': '3-0', 'type': 'home'}
 {'abbreviation': None, 'name': 'Road', 'summary': '0-0', 'type': 'road'}
 {'abbreviation': None, 'name': 'vs. Conf.', 'summary': '0-0', 'type': 'vsconf'}]",27,FALSE,99,"[{'abbreviation': 'Game', 'name': 'overall', 'summary': '0-3', 'type': 'total'}
 {'abbreviation': None, 'name': 'Home', 'summary': '0-2', 'type': 'home'}
 {'abbreviation': None, 'name': 'Road', 'summary': '0-1', 'type': 'road'}
 {'abbreviation': None, 'name': 'vs. Conf.', 'summary': '0-0', 'type': 'vsconf'}]",,,TEX,UL,af5c37,ce181e,ffffff,0,TEX,af5c37,ffffff,UL,ce181e,0,https://raw.githubusercontent.com/sportsdataverse/wehoop-wbb-raw/main/wbb/json/final/401818597.json,2025-11-11T01:00Z,TRUE,,
401813263,2025-11-11T00:00Z,Alabama,Alcorn State,Home,W,92,39,https://a.espncdn.com/i/teamlogos/ncaa/500/333.png,https://a.espncdn.com/i/teamlogos/ncaa/500/2016.png,99,99,23,26,,,FALSE,1,,STATUS_FINAL,23,TRUE,99,"[{'abbreviation': 'Game', 'name': 'overall', 'summary': '3-0', 'type': 'total'}
 {'abbreviation': None, 'name': 'Home', 'summary': '3-0', 'type': 'home'}
 {'abbreviation': None, 'name': 'Road', 'summary': '0-0', 'type': 'road'}
 {'abbreviation': None, 'name': 'vs. Conf.', 'summary': '0-0', 'type': 'vsconf'}]",26,FALSE,99,"[{'abbreviation': 'Game', 'name': 'overall', 'summary': '1-2', 'type': 'total'}
 {'abbreviation': None, 'name': 'Home', 'summary': '1-1', 'type': 'home'}
 {'abbreviation': None, 'name': 'Road', 'summary': '0-1', 'type': 'road'}
 {'abbreviation': None, 'name': 'vs. Conf.', 'summary': '0-0', 'type': 'vsconf'}]",,,ALA,ALCN,9e1b32,4b0058,ffffff,46166a,ALA,9e1b32,ffffff,ALCN,4b0058,46166a,https://raw.githubusercontent.com/sportsdataverse/wehoop-wbb-raw/main/wbb/json/final/401813263.json,2025-11-11T00:00Z,TRUE,,
401818516,2025-11-11T00:00Z,Florida,Jacksonville,Home,W,100,55,https://a.espncdn.com/i/teamlogos/ncaa/500/57.png,https://a.espncdn.com/i/teamlogos/ncaa/500/294.png,99,99,23,46,,,FALSE,1,,STATUS_FINAL,23,TRUE,99,"[{'abbreviation': 'Game', 'name': 'overall', 'summary': '3-0', 'type': 'total'}
 {'abbreviation': None, 'name': 'Home', 'summary': '3-0', 'type': 'home'}
 {'abbreviation': None, 'name': 'Road', 'summary': '0-0', 'type': 'road'}
 {'abbreviation': None, 'name': 'vs. Conf.', 'summary': '0-0', 'type': 'vsconf'}]",46,FALSE,99,"[{'abbreviation': 'Game', 'name': 'overall', 'summary': '2-1', 'type': 'total'}
 {'abbreviation': None, 'name': 'Home', 'summary': '2-0', 'type': 'home'}
 {'abbreviation': None, 'name': 'Road', 'summary': '0-1', 'type': 'road'}
 {'abbreviation': None, 'name': 'vs. Conf.', 'summary': '0-0', 'type': 'vsconf'}]",,,FLA,JAX,0021a5,00523e,fa4616,,FLA,0021a5,fa4616,JAX,00523e,,https://raw.githubusercontent.com/sportsdataverse/wehoop-wbb-raw/main/wbb/json/final/401818516.json,2025-11-11T00:00Z,TRUE,,
401818606,2025-11-11T00:00Z,Vanderbilt,Furman,Home,W,96,48,https://a.espncdn.com/i/teamlogos/ncaa/500/238.png,https://a.espncdn.com/i/teamlogos/ncaa/500/231.png,19,99,23,24,,,FALSE,1,,STATUS_FINAL,23,TRUE,19,"[{'abbreviation': 'Game', 'name': 'overall', 'summary': '2-0', 'type': 'total'}
 {'abbreviation': None, 'name': 'Home', 'summary': '1-0', 'type': 'home'}
 {'abbreviation': None, 'name': 'Road', 'summary': '0-0', 'type': 'road'}
 {'abbreviation': None, 'name': 'vs. Conf.', 'summary': '0-0', 'type': 'vsconf'}]",24,FALSE,99,"[{'abbreviation': 'Game', 'name': 'overall', 'summary': '1-2', 'type': 'total'}
 {'abbreviation': None, 'name': 'Home', 'summary': '1-0', 'type': 'home'}
 {'abbreviation': None, 'name': 'Road', 'summary': '0-2', 'type': 'road'}
 {'abbreviation': None, 'name': 'vs. Conf.', 'summary': '0-0', 'type': 'vsconf'}]",,,VAN,FUR,0,582c83,cfae70,ffffff,VAN,0,cfae70,FUR,582c83,ffffff,https://raw.githubusercontent.com/sportsdataverse/wehoop-wbb-raw/main/wbb/json/final/401818606.json,2025-11-11T00:00Z,TRUE,,
401818529,2025-11-10T23:30Z,Georgia,South Carolina Upstate,Home,W,78,44,https://a.espncdn.com/i/teamlogos/ncaa/500/61.png,https://a.espncdn.com/i/teamlogos/ncaa/500/2908.png,99,99,23,6,,,FALSE,1,,STATUS_FINAL,23,TRUE,99,"[{'abbreviation': 'Game', 'name': 'overall', 'summary': '3-0', 'type': 'total'}
 {'abbreviation': None, 'name': 'Home', 'summary': '3-0', 'type': 'home'}
 {'abbreviation': None, 'name': 'Road', 'summary': '0-0', 'type': 'road'}
 {'abbreviation': None, 'name': 'vs. Conf.', 'summary': '0-0', 'type': 'vsconf'}]",6,FALSE,99,"[{'abbreviation': 'Game', 'name': 'overall', 'summary': '1-2', 'type': 'total'}
 {'abbreviation': None, 'name': 'Home', 'summary': '1-0', 'type': 'home'}
 {'abbreviation': None, 'name': 'Road', 'summary': '0-2', 'type': 'road'}
 {'abbreviation': None, 'name': 'vs. Conf.', 'summary': '0-0', 'type': 'vsconf'}]",,,UGA,UPST,ba0c2f,8545,2c2a29,0,UGA,ba0c2f,2c2a29,UPST,8545,0,https://raw.githubusercontent.com/sportsdataverse/wehoop-wbb-raw/main/wbb/json/final/401818529.json,2025-11-10T23:30Z,TRUE,,
401825004,2025-11-10T23:00Z,Rhode Island,Emmanuel (MA),Home,W,105,49,https://a.espncdn.com/i/teamlogos/ncaa/500/227.png,,99,99,3,,,,FALSE,1,,STATUS_FINAL,3,TRUE,99,"[{'abbreviation': 'Game', 'name': 'overall', 'summary': '3-0', 'type': 'total'}
 {'abbreviation': None, 'name': 'Home', 'summary': '2-0', 'type': 'home'}
 {'abbreviation': None, 'name': 'Road', 'summary': '1-0', 'type': 'road'}
 {'abbreviation': None, 'name': 'vs. Conf.', 'summary': '0-0', 'type': 'vsconf'}]",,FALSE,99,"[{'abbreviation': 'Game', 'name': 'overall', 'summary': '0-0', 'type': 'total'}
 {'abbreviation': 'null', 'name': 'Home', 'summary': '0-0', 'type': 'home'}
 {'abbreviation': 'null', 'name': 'Road', 'summary': '0-0', 'type': 'road'}
 {'abbreviation': 'null', 'name': 'vs. Conf.', 'summary': '0-0', 'type': 'vsconf'}]",,,URI,ECMA,091f3f,0,5ab3e8,,URI,091f3f,5ab3e8,ECMA,0,,https://raw.githubusercontent.com/sportsdataverse/wehoop-wbb-raw/main/wbb/json/final/401825004.json,2025-11-10T23:00Z,TRUE,,
401823029,2025-11-10T01:00Z,TCU,Sam Houston,Home,W,88,46,https://a.espncdn.com/i/teamlogos/ncaa/500/2628.png,https://a.espncdn.com/i/teamlogos/ncaa/500/2534.png,17,99,8,11,,,FALSE,1,,STATUS_FINAL,8,TRUE,17,"[{'abbreviation': 'Game', 'name': 'overall', 'summary': '2-0', 'type': 'total'}
 {'abbreviation': None, 'name': 'Home', 'summary': '2-0', 'type': 'home'}
 {'abbreviation': None, 'name': 'Road', 'summary': '0-0', 'type': 'road'}
 {'abbreviation': None, 'name': 'vs. Conf.', 'summary': '0-0', 'type': 'vsconf'}]",11,FALSE,99,"[{'abbreviation': 'Game', 'name': 'overall', 'summary': '1-1', 'type': 'total'}
 {'abbreviation': None, 'name': 'Home', 'summary': '1-0', 'type': 'home'}
 {'abbreviation': None, 'name': 'Road', 'summary': '0-1', 'type': 'road'}
 {'abbreviation': None, 'name': 'vs. Conf.', 'summary': '0-0', 'type': 'vsconf'}]",,,TCU,SHSU,4d1979,f56423,ffffff,ffffff,TCU,4d1979,ffffff,SHSU,f56423,ffffff,https://raw.githubusercontent.com/sportsdataverse/wehoop-wbb-raw/main/wbb/json/final/401823029.json,2025-11-10T01:00Z,TRUE,,
401824190,2025-11-09T23:00Z,Oklahoma State,Oral Roberts,Home,W,112,62,https://a.espncdn.com/i/teamlogos/ncaa/500/197.png,https://a.espncdn.com/i/teamlogos/ncaa/500/198.png,22,99,8,47,,,FALSE,1,,STATUS_FINAL,8,TRUE,22,"[{'abbreviation': 'Game', 'name': 'overall', 'summary': '4-0', 'type': 'total'}
 {'abbreviation': None, 'name': 'Home', 'summary': '4-0', 'type': 'home'}
 {'abbreviation': None, 'name': 'Road', 'summary': '0-0', 'type': 'road'}
 {'abbreviation': None, 'name': 'vs. Conf.', 'summary': '0-0', 'type': 'vsconf'}]",47,FALSE,99,"[{'abbreviation': 'Game', 'name': 'overall', 'summary': '2-1', 'type': 'total'}
 {'abbreviation': None, 'name': 'Home', 'summary': '2-0', 'type': 'home'}
 {'abbreviation': None, 'name': 'Road', 'summary': '0-1', 'type': 'road'}
 {'abbreviation': None, 'name': 'vs. Conf.', 'summary': '0-0', 'type': 'vsconf'}]",,,OKST,ORU,fe5c00,2462,0,dac792,OKST,fe5c00,0,ORU,2462,dac792,https://raw.githubusercontent.com/sportsdataverse/wehoop-wbb-raw/main/wbb/json/final/401824190.json,2025-11-09T23:00Z,TRUE,,
401817382,2025-11-09T21:30Z,UConn,Florida State,Home,W,99,67,https://a.espncdn.com/i/teamlogos/ncaa/500/41.png,https://a.espncdn.com/i/teamlogos/ncaa/500/52.png,1,99,4,2,,,FALSE,1,,STATUS_FINAL,4,TRUE,1,"[{'abbreviation': 'Game', 'name': 'overall', 'summary': '2-0', 'type': 'total'}
 {'abbreviation': None, 'name': 'Home', 'summary': '1-0', 'type': 'home'}
 {'abbreviation': None, 'name': 'Road', 'summary': '0-0', 'type': 'road'}
 {'abbreviation': None, 'name': 'vs. Conf.', 'summary': '0-0', 'type': 'vsconf'}]",2,FALSE,99,"[{'abbreviation': 'Game', 'name': 'overall', 'summary': '2-1', 'type': 'total'}
 {'abbreviation': None, 'name': 'Home', 'summary': '2-0', 'type': 'home'}
 {'abbreviation': None, 'name': 'Road', 'summary': '0-1', 'type': 'road'}
 {'abbreviation': None, 'name': 'vs. Conf.', 'summary': '0-0', 'type': 'vsconf'}]",,,CONN,FSU,0c2340,782f40,a2aaad,ceb888,CONN,0c2340,a2aaad,FSU,782f40,ceb888,https://raw.githubusercontent.com/sportsdataverse/wehoop-wbb-raw/main/wbb/json/final/401817382.json,2025-11-09T21:30Z,TRUE,,
401819605,2025-11-09T21:00Z,Stanford,Cal Poly,Home,W,90,55,https://a.espncdn.com/i/teamlogos/ncaa/500/24.png,https://a.espncdn.com/i/teamlogos/ncaa/500/13.png,99,99,2,9,,,FALSE,1,,STATUS_FINAL,2,TRUE,99,"[{'abbreviation': 'Game', 'name': 'overall', 'summary': '3-0', 'type': 'total'}
 {'abbreviation': None, 'name': 'Home', 'summary': '3-0', 'type': 'home'}
 {'abbreviation': None, 'name': 'Road', 'summary': '0-0', 'type': 'road'}
 {'abbreviation': None, 'name': 'vs. Conf.', 'summary': '0-0', 'type': 'vsconf'}]",9,FALSE,99,"[{'abbreviation': 'Game', 'name': 'overall', 'summary': '1-1', 'type': 'total'}
 {'abbreviation': None, 'name': 'Home', 'summary': '1-0', 'type': 'home'}
 {'abbreviation': None, 'name': 'Road', 'summary': '0-1', 'type': 'road'}
 {'abbreviation': None, 'name': 'vs. Conf.', 'summary': '0-0', 'type': 'vsconf'}]",,,STAN,CP,8c1515,1E4D2B,ffffff,eed897,STAN,8c1515,ffffff,CP,1E4D2B,eed897,https://raw.githubusercontent.com/sportsdataverse/wehoop-wbb-raw/main/wbb/json/final/401819605.json,2025-11-09T21:00Z,TRUE,,
401825143,2025-11-09T21:00Z,James Madison,Queens University,Home,W,87,38,https://a.espncdn.com/i/teamlogos/ncaa/500/256.png,https://a.espncdn.com/i/teamlogos/ncaa/500/2511.png,99,99,27,46,,,FALSE,1,,STATUS_FINAL,27,TRUE,99,"[{'abbreviation': 'Game', 'name': 'overall', 'summary': '2-1', 'type': 'total'}
 {'abbreviation': None, 'name': 'Home', 'summary': '2-1', 'type': 'home'}
 {'abbreviation': None, 'name': 'Road', 'summary': '0-0', 'type': 'road'}
 {'abbreviation': None, 'name': 'vs. Conf.', 'summary': '0-0', 'type': 'vsconf'}]",46,FALSE,99,"[{'abbreviation': 'Game', 'name': 'overall', 'summary': '2-1', 'type': 'total'}
 {'abbreviation': None, 'name': 'Home', 'summary': '2-0', 'type': 'home'}
 {'abbreviation': None, 'name': 'Road', 'summary': '0-1', 'type': 'road'}
 {'abbreviation': None, 'name': 'vs. Conf.', 'summary': '0-0', 'type': 'vsconf'}]",,,JMU,QUC,450084,0,cbb677,,JMU,450084,cbb677,QUC,0,,https://raw.githubusercontent.com/sportsdataverse/wehoop-wbb-raw/main/wbb/json/final/401825143.json,2025-11-09T21:00Z,TRUE,,
401818627,2025-11-09T20:00Z,Iowa,Evansville,Home,W,119,43,https://a.espncdn.com/i/teamlogos/ncaa/500/2294.png,https://a.espncdn.com/i/teamlogos/ncaa/500/339.png,21,99,7,18,,,FALSE,1,,STATUS_FINAL,7,TRUE,21,"[{'abbreviation': 'Game', 'name': 'overall', 'summary': '2-0', 'type': 'total'}
 {'abbreviation': None, 'name': 'Home', 'summary': '2-0', 'type': 'home'}
 {'abbreviation': None, 'name': 'Road', 'summary': '0-0', 'type': 'road'}
 {'abbreviation': None, 'name': 'vs. Conf.', 'summary': '0-0', 'type': 'vsconf'}]",18,FALSE,99,"[{'abbreviation': 'Game', 'name': 'overall', 'summary': '0-2', 'type': 'total'}
 {'abbreviation': None, 'name': 'Home', 'summary': '0-0', 'type': 'home'}
 {'abbreviation': None, 'name': 'Road', 'summary': '0-2', 'type': 'road'}
 {'abbreviation': None, 'name': 'vs. Conf.', 'summary': '0-0', 'type': 'vsconf'}]",,,IOWA,EVAN,231f20,663399,fcd116,ef6f00,IOWA,231f20,fcd116,EVAN,663399,ef6f00,https://raw.githubusercontent.com/sportsdataverse/wehoop-wbb-raw/main/wbb/json/final/401818627.json,2025-11-09T20:00Z,TRUE,,
401817574,2025-11-09T20:00Z,NC State,USC,Neutral,L,68,69,https://a.espncdn.com/i/teamlogos/ncaa/500/152.png,https://a.espncdn.com/i/teamlogos/ncaa/500/30.png,9,18,2,7,,,FALSE,1,Ally Tipoff,STATUS_FINAL,2,FALSE,9,"[{'abbreviation': 'Game', 'name': 'overall', 'summary': '1-1', 'type': 'total'}
 {'abbreviation': None, 'name': 'Home', 'summary': '0-0', 'type': 'home'}
 {'abbreviation': None, 'name': 'Road', 'summary': '0-0', 'type': 'road'}
 {'abbreviation': None, 'name': 'vs. Conf.', 'summary': '0-0', 'type': 'vsconf'}]",7,TRUE,18,"[{'abbreviation': 'Game', 'name': 'overall', 'summary': '2-0', 'type': 'total'}
 {'abbreviation': None, 'name': 'Home', 'summary': '1-0', 'type': 'home'}
 {'abbreviation': None, 'name': 'Road', 'summary': '0-0', 'type': 'road'}
 {'abbreviation': None, 'name': 'vs. Conf.', 'summary': '0-0', 'type': 'vsconf'}]",,,NCSU,USC,cc0000,9d2235,ffffff,ffc72c,NCSU,cc0000,ffffff,USC,9d2235,ffc72c,https://raw.githubusercontent.com/sportsdataverse/wehoop-wbb-raw/main/wbb/json/final/401817574.json,2025-11-09T20:00Z,TRUE,,
401817574,2025-11-09T20:00Z,USC,NC State,Neutral,W,69,68,https://a.espncdn.com/i/teamlogos/ncaa/500/30.png,https://a.espncdn.com/i/teamlogos/ncaa/500/152.png,18,9,7,2,,,FALSE,1,Ally Tipoff,STATUS_FINAL,2,FALSE,9,"[{'abbreviation': 'Game', 'name': 'overall', 'summary': '1-1', 'type': 'total'}
 {'abbreviation': None, 'name': 'Home', 'summary': '0-0', 'type': 'home'}
 {'abbreviation': None, 'name': 'Road', 'summary': '0-0', 'type': 'road'}
 {'abbreviation': None, 'name': 'vs. Conf.', 'summary': '0-0', 'type': 'vsconf'}]",7,TRUE,18,"[{'abbreviation': 'Game', 'name': 'overall', 'summary': '2-0', 'type': 'total'}
 {'abbreviation': None, 'name': 'Home', 'summary': '1-0', 'type': 'home'}
 {'abbreviation': None, 'name': 'Road', 'summary': '0-0', 'type': 'road'}
 {'abbreviation': None, 'name': 'vs. Conf.', 'summary': '0-0', 'type': 'vsconf'}]",,,USC,NCSU,9d2235,cc0000,ffc72c,ffffff,NCSU,cc0000,ffffff,USC,9d2235,ffc72c,https://raw.githubusercontent.com/sportsdataverse/wehoop-wbb-raw/main/wbb/json/final/401817574.json,2025-11-09T20:00Z,TRUE,,
401818589,2025-11-09T20:00Z,Tennessee,UT Martin,Away,W,72,61,https://a.espncdn.com/i/teamlogos/ncaa/500/2633_ncw.png,https://a.espncdn.com/i/teamlogos/ncaa/500/2630.png,8,99,23,20,,,FALSE,1,Pat Summit Heritage Classic,STATUS_FINAL,20,FALSE,99,"[{'abbreviation': 'Game', 'name': 'overall', 'summary': '0-2', 'type': 'total'}
 {'abbreviation': None, 'name': 'Home', 'summary': '0-1', 'type': 'home'}
 {'abbreviation': None, 'name': 'Road', 'summary': '0-1', 'type': 'road'}
 {'abbreviation': None, 'name': 'vs. Conf.', 'summary': '0-0', 'type': 'vsconf'}]",23,TRUE,8,"[{'abbreviation': 'Game', 'name': 'overall', 'summary': '2-1', 'type': 'total'}
 {'abbreviation': None, 'name': 'Home', 'summary': '1-0', 'type': 'home'}
 {'abbreviation': None, 'name': 'Road', 'summary': '1-0', 'type': 'road'}
 {'abbreviation': None, 'name': 'vs. Conf.', 'summary': '0-0', 'type': 'vsconf'}]",,,TENN,UTM,ff8200,FF6700,ffffff,102a5c,UTM,FF6700,102a5c,TENN,ff8200,ffffff,https://raw.githubusercontent.com/sportsdataverse/wehoop-wbb-raw/main/wbb/json/final/401818589.json,2025-11-09T20:00Z,TRUE,,
401824232,2025-11-09T20:00Z,Notre Dame,Chicago State,Home,W,116,58,https://a.espncdn.com/i/teamlogos/ncaa/500/87.png,https://a.espncdn.com/i/teamlogos/ncaa/500/2130.png,15,99,2,19,,,FALSE,1,,STATUS_FINAL,2,TRUE,15,"[{'abbreviation': 'Game', 'name': 'overall', 'summary': '2-0', 'type': 'total'}
 {'abbreviation': None, 'name': 'Home', 'summary': '2-0', 'type': 'home'}
 {'abbreviation': None, 'name': 'Road', 'summary': '0-0', 'type': 'road'}
 {'abbreviation': None, 'name': 'vs. Conf.', 'summary': '0-0', 'type': 'vsconf'}]",19,FALSE,99,"[{'abbreviation': 'Game', 'name': 'overall', 'summary': '1-2', 'type': 'total'}
 {'abbreviation': None, 'name': 'Home', 'summary': '1-0', 'type': 'home'}
 {'abbreviation': None, 'name': 'Road', 'summary': '0-2', 'type': 'road'}
 {'abbreviation': None, 'name': 'vs. Conf.', 'summary': '0-0', 'type': 'vsconf'}]",,,ND,CHST,62340,6700,c99700,,ND,62340,c99700,CHST,6700,,https://raw.githubusercontent.com/sportsdataverse/wehoop-wbb-raw/main/wbb/json/final/401824232.json,2025-11-09T20:00Z,TRUE,,
401824179,2025-11-09T20:00Z,Baylor,Lindenwood,Home,W,76,63,https://a.espncdn.com/i/teamlogos/ncaa/500/239.png,https://a.espncdn.com/i/teamlogos/ncaa/500/2815.png,16,99,8,20,,,FALSE,1,,STATUS_FINAL,8,TRUE,16,"[{'abbreviation': 'Game', 'name': 'overall', 'summary': '2-0', 'type': 'total'}
 {'abbreviation': None, 'name': 'Home', 'summary': '1-0', 'type': 'home'}
 {'abbreviation': None, 'name': 'Road', 'summary': '0-0', 'type': 'road'}
 {'abbreviation': None, 'name': 'vs. Conf.', 'summary': '0-0', 'type': 'vsconf'}]",20,FALSE,99,"[{'abbreviation': 'Game', 'name': 'overall', 'summary': '1-1', 'type': 'total'}
 {'abbreviation': None, 'name': 'Home', 'summary': '1-0', 'type': 'home'}
 {'abbreviation': None, 'name': 'Road', 'summary': '0-1', 'type': 'road'}
 {'abbreviation': None, 'name': 'vs. Conf.', 'summary': '0-0', 'type': 'vsconf'}]",,,BAY,LIN,154734,0,ffb81c,,BAY,154734,ffb81c,LIN,0,,https://raw.githubusercontent.com/sportsdataverse/wehoop-wbb-raw/main/wbb/json/final/401824179.json,2025-11-09T20:00Z,TRUE,,
401822985,2025-11-09T20:00Z,Texas Tech,Texas State,Home,W,83,50,https://a.espncdn.com/i/teamlogos/ncaa/500/2641.png,https://a.espncdn.com/i/teamlogos/ncaa/500/326.png,99,99,8,27,,,FALSE,1,,STATUS_FINAL,8,TRUE,99,"[{'abbreviation': 'Game', 'name': 'overall', 'summary': '3-0', 'type': 'total'}
 {'abbreviation': None, 'name': 'Home', 'summary': '3-0', 'type': 'home'}
 {'abbreviation': None, 'name': 'Road', 'summary': '0-0', 'type': 'road'}
 {'abbreviation': None, 'name': 'vs. Conf.', 'summary': '0-0', 'type': 'vsconf'}]",27,FALSE,99,"[{'abbreviation': 'Game', 'name': 'overall', 'summary': '0-2', 'type': 'total'}
 {'abbreviation': None, 'name': 'Home', 'summary': '0-1', 'type': 'home'}
 {'abbreviation': None, 'name': 'Road', 'summary': '0-1', 'type': 'road'}
 {'abbreviation': None, 'name': 'vs. Conf.', 'summary': '0-0', 'type': 'vsconf'}]",,,TTU,TXST,da291c,501214,0,6a5638,TTU,da291c,0,TXST,501214,6a5638,https://raw.githubusercontent.com/sportsdataverse/wehoop-wbb-raw/main/wbb/json/final/401822985.json,2025-11-09T20:00Z,TRUE,,
401822273,2025-11-09T20:00Z,Mississippi State,Mississippi Valley State,Home,W,107,43,https://a.espncdn.com/i/teamlogos/ncaa/500/344.png,https://a.espncdn.com/i/teamlogos/ncaa/500/2400.png,99,99,23,26,,,FALSE,1,,STATUS_FINAL,23,TRUE,99,"[{'abbreviation': 'Game', 'name': 'overall', 'summary': '3-0', 'type': 'total'}
 {'abbreviation': None, 'name': 'Home', 'summary': '3-0', 'type': 'home'}
 {'abbreviation': None, 'name': 'Road', 'summary': '0-0', 'type': 'road'}
 {'abbreviation': None, 'name': 'vs. Conf.', 'summary': '0-0', 'type': 'vsconf'}]",26,FALSE,99,"[{'abbreviation': 'Game', 'name': 'overall', 'summary': '0-2', 'type': 'total'}
 {'abbreviation': None, 'name': 'Home', 'summary': '0-0', 'type': 'home'}
 {'abbreviation': None, 'name': 'Road', 'summary': '0-2', 'type': 'road'}
 {'abbreviation': None, 'name': 'vs. Conf.', 'summary': '0-0', 'type': 'vsconf'}]",,,MSST,MVSU,5d1725,5328,c1c6c8,cf2d34,MSST,5d1725,c1c6c8,MVSU,5328,cf2d34,https://raw.githubusercontent.com/sportsdataverse/wehoop-wbb-raw/main/wbb/json/final/401822273.json,2025-11-09T20:00Z,TRUE,,
401819742,2025-11-09T19:00Z,Virginia Tech,Loyola Maryland,Home,W,64,48,https://a.espncdn.com/i/teamlogos/ncaa/500/259.png,https://a.espncdn.com/i/teamlogos/ncaa/500/2352.png,99,99,2,22,,,FALSE,1,,STATUS_FINAL,2,TRUE,99,"[{'abbreviation': 'Game', 'name': 'overall', 'summary': '2-0', 'type': 'total'}
 {'abbreviation': None, 'name': 'Home', 'summary': '2-0', 'type': 'home'}
 {'abbreviation': None, 'name': 'Road', 'summary': '0-0', 'type': 'road'}
 {'abbreviation': None, 'name': 'vs. Conf.', 'summary': '0-0', 'type': 'vsconf'}]",22,FALSE,99,"[{'abbreviation': 'Game', 'name': 'overall', 'summary': '0-3', 'type': 'total'}
 {'abbreviation': None, 'name': 'Home', 'summary': '0-1', 'type': 'home'}
 {'abbreviation': None, 'name': 'Road', 'summary': '0-2', 'type': 'road'}
 {'abbreviation': None, 'name': 'vs. Conf.', 'summary': '0-0', 'type': 'vsconf'}]",,,VT,L-MD,6a2c3e,76a7a0,cf4520,c9cbca,VT,6a2c3e,cf4520,L-MD,76a7a0,c9cbca,https://raw.githubusercontent.com/sportsdataverse/wehoop-wbb-raw/main/wbb/json/final/401819742.json,2025-11-09T19:00Z,TRUE,,
401813798,2025-11-09T19:00Z,Iowa State,Sacred Heart,Home,W,99,34,https://a.espncdn.com/i/teamlogos/ncaa/500/66.png,https://a.espncdn.com/i/teamlogos/ncaa/500/2529.png,14,99,8,13,,,FALSE,1,,STATUS_FINAL,8,TRUE,14,"[{'abbreviation': 'Game', 'name': 'overall', 'summary': '3-0', 'type': 'total'}
 {'abbreviation': None, 'name': 'Home', 'summary': '3-0', 'type': 'home'}
 {'abbreviation': None, 'name': 'Road', 'summary': '0-0', 'type': 'road'}
 {'abbreviation': None, 'name': 'vs. Conf.', 'summary': '0-0', 'type': 'vsconf'}]",13,FALSE,99,"[{'abbreviation': 'Game', 'name': 'overall', 'summary': '0-2', 'type': 'total'}
 {'abbreviation': None, 'name': 'Home', 'summary': '0-1', 'type': 'home'}
 {'abbreviation': None, 'name': 'Road', 'summary': '0-1', 'type': 'road'}
 {'abbreviation': None, 'name': 'vs. Conf.', 'summary': '0-0', 'type': 'vsconf'}]",,,ISU,SHU,ae192d,a40012,ffc72a,c29472,ISU,ae192d,ffc72a,SHU,a40012,c29472,https://raw.githubusercontent.com/sportsdataverse/wehoop-wbb-raw/main/wbb/json/final/401813798.json,2025-11-09T19:00Z,TRUE,,
401817564,2025-11-09T19:00Z,Louisville,Northern Kentucky,Home,W,89,61,https://a.espncdn.com/i/teamlogos/ncaa/500/97.png,https://a.espncdn.com/i/teamlogos/ncaa/500/94.png,20,99,2,45,,,FALSE,1,,STATUS_FINAL,2,TRUE,20,"[{'abbreviation': 'Game', 'name': 'overall', 'summary': '1-1', 'type': 'total'}
 {'abbreviation': None, 'name': 'Home', 'summary': '1-0', 'type': 'home'}
 {'abbreviation': None, 'name': 'Road', 'summary': '0-0', 'type': 'road'}
 {'abbreviation': None, 'name': 'vs. Conf.', 'summary': '0-0', 'type': 'vsconf'}]",45,FALSE,99,"[{'abbreviation': 'Game', 'name': 'overall', 'summary': '0-2', 'type': 'total'}
 {'abbreviation': None, 'name': 'Home', 'summary': '0-0', 'type': 'home'}
 {'abbreviation': None, 'name': 'Road', 'summary': '0-2', 'type': 'road'}
 {'abbreviation': None, 'name': 'vs. Conf.', 'summary': '0-0', 'type': 'vsconf'}]",,,LOU,NKU,c9001f,ffc82e,ffffff,0,LOU,c9001f,ffffff,NKU,ffc82e,0,https://raw.githubusercontent.com/sportsdataverse/wehoop-wbb-raw/main/wbb/json/final/401817564.json,2025-11-09T19:00Z,TRUE,,
401822136,2025-11-09T19:00Z,Villanova,VCU,Neutral,W,74,40,https://a.espncdn.com/i/teamlogos/ncaa/500/222.png,https://a.espncdn.com/i/teamlogos/ncaa/500/2670.png,99,99,4,3,,,FALSE,1,,STATUS_FINAL,4,TRUE,99,"[{'abbreviation': 'Game', 'name': 'overall', 'summary': '2-1', 'type': 'total'}
 {'abbreviation': None, 'name': 'Home', 'summary': '1-1', 'type': 'home'}
 {'abbreviation': None, 'name': 'Road', 'summary': '0-0', 'type': 'road'}
 {'abbreviation': None, 'name': 'vs. Conf.', 'summary': '0-0', 'type': 'vsconf'}]",3,FALSE,99,"[{'abbreviation': 'Game', 'name': 'overall', 'summary': '1-1', 'type': 'total'}
 {'abbreviation': None, 'name': 'Home', 'summary': '1-0', 'type': 'home'}
 {'abbreviation': None, 'name': 'Road', 'summary': '0-0', 'type': 'road'}
 {'abbreviation': None, 'name': 'vs. Conf.', 'summary': '0-0', 'type': 'vsconf'}]",,,VILL,VCU,00205b,ffaf00,13b5ea,0,VILL,00205b,13b5ea,VCU,ffaf00,0,https://raw.githubusercontent.com/sportsdataverse/wehoop-wbb-raw/main/wbb/json/final/401822136.json,2025-11-09T19:00Z,TRUE,,
401823152,2025-11-09T19:00Z,Virginia,Bucknell,Home,W,80,35,https://a.espncdn.com/i/teamlogos/ncaa/500/258.png,https://a.espncdn.com/i/teamlogos/ncaa/500/2083.png,99,99,2,22,,,FALSE,1,,STATUS_FINAL,2,TRUE,99,"[{'abbreviation': 'Game', 'name': 'overall', 'summary': '2-0', 'type': 'total'}
 {'abbreviation': None, 'name': 'Home', 'summary': '2-0', 'type': 'home'}
 {'abbreviation': None, 'name': 'Road', 'summary': '0-0', 'type': 'road'}
 {'abbreviation': None, 'name': 'vs. Conf.', 'summary': '0-0', 'type': 'vsconf'}]",22,FALSE,99,"[{'abbreviation': 'Game', 'name': 'overall', 'summary': '0-2', 'type': 'total'}
 {'abbreviation': None, 'name': 'Home', 'summary': '0-0', 'type': 'home'}
 {'abbreviation': None, 'name': 'Road', 'summary': '0-2', 'type': 'road'}
 {'abbreviation': None, 'name': 'vs. Conf.', 'summary': '0-0', 'type': 'vsconf'}]",,,UVA,BUCK,f84c1e,60,232d4b,00316e,UVA,f84c1e,232d4b,BUCK,60,00316e,https://raw.githubusercontent.com/sportsdataverse/wehoop-wbb-raw/main/wbb/json/final/401823152.json,2025-11-09T19:00Z,TRUE,,
401825977,2025-11-09T19:00Z,Michigan State,Eastern Michigan,Home,W,92,60,https://a.espncdn.com/i/teamlogos/ncaa/500/127.png,https://a.espncdn.com/i/teamlogos/ncaa/500/2199.png,23,99,7,14,,,FALSE,1,,STATUS_FINAL,7,TRUE,23,"[{'abbreviation': 'Game', 'name': 'overall', 'summary': '2-0', 'type': 'total'}
 {'abbreviation': None, 'name': 'Home', 'summary': '2-0', 'type': 'home'}
 {'abbreviation': None, 'name': 'Road', 'summary': '0-0', 'type': 'road'}
 {'abbreviation': None, 'name': 'vs. Conf.', 'summary': '0-0', 'type': 'vsconf'}]",14,FALSE,99,"[{'abbreviation': 'Game', 'name': 'overall', 'summary': '1-2', 'type': 'total'}
 {'abbreviation': None, 'name': 'Home', 'summary': '0-0', 'type': 'home'}
 {'abbreviation': None, 'name': 'Road', 'summary': '1-2', 'type': 'road'}
 {'abbreviation': None, 'name': 'vs. Conf.', 'summary': '0-0', 'type': 'vsconf'}]",,,MSU,EMU,173f35,6938,ffffff,ffffff,MSU,173f35,ffffff,EMU,6938,ffffff,https://raw.githubusercontent.com/sportsdataverse/wehoop-wbb-raw/main/wbb/json/final/401825977.json,2025-11-09T19:00Z,TRUE,,
401818578,2025-11-09T19:00Z,Kentucky,Buffalo,Away,W,81,47,https://a.espncdn.com/i/teamlogos/ncaa/500/96.png,https://a.espncdn.com/i/teamlogos/ncaa/500/2084.png,24,99,23,14,,,FALSE,1,,STATUS_FINAL,14,FALSE,99,"[{'abbreviation': 'Game', 'name': 'overall', 'summary': '0-2', 'type': 'total'}
 {'abbreviation': None, 'name': 'Home', 'summary': '0-1', 'type': 'home'}
 {'abbreviation': None, 'name': 'Road', 'summary': '0-1', 'type': 'road'}
 {'abbreviation': None, 'name': 'vs. Conf.', 'summary': '0-0', 'type': 'vsconf'}]",23,TRUE,24,"[{'abbreviation': 'Game', 'name': 'overall', 'summary': '3-0', 'type': 'total'}
 {'abbreviation': None, 'name': 'Home', 'summary': '2-0', 'type': 'home'}
 {'abbreviation': None, 'name': 'Road', 'summary': '1-0', 'type': 'road'}
 {'abbreviation': None, 'name': 'vs. Conf.', 'summary': '0-0', 'type': 'vsconf'}]",,,UK,BUF,0033a0,005bbb,ffffff,ffffff,BUF,005bbb,ffffff,UK,0033a0,ffffff,https://raw.githubusercontent.com/sportsdataverse/wehoop-wbb-raw/main/wbb/json/final/401818578.json,2025-11-09T19:00Z,TRUE,,
401812928,2025-11-09T19:00Z,Princeton,Georgia Tech,Away,W,67,61,https://a.espncdn.com/i/teamlogos/ncaa/500/163.png,https://a.espncdn.com/i/teamlogos/ncaa/500/59.png,99,99,12,2,,,FALSE,1,,STATUS_FINAL,2,FALSE,99,"[{'abbreviation': 'Game', 'name': 'overall', 'summary': '1-1', 'type': 'total'}
 {'abbreviation': None, 'name': 'Home', 'summary': '1-1', 'type': 'home'}
 {'abbreviation': None, 'name': 'Road', 'summary': '0-0', 'type': 'road'}
 {'abbreviation': None, 'name': 'vs. Conf.', 'summary': '0-0', 'type': 'vsconf'}]",12,TRUE,99,"[{'abbreviation': 'Game', 'name': 'overall', 'summary': '1-0', 'type': 'total'}
 {'abbreviation': None, 'name': 'Home', 'summary': '0-0', 'type': 'home'}
 {'abbreviation': None, 'name': 'Road', 'summary': '1-0', 'type': 'road'}
 {'abbreviation': None, 'name': 'vs. Conf.', 'summary': '0-0', 'type': 'vsconf'}]",,,PRIN,GT,0,b3a369,ff6000,ffffff,GT,b3a369,ffffff,PRIN,0,ff6000,https://raw.githubusercontent.com/sportsdataverse/wehoop-wbb-raw/main/wbb/json/final/401812928.json,2025-11-09T19:00Z,TRUE,,
401817372,2025-11-09T19:00Z,LSU,Georgia Southern,Away,W,118,70,https://a.espncdn.com/i/teamlogos/ncaa/500/99.png,https://a.espncdn.com/i/teamlogos/ncaa/500/290.png,5,99,23,27,,,FALSE,1,,STATUS_FINAL,27,FALSE,99,"[{'abbreviation': 'Game', 'name': 'overall', 'summary': '1-2', 'type': 'total'}
 {'abbreviation': None, 'name': 'Home', 'summary': '1-1', 'type': 'home'}
 {'abbreviation': None, 'name': 'Road', 'summary': '0-1', 'type': 'road'}
 {'abbreviation': None, 'name': 'vs. Conf.', 'summary': '0-0', 'type': 'vsconf'}]",23,TRUE,5,"[{'abbreviation': 'Game', 'name': 'overall', 'summary': '3-0', 'type': 'total'}
 {'abbreviation': None, 'name': 'Home', 'summary': '2-0', 'type': 'home'}
 {'abbreviation': None, 'name': 'Road', 'summary': '1-0', 'type': 'road'}
 {'abbreviation': None, 'name': 'vs. Conf.', 'summary': '0-0', 'type': 'vsconf'}]",,,LSU,GASO,461d76,4.10E+43,fdd023,a3aaae,GASO,4.10E+43,a3aaae,LSU,461d76,fdd023,https://raw.githubusercontent.com/sportsdataverse/wehoop-wbb-raw/main/wbb/json/final/401817372.json,2025-11-09T19:00Z,TRUE,,
401818617,2025-11-09T18:00Z,Illinois,Illinois State,Home,W,75,65,https://a.espncdn.com/i/teamlogos/ncaa/500/356.png,https://a.espncdn.com/i/teamlogos/ncaa/500/2287.png,99,99,7,18,,,FALSE,1,,STATUS_FINAL,7,TRUE,99,"[{'abbreviation': 'Game', 'name': 'overall', 'summary': '2-0', 'type': 'total'}
 {'abbreviation': None, 'name': 'Home', 'summary': '2-0', 'type': 'home'}
 {'abbreviation': None, 'name': 'Road', 'summary': '0-0', 'type': 'road'}
 {'abbreviation': None, 'name': 'vs. Conf.', 'summary': '0-0', 'type': 'vsconf'}]",18,FALSE,99,"[{'abbreviation': 'Game', 'name': 'overall', 'summary': '1-1', 'type': 'total'}
 {'abbreviation': None, 'name': 'Home', 'summary': '1-0', 'type': 'home'}
 {'abbreviation': None, 'name': 'Road', 'summary': '0-1', 'type': 'road'}
 {'abbreviation': None, 'name': 'vs. Conf.', 'summary': '0-0', 'type': 'vsconf'}]",,,ILL,ILST,ff5f05,CE1126,13294b,ffe716,ILL,ff5f05,13294b,ILST,CE1126,ffe716,https://raw.githubusercontent.com/sportsdataverse/wehoop-wbb-raw/main/wbb/json/final/401818617.json,2025-11-09T18:00Z,TRUE,,
401818667,2025-11-09T18:00Z,Ohio State,Coppin State,Home,W,88,59,https://a.espncdn.com/i/teamlogos/ncaa/500/194.png,https://a.espncdn.com/i/teamlogos/ncaa/500/2154.png,99,99,7,16,,,FALSE,1,,STATUS_FINAL,7,TRUE,99,"[{'abbreviation': 'Game', 'name': 'overall', 'summary': '1-0', 'type': 'total'}
 {'abbreviation': None, 'name': 'Home', 'summary': '1-0', 'type': 'home'}
 {'abbreviation': None, 'name': 'Road', 'summary': '0-0', 'type': 'road'}
 {'abbreviation': None, 'name': 'vs. Conf.', 'summary': '0-0', 'type': 'vsconf'}]",16,FALSE,99,"[{'abbreviation': 'Game', 'name': 'overall', 'summary': '1-2', 'type': 'total'}
 {'abbreviation': None, 'name': 'Home', 'summary': '1-0', 'type': 'home'}
 {'abbreviation': None, 'name': 'Road', 'summary': '0-2', 'type': 'road'}
 {'abbreviation': None, 'name': 'vs. Conf.', 'summary': '0-0', 'type': 'vsconf'}]",,,OSU,COPP,ba0c2f,2e3192,a8adb4,ffd204,OSU,ba0c2f,a8adb4,COPP,2e3192,ffd204,https://raw.githubusercontent.com/sportsdataverse/wehoop-wbb-raw/main/wbb/json/final/401818667.json,2025-11-09T18:00Z,TRUE,,
401817557,2025-11-09T18:00Z,Duke,Holy Cross,Home,W,91,48,https://a.espncdn.com/i/teamlogos/ncaa/500/150.png,https://a.espncdn.com/i/teamlogos/ncaa/500/107.png,7,99,2,22,,,FALSE,1,,STATUS_FINAL,2,TRUE,7,"[{'abbreviation': 'Game', 'name': 'overall', 'summary': '1-1', 'type': 'total'}
 {'abbreviation': None, 'name': 'Home', 'summary': '1-0', 'type': 'home'}
 {'abbreviation': None, 'name': 'Road', 'summary': '0-0', 'type': 'road'}
 {'abbreviation': None, 'name': 'vs. Conf.', 'summary': '0-0', 'type': 'vsconf'}]",22,FALSE,99,"[{'abbreviation': 'Game', 'name': 'overall', 'summary': '1-1', 'type': 'total'}
 {'abbreviation': None, 'name': 'Home', 'summary': '0-0', 'type': 'home'}
 {'abbreviation': None, 'name': 'Road', 'summary': '1-1', 'type': 'road'}
 {'abbreviation': None, 'name': 'vs. Conf.', 'summary': '0-0', 'type': 'vsconf'}]",,,DUKE,HC,00539b,582c83,ffffff,ffffff,DUKE,00539b,ffffff,HC,582c83,ffffff,https://raw.githubusercontent.com/sportsdataverse/wehoop-wbb-raw/main/wbb/json/final/401817557.json,2025-11-09T18:00Z,TRUE,,
401818638,2025-11-09T18:00Z,Maryland,Georgetown,Home,W,85,66,https://a.espncdn.com/i/teamlogos/ncaa/500/120.png,https://a.espncdn.com/i/teamlogos/ncaa/500/46.png,10,99,7,4,,,FALSE,1,,STATUS_FINAL,7,TRUE,10,"[{'abbreviation': 'Game', 'name': 'overall', 'summary': '3-0', 'type': 'total'}
 {'abbreviation': None, 'name': 'Home', 'summary': '3-0', 'type': 'home'}
 {'abbreviation': None, 'name': 'Road', 'summary': '0-0', 'type': 'road'}
 {'abbreviation': None, 'name': 'vs. Conf.', 'summary': '0-0', 'type': 'vsconf'}]",4,FALSE,99,"[{'abbreviation': 'Game', 'name': 'overall', 'summary': '1-1', 'type': 'total'}
 {'abbreviation': None, 'name': 'Home', 'summary': '1-0', 'type': 'home'}
 {'abbreviation': None, 'name': 'Road', 'summary': '0-1', 'type': 'road'}
 {'abbreviation': None, 'name': 'vs. Conf.', 'summary': '0-0', 'type': 'vsconf'}]",,,MD,GTWN,ce1126,1.10E+44,ffffff,001c58,MD,ce1126,ffffff,GTWN,1.10E+44,001c58,https://raw.githubusercontent.com/sportsdataverse/wehoop-wbb-raw/main/wbb/json/final/401818638.json,2025-11-09T18:00Z,TRUE,,
401824075,2025-11-09T17:00Z,Michigan,Harvard,Home,W,84,55,https://a.espncdn.com/i/teamlogos/ncaa/500/130.png,https://a.espncdn.com/i/teamlogos/ncaa/500/108.png,13,99,7,12,,,FALSE,1,,STATUS_FINAL,7,TRUE,13,"[{'abbreviation': 'Game', 'name': 'overall', 'summary': '2-0', 'type': 'total'}
 {'abbreviation': None, 'name': 'Home', 'summary': '2-0', 'type': 'home'}
 {'abbreviation': None, 'name': 'Road', 'summary': '0-0', 'type': 'road'}
 {'abbreviation': None, 'name': 'vs. Conf.', 'summary': '0-0', 'type': 'vsconf'}]",12,FALSE,99,"[{'abbreviation': 'Game', 'name': 'overall', 'summary': '1-1', 'type': 'total'}
 {'abbreviation': None, 'name': 'Home', 'summary': '1-0', 'type': 'home'}
 {'abbreviation': None, 'name': 'Road', 'summary': '0-1', 'type': 'road'}
 {'abbreviation': None, 'name': 'vs. Conf.', 'summary': '0-0', 'type': 'vsconf'}]",,,MICH,HARV,00274c,990000,ffcb05,dbdbdb,MICH,00274c,ffcb05,HARV,990000,dbdbdb,https://raw.githubusercontent.com/sportsdataverse/wehoop-wbb-raw/main/wbb/json/final/401824075.json,2025-11-09T17:00Z,TRUE,,
401819756,2025-11-09T00:00Z,Fairfield,Lehigh,Home,W,88,60,https://a.espncdn.com/i/teamlogos/ncaa/500/2217.png,https://a.espncdn.com/i/teamlogos/ncaa/500/2329.png,99,99,13,22,,,FALSE,1,,STATUS_FINAL,13,TRUE,99,"[{'abbreviation': 'Game', 'name': 'overall', 'summary': '2-0', 'type': 'total'}
 {'abbreviation': None, 'name': 'Home', 'summary': '1-0', 'type': 'home'}
 {'abbreviation': None, 'name': 'Road', 'summary': '1-0', 'type': 'road'}
 {'abbreviation': None, 'name': 'vs. Conf.', 'summary': '0-0', 'type': 'vsconf'}]",22,FALSE,99,"[{'abbreviation': 'Game', 'name': 'overall', 'summary': '1-1', 'type': 'total'}
 {'abbreviation': None, 'name': 'Home', 'summary': '0-0', 'type': 'home'}
 {'abbreviation': None, 'name': 'Road', 'summary': '1-1', 'type': 'road'}
 {'abbreviation': None, 'name': 'vs. Conf.', 'summary': '0-0', 'type': 'vsconf'}]",,,FAIR,LEH,0,6c2b2a,ebebeb,b69e70,FAIR,0,ebebeb,LEH,6c2b2a,b69e70,https://raw.githubusercontent.com/sportsdataverse/wehoop-wbb-raw/main/wbb/json/final/401819756.json,2025-11-09T00:00Z,TRUE,,
401818647,2025-11-08T23:00Z,Nebraska,Samford,Home,W,80,46,https://a.espncdn.com/i/teamlogos/ncaa/500/158.png,https://a.espncdn.com/i/teamlogos/ncaa/500/2535.png,99,99,7,24,,,FALSE,1,,STATUS_FINAL,7,TRUE,99,"[{'abbreviation': 'Game', 'name': 'overall', 'summary': '2-0', 'type': 'total'}
 {'abbreviation': None, 'name': 'Home', 'summary': '2-0', 'type': 'home'}
 {'abbreviation': None, 'name': 'Road', 'summary': '0-0', 'type': 'road'}
 {'abbreviation': None, 'name': 'vs. Conf.', 'summary': '0-0', 'type': 'vsconf'}]",24,FALSE,99,"[{'abbreviation': 'Game', 'name': 'overall', 'summary': '1-1', 'type': 'total'}
 {'abbreviation': None, 'name': 'Home', 'summary': '1-0', 'type': 'home'}
 {'abbreviation': None, 'name': 'Road', 'summary': '0-1', 'type': 'road'}
 {'abbreviation': None, 'name': 'vs. Conf.', 'summary': '0-0', 'type': 'vsconf'}]",,,NEB,SAM,e31937,5485,ffffff,bc0023,NEB,e31937,ffffff,SAM,5485,bc0023,https://raw.githubusercontent.com/sportsdataverse/wehoop-wbb-raw/main/wbb/json/final/401818647.json,2025-11-08T23:00Z,TRUE,,
401818675,2025-11-08T22:00Z,Oregon,Montana,Home,W,90,47,https://a.espncdn.com/i/teamlogos/ncaa/500/2483.png,https://a.espncdn.com/i/teamlogos/ncaa/500/149.png,99,99,7,5,,,FALSE,1,,STATUS_FINAL,7,TRUE,99,"[{'abbreviation': 'Game', 'name': 'overall', 'summary': '2-0', 'type': 'total'}
 {'abbreviation': None, 'name': 'Home', 'summary': '2-0', 'type': 'home'}
 {'abbreviation': None, 'name': 'Road', 'summary': '0-0', 'type': 'road'}
 {'abbreviation': None, 'name': 'vs. Conf.', 'summary': '0-0', 'type': 'vsconf'}]",5,FALSE,99,"[{'abbreviation': 'Game', 'name': 'overall', 'summary': '1-1', 'type': 'total'}
 {'abbreviation': None, 'name': 'Home', 'summary': '1-0', 'type': 'home'}
 {'abbreviation': None, 'name': 'Road', 'summary': '0-1', 'type': 'road'}
 {'abbreviation': None, 'name': 'vs. Conf.', 'summary': '0-0', 'type': 'vsconf'}]",,,ORE,MONT,00934b,751D4A,fff41b,666666,ORE,00934b,fff41b,MONT,751D4A,666666,https://raw.githubusercontent.com/sportsdataverse/wehoop-wbb-raw/main/wbb/json/final/401818675.json,2025-11-08T22:00Z,TRUE,,
401824256,2025-11-08T01:00Z,Ole Miss,Alabama A&M,Away,W,84,45,https://a.espncdn.com/i/teamlogos/ncaa/500/145.png,https://a.espncdn.com/i/teamlogos/ncaa/500/2010.png,12,99,23,26,,,FALSE,1,,STATUS_FINAL,26,FALSE,99,"[{'abbreviation': 'Game', 'name': 'overall', 'summary': '1-1', 'type': 'total'}
 {'abbreviation': None, 'name': 'Home', 'summary': '1-1', 'type': 'home'}
 {'abbreviation': None, 'name': 'Road', 'summary': '0-0', 'type': 'road'}
 {'abbreviation': None, 'name': 'vs. Conf.', 'summary': '0-0', 'type': 'vsconf'}]",23,TRUE,12,"[{'abbreviation': 'Game', 'name': 'overall', 'summary': '2-0', 'type': 'total'}
 {'abbreviation': None, 'name': 'Home', 'summary': '1-0', 'type': 'home'}
 {'abbreviation': None, 'name': 'Road', 'summary': '1-0', 'type': 'road'}
 {'abbreviation': None, 'name': 'vs. Conf.', 'summary': '0-0', 'type': 'vsconf'}]",,,MISS,AAMU,13294b,790000,cf142b,ffffff,AAMU,790000,ffffff,MISS,13294b,cf142b,https://raw.githubusercontent.com/sportsdataverse/wehoop-wbb-raw/main/wbb/json/final/401824256.json,2025-11-08T01:00Z,TRUE,,
401813826,2025-11-08T01:00Z,Minnesota,Manhattan,Home,W,99,36,https://a.espncdn.com/i/teamlogos/ncaa/500/135.png,https://a.espncdn.com/i/teamlogos/ncaa/500/2363.png,99,99,7,13,,,FALSE,1,,STATUS_FINAL,7,TRUE,99,"[{'abbreviation': 'Game', 'name': 'overall', 'summary': '2-0', 'type': 'total'}
 {'abbreviation': None, 'name': 'Home', 'summary': '2-0', 'type': 'home'}
 {'abbreviation': None, 'name': 'Road', 'summary': '0-0', 'type': 'road'}
 {'abbreviation': None, 'name': 'vs. Conf.', 'summary': '0-0', 'type': 'vsconf'}]",13,FALSE,99,"[{'abbreviation': 'Game', 'name': 'overall', 'summary': '0-2', 'type': 'total'}
 {'abbreviation': None, 'name': 'Home', 'summary': '0-1', 'type': 'home'}
 {'abbreviation': None, 'name': 'Road', 'summary': '0-1', 'type': 'road'}
 {'abbreviation': None, 'name': 'vs. Conf.', 'summary': '0-0', 'type': 'vsconf'}]",,,MINN,MAN,5e0a2f,4f8537,fab41c,b5b7ba,MINN,5e0a2f,fab41c,MAN,4f8537,b5b7ba,https://raw.githubusercontent.com/sportsdataverse/wehoop-wbb-raw/main/wbb/json/final/401813826.json,2025-11-08T01:00Z,TRUE,,
401818596,2025-11-08T01:00Z,Texas,Richmond,Home,W,85,56,https://a.espncdn.com/i/teamlogos/ncaa/500/251.png,https://a.espncdn.com/i/teamlogos/ncaa/500/257.png,4,24,23,3,,,FALSE,1,,STATUS_FINAL,23,TRUE,4,"[{'abbreviation': 'Game', 'name': 'overall', 'summary': '2-0', 'type': 'total'}
 {'abbreviation': None, 'name': 'Home', 'summary': '2-0', 'type': 'home'}
 {'abbreviation': None, 'name': 'Road', 'summary': '0-0', 'type': 'road'}
 {'abbreviation': None, 'name': 'vs. Conf.', 'summary': '0-0', 'type': 'vsconf'}]",3,FALSE,24,"[{'abbreviation': 'Game', 'name': 'overall', 'summary': '1-1', 'type': 'total'}
 {'abbreviation': None, 'name': 'Home', 'summary': '1-0', 'type': 'home'}
 {'abbreviation': None, 'name': 'Road', 'summary': '0-1', 'type': 'road'}
 {'abbreviation': None, 'name': 'vs. Conf.', 'summary': '0-0', 'type': 'vsconf'}]",,,TEX,RICH,af5c37,9e0712,ffffff,b90b2e,TEX,af5c37,ffffff,RICH,9e0712,b90b2e,https://raw.githubusercontent.com/sportsdataverse/wehoop-wbb-raw/main/wbb/json/final/401818596.json,2025-11-08T01:00Z,TRUE,,
401818596,2025-11-08T01:00Z,Richmond,Texas,Away,L,56,85,https://a.espncdn.com/i/teamlogos/ncaa/500/257.png,https://a.espncdn.com/i/teamlogos/ncaa/500/251.png,24,4,3,23,,,FALSE,1,,STATUS_FINAL,23,TRUE,4,"[{'abbreviation': 'Game', 'name': 'overall', 'summary': '2-0', 'type': 'total'}
 {'abbreviation': None, 'name': 'Home', 'summary': '2-0', 'type': 'home'}
 {'abbreviation': None, 'name': 'Road', 'summary': '0-0', 'type': 'road'}
 {'abbreviation': None, 'name': 'vs. Conf.', 'summary': '0-0', 'type': 'vsconf'}]",3,FALSE,24,"[{'abbreviation': 'Game', 'name': 'overall', 'summary': '1-1', 'type': 'total'}
 {'abbreviation': None, 'name': 'Home', 'summary': '1-0', 'type': 'home'}
 {'abbreviation': None, 'name': 'Road', 'summary': '0-1', 'type': 'road'}
 {'abbreviation': None, 'name': 'vs. Conf.', 'summary': '0-0', 'type': 'vsconf'}]",,,RICH,TEX,9e0712,af5c37,b90b2e,ffffff,TEX,af5c37,ffffff,RICH,9e0712,b90b2e,https://raw.githubusercontent.com/sportsdataverse/wehoop-wbb-raw/main/wbb/json/final/401818596.json,2025-11-08T01:00Z,TRUE,,
401822978,2025-11-08T00:00Z,West Virginia,Kent State,Home,W,88,47,https://a.espncdn.com/i/teamlogos/ncaa/500/277.png,https://a.espncdn.com/i/teamlogos/ncaa/500/2309.png,99,99,8,14,,,FALSE,1,,STATUS_FINAL,8,TRUE,99,"[{'abbreviation': 'Game', 'name': 'overall', 'summary': '2-0', 'type': 'total'}
 {'abbreviation': None, 'name': 'Home', 'summary': '2-0', 'type': 'home'}
 {'abbreviation': None, 'name': 'Road', 'summary': '0-0', 'type': 'road'}
 {'abbreviation': None, 'name': 'vs. Conf.', 'summary': '0-0', 'type': 'vsconf'}]",14,FALSE,99,"[{'abbreviation': 'Game', 'name': 'overall', 'summary': '0-2', 'type': 'total'}
 {'abbreviation': None, 'name': 'Home', 'summary': '0-0', 'type': 'home'}
 {'abbreviation': None, 'name': 'Road', 'summary': '0-2', 'type': 'road'}
 {'abbreviation': None, 'name': 'vs. Conf.', 'summary': '0-0', 'type': 'vsconf'}]",,,WVU,KENT,eaaa00,2664,2855,eaab00,WVU,eaaa00,2855,KENT,2664,eaab00,https://raw.githubusercontent.com/sportsdataverse/wehoop-wbb-raw/main/wbb/json/final/401822978.json,2025-11-08T00:00Z,TRUE,,
401823661,2025-11-08T00:00Z,Syracuse,UAlbany,Home,W,64,45,https://a.espncdn.com/i/teamlogos/ncaa/500/183.png,https://a.espncdn.com/i/teamlogos/ncaa/500/399.png,99,99,2,1,,,FALSE,1,,STATUS_FINAL,2,TRUE,99,"[{'abbreviation': 'Game', 'name': 'overall', 'summary': '2-0', 'type': 'total'}
 {'abbreviation': None, 'name': 'Home', 'summary': '2-0', 'type': 'home'}
 {'abbreviation': None, 'name': 'Road', 'summary': '0-0', 'type': 'road'}
 {'abbreviation': None, 'name': 'vs. Conf.', 'summary': '0-0', 'type': 'vsconf'}]",1,FALSE,99,"[{'abbreviation': 'Game', 'name': 'overall', 'summary': '1-1', 'type': 'total'}
 {'abbreviation': None, 'name': 'Home', 'summary': '1-0', 'type': 'home'}
 {'abbreviation': None, 'name': 'Road', 'summary': '0-1', 'type': 'road'}
 {'abbreviation': None, 'name': 'vs. Conf.', 'summary': '0-0', 'type': 'vsconf'}]",,,SYR,UALB,0.00E+00,3D2777,ff431b,ffffff,SYR,0.00E+00,ff431b,UALB,3D2777,ffffff,https://raw.githubusercontent.com/sportsdataverse/wehoop-wbb-raw/main/wbb/json/final/401823661.json,2025-11-08T00:00Z,TRUE,,
401811124,2025-11-08T00:00Z,South Carolina,Bowling Green,Home,W,114,47,https://a.espncdn.com/i/teamlogos/ncaa/500/2579.png,https://a.espncdn.com/i/teamlogos/ncaa/500/189.png,2,99,23,14,,,FALSE,1,,STATUS_FINAL,23,TRUE,2,"[{'abbreviation': 'Game', 'name': 'overall', 'summary': '2-0', 'type': 'total'}
 {'abbreviation': None, 'name': 'Home', 'summary': '2-0', 'type': 'home'}
 {'abbreviation': None, 'name': 'Road', 'summary': '0-0', 'type': 'road'}
 {'abbreviation': None, 'name': 'vs. Conf.', 'summary': '0-0', 'type': 'vsconf'}]",14,FALSE,99,"[{'abbreviation': 'Game', 'name': 'overall', 'summary': '1-1', 'type': 'total'}
 {'abbreviation': None, 'name': 'Home', 'summary': '0-0', 'type': 'home'}
 {'abbreviation': None, 'name': 'Road', 'summary': '1-1', 'type': 'road'}
 {'abbreviation': None, 'name': 'vs. Conf.', 'summary': '0-0', 'type': 'vsconf'}]",,,SC,BGSU,73000a,fd5000,0,4f2c1d,SC,73000a,0,BGSU,fd5000,4f2c1d,https://raw.githubusercontent.com/sportsdataverse/wehoop-wbb-raw/main/wbb/json/final/401811124.json,2025-11-08T00:00Z,TRUE,,
401817301,2025-11-07T23:30Z,Tennessee,East Tennessee State,Home,W,97,47,https://a.espncdn.com/i/teamlogos/ncaa/500/2633_ncw.png,https://a.espncdn.com/i/teamlogos/ncaa/500/2193.png,8,99,23,24,,,FALSE,1,,STATUS_FINAL,23,TRUE,8,"[{'abbreviation': 'Game', 'name': 'overall', 'summary': '1-1', 'type': 'total'}
 {'abbreviation': None, 'name': 'Home', 'summary': '1-0', 'type': 'home'}
 {'abbreviation': None, 'name': 'Road', 'summary': '0-0', 'type': 'road'}
 {'abbreviation': None, 'name': 'vs. Conf.', 'summary': '0-0', 'type': 'vsconf'}]",24,FALSE,99,"[{'abbreviation': 'Game', 'name': 'overall', 'summary': '0-2', 'type': 'total'}
 {'abbreviation': None, 'name': 'Home', 'summary': '0-1', 'type': 'home'}
 {'abbreviation': None, 'name': 'Road', 'summary': '0-1', 'type': 'road'}
 {'abbreviation': None, 'name': 'vs. Conf.', 'summary': '0-0', 'type': 'vsconf'}]",,,TENN,ETSU,ff8200,002d61,ffffff,ffc423,TENN,ff8200,ffffff,ETSU,002d61,ffc423,https://raw.githubusercontent.com/sportsdataverse/wehoop-wbb-raw/main/wbb/json/final/401817301.json,2025-11-07T23:30Z,TRUE,,
401825003,2025-11-07T23:00Z,Rhode Island,Merrimack,Home,W,84,46,https://a.espncdn.com/i/teamlogos/ncaa/500/227.png,https://a.espncdn.com/i/teamlogos/ncaa/500/2771.png,99,99,3,13,,,FALSE,1,,STATUS_FINAL,3,TRUE,99,"[{'abbreviation': 'Game', 'name': 'overall', 'summary': '2-0', 'type': 'total'}
 {'abbreviation': None, 'name': 'Home', 'summary': '1-0', 'type': 'home'}
 {'abbreviation': None, 'name': 'Road', 'summary': '1-0', 'type': 'road'}
 {'abbreviation': None, 'name': 'vs. Conf.', 'summary': '0-0', 'type': 'vsconf'}]",13,FALSE,99,"[{'abbreviation': 'Game', 'name': 'overall', 'summary': '1-1', 'type': 'total'}
 {'abbreviation': None, 'name': 'Home', 'summary': '1-0', 'type': 'home'}
 {'abbreviation': None, 'name': 'Road', 'summary': '0-1', 'type': 'road'}
 {'abbreviation': None, 'name': 'vs. Conf.', 'summary': '0-0', 'type': 'vsconf'}]",,,URI,MRMK,091f3f,2f4f93,5ab3e8,e8c535,URI,091f3f,5ab3e8,MRMK,2f4f93,e8c535,https://raw.githubusercontent.com/sportsdataverse/wehoop-wbb-raw/main/wbb/json/final/401825003.json,2025-11-07T23:00Z,TRUE,,
401822272,2025-11-07T17:00Z,Mississippi State,Georgia State,Home,W,88,62,https://a.espncdn.com/i/teamlogos/ncaa/500/344.png,https://a.espncdn.com/i/teamlogos/ncaa/500/2247.png,99,99,23,27,,,FALSE,1,,STATUS_FINAL,23,TRUE,99,"[{'abbreviation': 'Game', 'name': 'overall', 'summary': '2-0', 'type': 'total'}
 {'abbreviation': None, 'name': 'Home', 'summary': '2-0', 'type': 'home'}
 {'abbreviation': None, 'name': 'Road', 'summary': '0-0', 'type': 'road'}
 {'abbreviation': None, 'name': 'vs. Conf.', 'summary': '0-0', 'type': 'vsconf'}]",27,FALSE,99,"[{'abbreviation': 'Game', 'name': 'overall', 'summary': '1-1', 'type': 'total'}
 {'abbreviation': None, 'name': 'Home', 'summary': '1-0', 'type': 'home'}
 {'abbreviation': None, 'name': 'Road', 'summary': '0-1', 'type': 'road'}
 {'abbreviation': None, 'name': 'vs. Conf.', 'summary': '0-0', 'type': 'vsconf'}]",,,MSST,GAST,5d1725,0039a6,c1c6c8,ffffff,MSST,5d1725,c1c6c8,GAST,0039a6,ffffff,https://raw.githubusercontent.com/sportsdataverse/wehoop-wbb-raw/main/wbb/json/final/401822272.json,2025-11-07T17:00Z,TRUE,,
401819604,2025-11-07T03:00Z,Stanford,Santa Clara,Home,W,79,58,https://a.espncdn.com/i/teamlogos/ncaa/500/24.png,https://a.espncdn.com/i/teamlogos/ncaa/500/2541.png,99,99,2,29,,,FALSE,1,,STATUS_FINAL,2,TRUE,99,"[{'abbreviation': 'Game', 'name': 'overall', 'summary': '2-0', 'type': 'total'}
 {'abbreviation': None, 'name': 'Home', 'summary': '2-0', 'type': 'home'}
 {'abbreviation': None, 'name': 'Road', 'summary': '0-0', 'type': 'road'}
 {'abbreviation': None, 'name': 'vs. Conf.', 'summary': '0-0', 'type': 'vsconf'}]",29,FALSE,99,"[{'abbreviation': 'Game', 'name': 'overall', 'summary': '1-1', 'type': 'total'}
 {'abbreviation': None, 'name': 'Home', 'summary': '1-0', 'type': 'home'}
 {'abbreviation': None, 'name': 'Road', 'summary': '0-1', 'type': 'road'}
 {'abbreviation': None, 'name': 'vs. Conf.', 'summary': '0-0', 'type': 'vsconf'}]",,,STAN,SCU,8c1515,690b0b,ffffff,101010,STAN,8c1515,ffffff,SCU,690b0b,101010,https://raw.githubusercontent.com/sportsdataverse/wehoop-wbb-raw/main/wbb/json/final/401819604.json,2025-11-07T03:00Z,TRUE,,
401825874,2025-11-07T01:00Z,Colorado,New Mexico,Home,W,84,59,https://a.espncdn.com/i/teamlogos/ncaa/500/38.png,https://a.espncdn.com/i/teamlogos/ncaa/500/167.png,99,99,8,44,,,FALSE,1,,STATUS_FINAL,8,TRUE,99,"[{'abbreviation': 'Game', 'name': 'overall', 'summary': '1-0', 'type': 'total'}
 {'abbreviation': None, 'name': 'Home', 'summary': '1-0', 'type': 'home'}
 {'abbreviation': None, 'name': 'Road', 'summary': '0-0', 'type': 'road'}
 {'abbreviation': None, 'name': 'vs. Conf.', 'summary': '0-0', 'type': 'vsconf'}]",44,FALSE,99,"[{'abbreviation': 'Game', 'name': 'overall', 'summary': '1-1', 'type': 'total'}
 {'abbreviation': None, 'name': 'Home', 'summary': '1-0', 'type': 'home'}
 {'abbreviation': None, 'name': 'Road', 'summary': '0-1', 'type': 'road'}
 {'abbreviation': None, 'name': 'vs. Conf.', 'summary': '0-0', 'type': 'vsconf'}]",,,COLO,UNM,cfb87c,ba0c2f,0,a7a8aa,COLO,cfb87c,0,UNM,ba0c2f,a7a8aa,https://raw.githubusercontent.com/sportsdataverse/wehoop-wbb-raw/main/wbb/json/final/401825874.json,2025-11-07T01:00Z,TRUE,,
401807965,2025-11-07T01:00Z,LSU,SE Louisiana,Home,W,115,26,https://a.espncdn.com/i/teamlogos/ncaa/500/99.png,https://a.espncdn.com/i/teamlogos/ncaa/500/2545.png,5,99,23,25,,,FALSE,1,,STATUS_FINAL,23,TRUE,5,"[{'abbreviation': 'Game', 'name': 'overall', 'summary': '2-0', 'type': 'total'}
 {'abbreviation': None, 'name': 'Home', 'summary': '2-0', 'type': 'home'}
 {'abbreviation': None, 'name': 'Road', 'summary': '0-0', 'type': 'road'}
 {'abbreviation': None, 'name': 'vs. Conf.', 'summary': '0-0', 'type': 'vsconf'}]",25,FALSE,99,"[{'abbreviation': 'Game', 'name': 'overall', 'summary': '1-1', 'type': 'total'}
 {'abbreviation': None, 'name': 'Home', 'summary': '1-0', 'type': 'home'}
 {'abbreviation': None, 'name': 'Road', 'summary': '0-1', 'type': 'road'}
 {'abbreviation': None, 'name': 'vs. Conf.', 'summary': '0-0', 'type': 'vsconf'}]",,,LSU,SELA,461d76,215732,fdd023,ffc72c,LSU,461d76,fdd023,SELA,215732,ffc72c,https://raw.githubusercontent.com/sportsdataverse/wehoop-wbb-raw/main/wbb/json/final/401807965.json,2025-11-07T01:00Z,TRUE,,
401824189,2025-11-07T00:30Z,Oklahoma State,Langston,Home,W,105,35,https://a.espncdn.com/i/teamlogos/ncaa/500/197.png,,22,99,8,,,,FALSE,1,,STATUS_FINAL,8,TRUE,22,"[{'abbreviation': 'Game', 'name': 'overall', 'summary': '3-0', 'type': 'total'}
 {'abbreviation': None, 'name': 'Home', 'summary': '3-0', 'type': 'home'}
 {'abbreviation': None, 'name': 'Road', 'summary': '0-0', 'type': 'road'}
 {'abbreviation': None, 'name': 'vs. Conf.', 'summary': '0-0', 'type': 'vsconf'}]",,FALSE,99,"[{'abbreviation': 'Game', 'name': 'overall', 'summary': '0-0', 'type': 'total'}
 {'abbreviation': 'null', 'name': 'Home', 'summary': '0-0', 'type': 'home'}
 {'abbreviation': 'null', 'name': 'Road', 'summary': '0-0', 'type': 'road'}
 {'abbreviation': 'null', 'name': 'vs. Conf.', 'summary': '0-0', 'type': 'vsconf'}]",,,OKST,LNGT,fe5c00,0,0,,OKST,fe5c00,0,LNGT,0,,https://raw.githubusercontent.com/sportsdataverse/wehoop-wbb-raw/main/wbb/json/final/401824189.json,2025-11-07T00:30Z,TRUE,,
401807916,2025-11-07T00:00Z,Alabama,McNeese,Home,W,64,44,https://a.espncdn.com/i/teamlogos/ncaa/500/333.png,https://a.espncdn.com/i/teamlogos/ncaa/500/2377.png,99,99,23,25,,,FALSE,1,,STATUS_FINAL,23,TRUE,99,"[{'abbreviation': 'Game', 'name': 'overall', 'summary': '2-0', 'type': 'total'}
 {'abbreviation': None, 'name': 'Home', 'summary': '2-0', 'type': 'home'}
 {'abbreviation': None, 'name': 'Road', 'summary': '0-0', 'type': 'road'}
 {'abbreviation': None, 'name': 'vs. Conf.', 'summary': '0-0', 'type': 'vsconf'}]",25,FALSE,99,"[{'abbreviation': 'Game', 'name': 'overall', 'summary': '1-1', 'type': 'total'}
 {'abbreviation': None, 'name': 'Home', 'summary': '1-0', 'type': 'home'}
 {'abbreviation': None, 'name': 'Road', 'summary': '0-1', 'type': 'road'}
 {'abbreviation': None, 'name': 'vs. Conf.', 'summary': '0-0', 'type': 'vsconf'}]",,,ALA,MCN,9e1b32,00529C,ffffff,ffd204,ALA,9e1b32,ffffff,MCN,00529C,ffd204,https://raw.githubusercontent.com/sportsdataverse/wehoop-wbb-raw/main/wbb/json/final/401807916.json,2025-11-07T00:00Z,TRUE,,
401807517,2025-11-07T00:00Z,UNC,Elon,Home,W,71,37,https://a.espncdn.com/i/teamlogos/ncaa/500/153.png,https://a.espncdn.com/i/teamlogos/ncaa/500/2210.png,11,99,2,10,,,FALSE,1,,STATUS_FINAL,2,TRUE,11,"[{'abbreviation': 'Game', 'name': 'overall', 'summary': '2-0', 'type': 'total'}
 {'abbreviation': None, 'name': 'Home', 'summary': '2-0', 'type': 'home'}
 {'abbreviation': None, 'name': 'Road', 'summary': '0-0', 'type': 'road'}
 {'abbreviation': None, 'name': 'vs. Conf.', 'summary': '0-0', 'type': 'vsconf'}]",10,FALSE,99,"[{'abbreviation': 'Game', 'name': 'overall', 'summary': '1-1', 'type': 'total'}
 {'abbreviation': None, 'name': 'Home', 'summary': '0-0', 'type': 'home'}
 {'abbreviation': None, 'name': 'Road', 'summary': '1-1', 'type': 'road'}
 {'abbreviation': None, 'name': 'vs. Conf.', 'summary': '0-0', 'type': 'vsconf'}]",,,UNC,ELON,7bafd4,20303,13294b,b59a57,UNC,7bafd4,13294b,ELON,20303,b59a57,https://raw.githubusercontent.com/sportsdataverse/wehoop-wbb-raw/main/wbb/json/final/401807517.json,2025-11-07T00:00Z,TRUE,,
401824913,2025-11-07T00:00Z,James Madison,George Mason,Home,L,57,72,https://a.espncdn.com/i/teamlogos/ncaa/500/256.png,https://a.espncdn.com/i/teamlogos/ncaa/500/2244.png,99,99,27,3,,,FALSE,1,,STATUS_FINAL,27,FALSE,99,"[{'abbreviation': 'Game', 'name': 'overall', 'summary': '1-1', 'type': 'total'}
 {'abbreviation': None, 'name': 'Home', 'summary': '1-1', 'type': 'home'}
 {'abbreviation': None, 'name': 'Road', 'summary': '0-0', 'type': 'road'}
 {'abbreviation': None, 'name': 'vs. Conf.', 'summary': '0-0', 'type': 'vsconf'}]",3,TRUE,99,"[{'abbreviation': 'Game', 'name': 'overall', 'summary': '1-1', 'type': 'total'}
 {'abbreviation': None, 'name': 'Home', 'summary': '0-0', 'type': 'home'}
 {'abbreviation': None, 'name': 'Road', 'summary': '1-1', 'type': 'road'}
 {'abbreviation': None, 'name': 'vs. Conf.', 'summary': '0-0', 'type': 'vsconf'}]",,,JMU,GMU,450084,16600,cbb677,ecb010,JMU,450084,cbb677,GMU,16600,ecb010,https://raw.githubusercontent.com/sportsdataverse/wehoop-wbb-raw/main/wbb/json/final/401824913.json,2025-11-07T00:00Z,TRUE,,
401822984,2025-11-07T00:00Z,Texas Tech,UTSA,Home,W,79,52,https://a.espncdn.com/i/teamlogos/ncaa/500/2641.png,https://a.espncdn.com/i/teamlogos/ncaa/500/2636.png,99,99,8,62,,,FALSE,1,,STATUS_FINAL,8,TRUE,99,"[{'abbreviation': 'Game', 'name': 'overall', 'summary': '2-0', 'type': 'total'}
 {'abbreviation': None, 'name': 'Home', 'summary': '2-0', 'type': 'home'}
 {'abbreviation': None, 'name': 'Road', 'summary': '0-0', 'type': 'road'}
 {'abbreviation': None, 'name': 'vs. Conf.', 'summary': '0-0', 'type': 'vsconf'}]",62,FALSE,99,"[{'abbreviation': 'Game', 'name': 'overall', 'summary': '0-1', 'type': 'total'}
 {'abbreviation': None, 'name': 'Home', 'summary': '0-0', 'type': 'home'}
 {'abbreviation': None, 'name': 'Road', 'summary': '0-1', 'type': 'road'}
 {'abbreviation': None, 'name': 'vs. Conf.', 'summary': '0-0', 'type': 'vsconf'}]",,,TTU,UTSA,da291c,0c2340,0,f15a22,TTU,da291c,0,UTSA,0c2340,f15a22,https://raw.githubusercontent.com/sportsdataverse/wehoop-wbb-raw/main/wbb/json/final/401822984.json,2025-11-07T00:00Z,TRUE,,
401817328,2025-11-07T00:00Z,Clemson,Mercer,Away,W,72,51,https://a.espncdn.com/i/teamlogos/ncaa/500/228.png,https://a.espncdn.com/i/teamlogos/ncaa/500/2382.png,99,99,2,24,,,FALSE,1,,STATUS_FINAL,24,FALSE,99,"[{'abbreviation': 'Game', 'name': 'overall', 'summary': '1-1', 'type': 'total'}
 {'abbreviation': None, 'name': 'Home', 'summary': '0-1', 'type': 'home'}
 {'abbreviation': None, 'name': 'Road', 'summary': '1-0', 'type': 'road'}
 {'abbreviation': None, 'name': 'vs. Conf.', 'summary': '0-0', 'type': 'vsconf'}]",2,TRUE,99,"[{'abbreviation': 'Game', 'name': 'overall', 'summary': '2-0', 'type': 'total'}
 {'abbreviation': None, 'name': 'Home', 'summary': '1-0', 'type': 'home'}
 {'abbreviation': None, 'name': 'Road', 'summary': '1-0', 'type': 'road'}
 {'abbreviation': None, 'name': 'vs. Conf.', 'summary': '0-0', 'type': 'vsconf'}]",,,CLEM,MER,f56600,ff7f29,ffffff,80808,MER,ff7f29,80808,CLEM,f56600,ffffff,https://raw.githubusercontent.com/sportsdataverse/wehoop-wbb-raw/main/wbb/json/final/401817328.json,2025-11-07T00:00Z,TRUE,,
401818528,2025-11-06T23:30Z,Georgia,Furman,Home,W,91,45,https://a.espncdn.com/i/teamlogos/ncaa/500/61.png,https://a.espncdn.com/i/teamlogos/ncaa/500/231.png,99,99,23,24,,,FALSE,1,,STATUS_FINAL,23,TRUE,99,"[{'abbreviation': 'Game', 'name': 'overall', 'summary': '2-0', 'type': 'total'}
 {'abbreviation': None, 'name': 'Home', 'summary': '2-0', 'type': 'home'}
 {'abbreviation': None, 'name': 'Road', 'summary': '0-0', 'type': 'road'}
 {'abbreviation': None, 'name': 'vs. Conf.', 'summary': '0-0', 'type': 'vsconf'}]",24,FALSE,99,"[{'abbreviation': 'Game', 'name': 'overall', 'summary': '1-1', 'type': 'total'}
 {'abbreviation': None, 'name': 'Home', 'summary': '1-0', 'type': 'home'}
 {'abbreviation': None, 'name': 'Road', 'summary': '0-1', 'type': 'road'}
 {'abbreviation': None, 'name': 'vs. Conf.', 'summary': '0-0', 'type': 'vsconf'}]",,,UGA,FUR,ba0c2f,582c83,2c2a29,ffffff,UGA,ba0c2f,2c2a29,FUR,582c83,ffffff,https://raw.githubusercontent.com/sportsdataverse/wehoop-wbb-raw/main/wbb/json/final/401818528.json,2025-11-06T23:30Z,TRUE,,
401818577,2025-11-06T23:30Z,Kentucky,Monmouth,Home,W,104,46,https://a.espncdn.com/i/teamlogos/ncaa/500/96.png,https://a.espncdn.com/i/teamlogos/ncaa/500/2405.png,24,99,23,10,,,FALSE,1,,STATUS_FINAL,23,TRUE,24,"[{'abbreviation': 'Game', 'name': 'overall', 'summary': '2-0', 'type': 'total'}
 {'abbreviation': None, 'name': 'Home', 'summary': '2-0', 'type': 'home'}
 {'abbreviation': None, 'name': 'Road', 'summary': '0-0', 'type': 'road'}
 {'abbreviation': None, 'name': 'vs. Conf.', 'summary': '0-0', 'type': 'vsconf'}]",10,FALSE,99,"[{'abbreviation': 'Game', 'name': 'overall', 'summary': '1-1', 'type': 'total'}
 {'abbreviation': None, 'name': 'Home', 'summary': '1-0', 'type': 'home'}
 {'abbreviation': None, 'name': 'Road', 'summary': '0-1', 'type': 'road'}
 {'abbreviation': None, 'name': 'vs. Conf.', 'summary': '0-0', 'type': 'vsconf'}]",,,UK,MONM,0033a0,51844,ffffff,,UK,0033a0,ffffff,MONM,51844,,https://raw.githubusercontent.com/sportsdataverse/wehoop-wbb-raw/main/wbb/json/final/401818577.json,2025-11-06T23:30Z,TRUE,,
401818637,2025-11-06T23:00Z,Maryland,UMBC,Home,W,87,54,https://a.espncdn.com/i/teamlogos/ncaa/500/120.png,https://a.espncdn.com/i/teamlogos/ncaa/500/2378.png,10,99,7,1,,,FALSE,1,,STATUS_FINAL,7,TRUE,10,"[{'abbreviation': 'Game', 'name': 'overall', 'summary': '2-0', 'type': 'total'}
 {'abbreviation': None, 'name': 'Home', 'summary': '2-0', 'type': 'home'}
 {'abbreviation': None, 'name': 'Road', 'summary': '0-0', 'type': 'road'}
 {'abbreviation': None, 'name': 'vs. Conf.', 'summary': '0-0', 'type': 'vsconf'}]",1,FALSE,99,"[{'abbreviation': 'Game', 'name': 'overall', 'summary': '1-1', 'type': 'total'}
 {'abbreviation': None, 'name': 'Home', 'summary': '1-0', 'type': 'home'}
 {'abbreviation': None, 'name': 'Road', 'summary': '0-1', 'type': 'road'}
 {'abbreviation': None, 'name': 'vs. Conf.', 'summary': '0-0', 'type': 'vsconf'}]",,,MD,UMBC,ce1126,0,ffffff,ad860a,MD,ce1126,ffffff,UMBC,0,ad860a,https://raw.githubusercontent.com/sportsdataverse/wehoop-wbb-raw/main/wbb/json/final/401818637.json,2025-11-06T23:00Z,TRUE,,
401817276,2025-11-06T22:00Z,Florida,Chattanooga,Home,W,94,52,https://a.espncdn.com/i/teamlogos/ncaa/500/57.png,https://a.espncdn.com/i/teamlogos/ncaa/500/236.png,99,99,23,24,,,FALSE,1,,STATUS_FINAL,23,TRUE,99,"[{'abbreviation': 'Game', 'name': 'overall', 'summary': '2-0', 'type': 'total'}
 {'abbreviation': None, 'name': 'Home', 'summary': '2-0', 'type': 'home'}
 {'abbreviation': None, 'name': 'Road', 'summary': '0-0', 'type': 'road'}
 {'abbreviation': None, 'name': 'vs. Conf.', 'summary': '0-0', 'type': 'vsconf'}]",24,FALSE,99,"[{'abbreviation': 'Game', 'name': 'overall', 'summary': '1-1', 'type': 'total'}
 {'abbreviation': None, 'name': 'Home', 'summary': '1-0', 'type': 'home'}
 {'abbreviation': None, 'name': 'Road', 'summary': '0-1', 'type': 'road'}
 {'abbreviation': None, 'name': 'vs. Conf.', 'summary': '0-0', 'type': 'vsconf'}]",,,FLA,UTC,0021a5,00386b,fa4616,dca71d,FLA,0021a5,fa4616,UTC,00386b,dca71d,https://raw.githubusercontent.com/sportsdataverse/wehoop-wbb-raw/main/wbb/json/final/401817276.json,2025-11-06T22:00Z,TRUE,,
401813788,2025-11-06T22:00Z,TCU,North Carolina A&T,Home,W,82,43,https://a.espncdn.com/i/teamlogos/ncaa/500/2628.png,https://a.espncdn.com/i/teamlogos/ncaa/500/2448.png,17,99,8,10,,,FALSE,1,,STATUS_FINAL,8,TRUE,17,"[{'abbreviation': 'Game', 'name': 'overall', 'summary': '1-0', 'type': 'total'}
 {'abbreviation': None, 'name': 'Home', 'summary': '1-0', 'type': 'home'}
 {'abbreviation': None, 'name': 'Road', 'summary': '0-0', 'type': 'road'}
 {'abbreviation': None, 'name': 'vs. Conf.', 'summary': '0-0', 'type': 'vsconf'}]",10,FALSE,99,"[{'abbreviation': 'Game', 'name': 'overall', 'summary': '0-2', 'type': 'total'}
 {'abbreviation': None, 'name': 'Home', 'summary': '0-0', 'type': 'home'}
 {'abbreviation': None, 'name': 'Road', 'summary': '0-2', 'type': 'road'}
 {'abbreviation': None, 'name': 'vs. Conf.', 'summary': '0-0', 'type': 'vsconf'}]",,,TCU,NCAT,4d1979,0505aa,ffffff,4684,TCU,4d1979,ffffff,NCAT,0505aa,4684,https://raw.githubusercontent.com/sportsdataverse/wehoop-wbb-raw/main/wbb/json/final/401813788.json,2025-11-06T22:00Z,TRUE,,
401830364,2025-11-06T19:30Z,UCLA,UC Santa Barbara,Home,W,87,50,https://a.espncdn.com/i/teamlogos/ncaa/500/26.png,https://a.espncdn.com/i/teamlogos/ncaa/500/2540.png,3,99,7,9,,,FALSE,1,,STATUS_FINAL,7,TRUE,3,"[{'abbreviation': 'Game', 'name': 'overall', 'summary': '2-0', 'type': 'total'}
 {'abbreviation': None, 'name': 'Home', 'summary': '1-0', 'type': 'home'}
 {'abbreviation': None, 'name': 'Road', 'summary': '0-0', 'type': 'road'}
 {'abbreviation': None, 'name': 'vs. Conf.', 'summary': '0-0', 'type': 'vsconf'}]",9,FALSE,99,"[{'abbreviation': 'Game', 'name': 'overall', 'summary': '1-1', 'type': 'total'}
 {'abbreviation': None, 'name': 'Home', 'summary': '1-0', 'type': 'home'}
 {'abbreviation': None, 'name': 'Road', 'summary': '0-1', 'type': 'road'}
 {'abbreviation': None, 'name': 'vs. Conf.', 'summary': '0-0', 'type': 'vsconf'}]",,,UCLA,UCSB,2774ae,1e1840,f2a900,febc11,UCLA,2774ae,f2a900,UCSB,1e1840,febc11,https://raw.githubusercontent.com/sportsdataverse/wehoop-wbb-raw/main/wbb/json/final/401830364.json,2025-11-06T19:30Z,TRUE,,
401819924,2025-11-06T00:30Z,Iowa State,Southern,Home,W,85,58,https://a.espncdn.com/i/teamlogos/ncaa/500/66.png,https://a.espncdn.com/i/teamlogos/ncaa/500/2582.png,14,99,8,26,,,FALSE,1,,STATUS_FINAL,8,TRUE,14,"[{'abbreviation': 'Game', 'name': 'overall', 'summary': '2-0', 'type': 'total'}
 {'abbreviation': None, 'name': 'Home', 'summary': '2-0', 'type': 'home'}
 {'abbreviation': None, 'name': 'Road', 'summary': '0-0', 'type': 'road'}
 {'abbreviation': None, 'name': 'vs. Conf.', 'summary': '0-0', 'type': 'vsconf'}]",26,FALSE,99,"[{'abbreviation': 'Game', 'name': 'overall', 'summary': '0-2', 'type': 'total'}
 {'abbreviation': None, 'name': 'Home', 'summary': '0-0', 'type': 'home'}
 {'abbreviation': None, 'name': 'Road', 'summary': '0-2', 'type': 'road'}
 {'abbreviation': None, 'name': 'vs. Conf.', 'summary': '0-0', 'type': 'vsconf'}]",,,ISU,SOU,ae192d,004B97,ffc72a,ffc82d,ISU,ae192d,ffc72a,SOU,004B97,ffc82d,https://raw.githubusercontent.com/sportsdataverse/wehoop-wbb-raw/main/wbb/json/final/401819924.json,2025-11-06T00:30Z,TRUE,,
401824188,2025-11-06T00:30Z,Oklahoma State,East Texas A&M,Home,W,97,59,https://a.espncdn.com/i/teamlogos/ncaa/500/197.png,https://a.espncdn.com/i/teamlogos/ncaa/500/2837.png,22,99,8,25,,,FALSE,1,,STATUS_FINAL,8,TRUE,22,"[{'abbreviation': 'Game', 'name': 'overall', 'summary': '2-0', 'type': 'total'}
 {'abbreviation': None, 'name': 'Home', 'summary': '2-0', 'type': 'home'}
 {'abbreviation': None, 'name': 'Road', 'summary': '0-0', 'type': 'road'}
 {'abbreviation': None, 'name': 'vs. Conf.', 'summary': '0-0', 'type': 'vsconf'}]",25,FALSE,99,"[{'abbreviation': 'Game', 'name': 'overall', 'summary': '1-1', 'type': 'total'}
 {'abbreviation': None, 'name': 'Home', 'summary': '1-0', 'type': 'home'}
 {'abbreviation': None, 'name': 'Road', 'summary': '0-1', 'type': 'road'}
 {'abbreviation': None, 'name': 'vs. Conf.', 'summary': '0-0', 'type': 'vsconf'}]",,,OKST,ETAM,fe5c00,0,0,,OKST,fe5c00,0,ETAM,0,,https://raw.githubusercontent.com/sportsdataverse/wehoop-wbb-raw/main/wbb/json/final/401824188.json,2025-11-06T00:30Z,TRUE,,
401819755,2025-11-06T00:00Z,Fairfield,Villanova,Away,W,75,63,https://a.espncdn.com/i/teamlogos/ncaa/500/2217.png,https://a.espncdn.com/i/teamlogos/ncaa/500/222.png,99,99,13,4,,,FALSE,1,,STATUS_FINAL,4,FALSE,99,"[{'abbreviation': 'Game', 'name': 'overall', 'summary': '1-1', 'type': 'total'}
 {'abbreviation': None, 'name': 'Home', 'summary': '1-1', 'type': 'home'}
 {'abbreviation': None, 'name': 'Road', 'summary': '0-0', 'type': 'road'}
 {'abbreviation': None, 'name': 'vs. Conf.', 'summary': '0-0', 'type': 'vsconf'}]",13,TRUE,99,"[{'abbreviation': 'Game', 'name': 'overall', 'summary': '1-0', 'type': 'total'}
 {'abbreviation': None, 'name': 'Home', 'summary': '0-0', 'type': 'home'}
 {'abbreviation': None, 'name': 'Road', 'summary': '1-0', 'type': 'road'}
 {'abbreviation': None, 'name': 'vs. Conf.', 'summary': '0-0', 'type': 'vsconf'}]",,,FAIR,VILL,0,00205b,ebebeb,13b5ea,VILL,00205b,13b5ea,FAIR,0,ebebeb,https://raw.githubusercontent.com/sportsdataverse/wehoop-wbb-raw/main/wbb/json/final/401819755.json,2025-11-06T00:00Z,TRUE,,
401819755,2025-11-06T00:00Z,Villanova,Fairfield,Home,L,63,75,https://a.espncdn.com/i/teamlogos/ncaa/500/222.png,https://a.espncdn.com/i/teamlogos/ncaa/500/2217.png,99,99,4,13,,,FALSE,1,,STATUS_FINAL,4,FALSE,99,"[{'abbreviation': 'Game', 'name': 'overall', 'summary': '1-1', 'type': 'total'}
 {'abbreviation': None, 'name': 'Home', 'summary': '1-1', 'type': 'home'}
 {'abbreviation': None, 'name': 'Road', 'summary': '0-0', 'type': 'road'}
 {'abbreviation': None, 'name': 'vs. Conf.', 'summary': '0-0', 'type': 'vsconf'}]",13,TRUE,99,"[{'abbreviation': 'Game', 'name': 'overall', 'summary': '1-0', 'type': 'total'}
 {'abbreviation': None, 'name': 'Home', 'summary': '0-0', 'type': 'home'}
 {'abbreviation': None, 'name': 'Road', 'summary': '1-0', 'type': 'road'}
 {'abbreviation': None, 'name': 'vs. Conf.', 'summary': '0-0', 'type': 'vsconf'}]",,,VILL,FAIR,00205b,0,13b5ea,ebebeb,VILL,00205b,13b5ea,FAIR,0,ebebeb,https://raw.githubusercontent.com/sportsdataverse/wehoop-wbb-raw/main/wbb/json/final/401819755.json,2025-11-06T00:00Z,TRUE,,
401812420,2025-11-06T00:00Z,Notre Dame,Fairleigh Dickinson,Home,W,98,52,https://a.espncdn.com/i/teamlogos/ncaa/500/87.png,https://a.espncdn.com/i/teamlogos/ncaa/500/161.png,15,99,2,19,,,FALSE,1,,STATUS_FINAL,2,TRUE,15,"[{'abbreviation': 'Game', 'name': 'overall', 'summary': '1-0', 'type': 'total'}
 {'abbreviation': None, 'name': 'Home', 'summary': '1-0', 'type': 'home'}
 {'abbreviation': None, 'name': 'Road', 'summary': '0-0', 'type': 'road'}
 {'abbreviation': None, 'name': 'vs. Conf.', 'summary': '0-0', 'type': 'vsconf'}]",19,FALSE,99,"[{'abbreviation': 'Game', 'name': 'overall', 'summary': '0-2', 'type': 'total'}
 {'abbreviation': None, 'name': 'Home', 'summary': '0-0', 'type': 'home'}
 {'abbreviation': None, 'name': 'Road', 'summary': '0-2', 'type': 'road'}
 {'abbreviation': None, 'name': 'vs. Conf.', 'summary': '0-0', 'type': 'vsconf'}]",,,ND,FDU,62340,72293c,c99700,28334a,ND,62340,c99700,FDU,72293c,28334a,https://raw.githubusercontent.com/sportsdataverse/wehoop-wbb-raw/main/wbb/json/final/401812420.json,2025-11-06T00:00Z,TRUE,,
401826672,2025-11-05T03:00Z,USC,New Mexico State,Home,W,87,48,https://a.espncdn.com/i/teamlogos/ncaa/500/30.png,https://a.espncdn.com/i/teamlogos/ncaa/500/166.png,18,99,7,11,,,FALSE,1,,STATUS_FINAL,7,TRUE,18,"[{'abbreviation': 'Game', 'name': 'overall', 'summary': '1-0', 'type': 'total'}
 {'abbreviation': None, 'name': 'Home', 'summary': '1-0', 'type': 'home'}
 {'abbreviation': None, 'name': 'Road', 'summary': '0-0', 'type': 'road'}
 {'abbreviation': None, 'name': 'vs. Conf.', 'summary': '0-0', 'type': 'vsconf'}]",11,FALSE,99,"[{'abbreviation': 'Game', 'name': 'overall', 'summary': '0-1', 'type': 'total'}
 {'abbreviation': None, 'name': 'Home', 'summary': '0-0', 'type': 'home'}
 {'abbreviation': None, 'name': 'Road', 'summary': '0-1', 'type': 'road'}
 {'abbreviation': None, 'name': 'vs. Conf.', 'summary': '0-0', 'type': 'vsconf'}]",,,USC,NMSU,9d2235,7e141b,ffc72c,231f20,USC,9d2235,ffc72c,NMSU,7e141b,231f20,https://raw.githubusercontent.com/sportsdataverse/wehoop-wbb-raw/main/wbb/json/final/401826672.json,2025-11-05T03:00Z,TRUE,,
401817371,2025-11-05T01:00Z,LSU,Houston Christian,Home,W,108,55,https://a.espncdn.com/i/teamlogos/ncaa/500/99.png,https://a.espncdn.com/i/teamlogos/ncaa/500/2277.png,5,99,23,25,,,FALSE,1,,STATUS_FINAL,23,TRUE,5,"[{'abbreviation': 'Game', 'name': 'overall', 'summary': '1-0', 'type': 'total'}
 {'abbreviation': None, 'name': 'Home', 'summary': '1-0', 'type': 'home'}
 {'abbreviation': None, 'name': 'Road', 'summary': '0-0', 'type': 'road'}
 {'abbreviation': None, 'name': 'vs. Conf.', 'summary': '0-0', 'type': 'vsconf'}]",25,FALSE,99,"[{'abbreviation': 'Game', 'name': 'overall', 'summary': '0-1', 'type': 'total'}
 {'abbreviation': None, 'name': 'Home', 'summary': '0-0', 'type': 'home'}
 {'abbreviation': None, 'name': 'Road', 'summary': '0-1', 'type': 'road'}
 {'abbreviation': None, 'name': 'vs. Conf.', 'summary': '0-0', 'type': 'vsconf'}]",,,LSU,HCU,461d76,00539c,fdd023,,LSU,461d76,fdd023,HCU,00539c,,https://raw.githubusercontent.com/sportsdataverse/wehoop-wbb-raw/main/wbb/json/final/401817371.json,2025-11-05T01:00Z,TRUE,,
401825986,2025-11-05T01:00Z,Minnesota,North Dakota,Home,W,91,47,https://a.espncdn.com/i/teamlogos/ncaa/500/135.png,https://a.espncdn.com/i/teamlogos/ncaa/500/155.png,99,99,7,47,,,FALSE,1,,STATUS_FINAL,7,TRUE,99,"[{'abbreviation': 'Game', 'name': 'overall', 'summary': '1-0', 'type': 'total'}
 {'abbreviation': None, 'name': 'Home', 'summary': '1-0', 'type': 'home'}
 {'abbreviation': None, 'name': 'Road', 'summary': '0-0', 'type': 'road'}
 {'abbreviation': None, 'name': 'vs. Conf.', 'summary': '0-0', 'type': 'vsconf'}]",47,FALSE,99,"[{'abbreviation': 'Game', 'name': 'overall', 'summary': '0-1', 'type': 'total'}
 {'abbreviation': None, 'name': 'Home', 'summary': '0-0', 'type': 'home'}
 {'abbreviation': None, 'name': 'Road', 'summary': '0-1', 'type': 'road'}
 {'abbreviation': None, 'name': 'vs. Conf.', 'summary': '0-0', 'type': 'vsconf'}]",,,MINN,UND,5e0a2f,00A26B,fab41c,c2c3c0,MINN,5e0a2f,fab41c,UND,00A26B,c2c3c0,https://raw.githubusercontent.com/sportsdataverse/wehoop-wbb-raw/main/wbb/json/final/401825986.json,2025-11-05T01:00Z,TRUE,,
401820298,2025-11-05T00:00Z,Syracuse,Stony Brook,Home,W,74,50,https://a.espncdn.com/i/teamlogos/ncaa/500/183.png,https://a.espncdn.com/i/teamlogos/ncaa/500/2619.png,99,99,2,10,,,FALSE,1,,STATUS_FINAL,2,TRUE,99,"[{'abbreviation': 'Game', 'name': 'overall', 'summary': '1-0', 'type': 'total'}
 {'abbreviation': None, 'name': 'Home', 'summary': '1-0', 'type': 'home'}
 {'abbreviation': None, 'name': 'Road', 'summary': '0-0', 'type': 'road'}
 {'abbreviation': None, 'name': 'vs. Conf.', 'summary': '0-0', 'type': 'vsconf'}]",10,FALSE,99,"[{'abbreviation': 'Game', 'name': 'overall', 'summary': '0-1', 'type': 'total'}
 {'abbreviation': None, 'name': 'Home', 'summary': '0-0', 'type': 'home'}
 {'abbreviation': None, 'name': 'Road', 'summary': '0-1', 'type': 'road'}
 {'abbreviation': None, 'name': 'vs. Conf.', 'summary': '0-0', 'type': 'vsconf'}]",,,SYR,STBK,0.00E+00,990000,ff431b,,SYR,0.00E+00,ff431b,STBK,990000,,https://raw.githubusercontent.com/sportsdataverse/wehoop-wbb-raw/main/wbb/json/final/401820298.json,2025-11-05T00:00Z,TRUE,,
401818616,2025-11-05T00:00Z,Illinois,Southeast Missouri State,Home,W,91,67,https://a.espncdn.com/i/teamlogos/ncaa/500/356.png,https://a.espncdn.com/i/teamlogos/ncaa/500/2546.png,99,99,7,20,,,FALSE,1,,STATUS_FINAL,7,TRUE,99,"[{'abbreviation': 'Game', 'name': 'overall', 'summary': '1-0', 'type': 'total'}
 {'abbreviation': None, 'name': 'Home', 'summary': '1-0', 'type': 'home'}
 {'abbreviation': None, 'name': 'Road', 'summary': '0-0', 'type': 'road'}
 {'abbreviation': None, 'name': 'vs. Conf.', 'summary': '0-0', 'type': 'vsconf'}]",20,FALSE,99,"[{'abbreviation': 'Game', 'name': 'overall', 'summary': '0-1', 'type': 'total'}
 {'abbreviation': None, 'name': 'Home', 'summary': '0-0', 'type': 'home'}
 {'abbreviation': None, 'name': 'Road', 'summary': '0-1', 'type': 'road'}
 {'abbreviation': None, 'name': 'vs. Conf.', 'summary': '0-0', 'type': 'vsconf'}]",,,ILL,SEMO,ff5f05,c8102e,13294b,0,ILL,ff5f05,13294b,SEMO,c8102e,0,https://raw.githubusercontent.com/sportsdataverse/wehoop-wbb-raw/main/wbb/json/final/401818616.json,2025-11-05T00:00Z,TRUE,,
401823668,2025-11-05T00:00Z,Virginia,Morgan State,Home,W,86,36,https://a.espncdn.com/i/teamlogos/ncaa/500/258.png,https://a.espncdn.com/i/teamlogos/ncaa/500/2415.png,99,99,2,16,,,FALSE,1,,STATUS_FINAL,2,TRUE,99,"[{'abbreviation': 'Game', 'name': 'overall', 'summary': '1-0', 'type': 'total'}
 {'abbreviation': None, 'name': 'Home', 'summary': '1-0', 'type': 'home'}
 {'abbreviation': None, 'name': 'Road', 'summary': '0-0', 'type': 'road'}
 {'abbreviation': None, 'name': 'vs. Conf.', 'summary': '0-0', 'type': 'vsconf'}]",16,FALSE,99,"[{'abbreviation': 'Game', 'name': 'overall', 'summary': '0-1', 'type': 'total'}
 {'abbreviation': None, 'name': 'Home', 'summary': '0-0', 'type': 'home'}
 {'abbreviation': None, 'name': 'Road', 'summary': '0-1', 'type': 'road'}
 {'abbreviation': None, 'name': 'vs. Conf.', 'summary': '0-0', 'type': 'vsconf'}]",,,UVA,MORG,f84c1e,14786,232d4b,f47937,UVA,f84c1e,232d4b,MORG,14786,f47937,https://raw.githubusercontent.com/sportsdataverse/wehoop-wbb-raw/main/wbb/json/final/401823668.json,2025-11-05T00:00Z,TRUE,,
401813871,2025-11-05T00:00Z,Michigan,Canisius,Home,W,100,40,https://a.espncdn.com/i/teamlogos/ncaa/500/130.png,https://a.espncdn.com/i/teamlogos/ncaa/500/2099.png,13,99,7,13,,,FALSE,1,,STATUS_FINAL,7,TRUE,13,"[{'abbreviation': 'Game', 'name': 'overall', 'summary': '1-0', 'type': 'total'}
 {'abbreviation': None, 'name': 'Home', 'summary': '1-0', 'type': 'home'}
 {'abbreviation': None, 'name': 'Road', 'summary': '0-0', 'type': 'road'}
 {'abbreviation': None, 'name': 'vs. Conf.', 'summary': '0-0', 'type': 'vsconf'}]",13,FALSE,99,"[{'abbreviation': 'Game', 'name': 'overall', 'summary': '0-1', 'type': 'total'}
 {'abbreviation': None, 'name': 'Home', 'summary': '0-0', 'type': 'home'}
 {'abbreviation': None, 'name': 'Road', 'summary': '0-1', 'type': 'road'}
 {'abbreviation': None, 'name': 'vs. Conf.', 'summary': '0-0', 'type': 'vsconf'}]",,,MICH,CAN,00274c,004a81,ffcb05,dda50f,MICH,00274c,ffcb05,CAN,004a81,dda50f,https://raw.githubusercontent.com/sportsdataverse/wehoop-wbb-raw/main/wbb/json/final/401813871.json,2025-11-05T00:00Z,TRUE,,
401825822,2025-11-04T23:30Z,Michigan State,Mercyhurst,Home,W,125,39,https://a.espncdn.com/i/teamlogos/ncaa/500/127.png,https://a.espncdn.com/i/teamlogos/ncaa/500/2385.png,23,99,7,19,,,FALSE,1,,STATUS_FINAL,7,TRUE,23,"[{'abbreviation': 'Game', 'name': 'overall', 'summary': '1-0', 'type': 'total'}
 {'abbreviation': None, 'name': 'Home', 'summary': '1-0', 'type': 'home'}
 {'abbreviation': None, 'name': 'Road', 'summary': '0-0', 'type': 'road'}
 {'abbreviation': None, 'name': 'vs. Conf.', 'summary': '0-0', 'type': 'vsconf'}]",19,FALSE,99,"[{'abbreviation': 'Game', 'name': 'overall', 'summary': '0-1', 'type': 'total'}
 {'abbreviation': None, 'name': 'Home', 'summary': '0-0', 'type': 'home'}
 {'abbreviation': None, 'name': 'Road', 'summary': '0-1', 'type': 'road'}
 {'abbreviation': None, 'name': 'vs. Conf.', 'summary': '0-0', 'type': 'vsconf'}]",,,MSU,MERC,173f35,0,ffffff,,MSU,173f35,ffffff,MERC,0,,https://raw.githubusercontent.com/sportsdataverse/wehoop-wbb-raw/main/wbb/json/final/401825822.json,2025-11-04T23:30Z,TRUE,,
401819741,2025-11-04T23:00Z,Virginia Tech,Towson,Home,W,100,56,https://a.espncdn.com/i/teamlogos/ncaa/500/259.png,https://a.espncdn.com/i/teamlogos/ncaa/500/119.png,99,99,2,10,,,FALSE,1,,STATUS_FINAL,2,TRUE,99,"[{'abbreviation': 'Game', 'name': 'overall', 'summary': '1-0', 'type': 'total'}
 {'abbreviation': None, 'name': 'Home', 'summary': '1-0', 'type': 'home'}
 {'abbreviation': None, 'name': 'Road', 'summary': '0-0', 'type': 'road'}
 {'abbreviation': None, 'name': 'vs. Conf.', 'summary': '0-0', 'type': 'vsconf'}]",10,FALSE,99,"[{'abbreviation': 'Game', 'name': 'overall', 'summary': '0-1', 'type': 'total'}
 {'abbreviation': None, 'name': 'Home', 'summary': '0-0', 'type': 'home'}
 {'abbreviation': None, 'name': 'Road', 'summary': '0-1', 'type': 'road'}
 {'abbreviation': None, 'name': 'vs. Conf.', 'summary': '0-0', 'type': 'vsconf'}]",,,VT,TOW,6a2c3e,FFC229,cf4520,,VT,6a2c3e,cf4520,TOW,FFC229,,https://raw.githubusercontent.com/sportsdataverse/wehoop-wbb-raw/main/wbb/json/final/401819741.json,2025-11-04T23:00Z,TRUE,,
401813906,2025-11-04T23:00Z,Richmond,Mount St. Mary's,Home,W,83,49,https://a.espncdn.com/i/teamlogos/ncaa/500/257.png,https://a.espncdn.com/i/teamlogos/ncaa/500/116.png,24,99,3,13,,,FALSE,1,,STATUS_FINAL,3,TRUE,24,"[{'abbreviation': 'Game', 'name': 'overall', 'summary': '1-0', 'type': 'total'}
 {'abbreviation': None, 'name': 'Home', 'summary': '1-0', 'type': 'home'}
 {'abbreviation': None, 'name': 'Road', 'summary': '0-0', 'type': 'road'}
 {'abbreviation': None, 'name': 'vs. Conf.', 'summary': '0-0', 'type': 'vsconf'}]",13,FALSE,99,"[{'abbreviation': 'Game', 'name': 'overall', 'summary': '0-1', 'type': 'total'}
 {'abbreviation': None, 'name': 'Home', 'summary': '0-0', 'type': 'home'}
 {'abbreviation': None, 'name': 'Road', 'summary': '0-1', 'type': 'road'}
 {'abbreviation': None, 'name': 'vs. Conf.', 'summary': '0-0', 'type': 'vsconf'}]",,,RICH,MSM,9e0712,5596,b90b2e,ebebeb,RICH,9e0712,b90b2e,MSM,5596,ebebeb,https://raw.githubusercontent.com/sportsdataverse/wehoop-wbb-raw/main/wbb/json/final/401813906.json,2025-11-04T23:00Z,TRUE,,
401817381,2025-11-04T22:30Z,UConn,Louisville,Neutral,W,79,66,https://a.espncdn.com/i/teamlogos/ncaa/500/41.png,https://a.espncdn.com/i/teamlogos/ncaa/500/97.png,1,20,4,2,,,FALSE,1,Peraton Armed Forces Classic,STATUS_FINAL,4,TRUE,1,"[{'abbreviation': 'Game', 'name': 'overall', 'summary': '1-0', 'type': 'total'}
 {'abbreviation': None, 'name': 'Home', 'summary': '0-0', 'type': 'home'}
 {'abbreviation': None, 'name': 'Road', 'summary': '0-0', 'type': 'road'}
 {'abbreviation': None, 'name': 'vs. Conf.', 'summary': '0-0', 'type': 'vsconf'}]",2,FALSE,20,"[{'abbreviation': 'Game', 'name': 'overall', 'summary': '0-1', 'type': 'total'}
 {'abbreviation': None, 'name': 'Home', 'summary': '0-0', 'type': 'home'}
 {'abbreviation': None, 'name': 'Road', 'summary': '0-0', 'type': 'road'}
 {'abbreviation': None, 'name': 'vs. Conf.', 'summary': '0-0', 'type': 'vsconf'}]",,,CONN,LOU,0c2340,c9001f,a2aaad,ffffff,CONN,0c2340,a2aaad,LOU,c9001f,ffffff,https://raw.githubusercontent.com/sportsdataverse/wehoop-wbb-raw/main/wbb/json/final/401817381.json,2025-11-04T22:30Z,TRUE,,
401817381,2025-11-04T22:30Z,Louisville,UConn,Neutral,L,66,79,https://a.espncdn.com/i/teamlogos/ncaa/500/97.png,https://a.espncdn.com/i/teamlogos/ncaa/500/41.png,20,1,2,4,,,FALSE,1,Peraton Armed Forces Classic,STATUS_FINAL,4,TRUE,1,"[{'abbreviation': 'Game', 'name': 'overall', 'summary': '1-0', 'type': 'total'}
 {'abbreviation': None, 'name': 'Home', 'summary': '0-0', 'type': 'home'}
 {'abbreviation': None, 'name': 'Road', 'summary': '0-0', 'type': 'road'}
 {'abbreviation': None, 'name': 'vs. Conf.', 'summary': '0-0', 'type': 'vsconf'}]",2,FALSE,20,"[{'abbreviation': 'Game', 'name': 'overall', 'summary': '0-1', 'type': 'total'}
 {'abbreviation': None, 'name': 'Home', 'summary': '0-0', 'type': 'home'}
 {'abbreviation': None, 'name': 'Road', 'summary': '0-0', 'type': 'road'}
 {'abbreviation': None, 'name': 'vs. Conf.', 'summary': '0-0', 'type': 'vsconf'}]",,,LOU,CONN,c9001f,0c2340,ffffff,a2aaad,CONN,0c2340,a2aaad,LOU,c9001f,ffffff,https://raw.githubusercontent.com/sportsdataverse/wehoop-wbb-raw/main/wbb/json/final/401817381.json,2025-11-04T22:30Z,TRUE,,
401817573,2025-11-04T21:00Z,NC State,Tennessee,Neutral,W,80,77,https://a.espncdn.com/i/teamlogos/ncaa/500/152.png,https://a.espncdn.com/i/teamlogos/ncaa/500/2633_ncw.png,9,8,2,23,,,FALSE,1,Ro Greensboro Invitational,STATUS_FINAL,2,TRUE,9,"[{'abbreviation': 'Game', 'name': 'overall', 'summary': '1-0', 'type': 'total'}
 {'abbreviation': None, 'name': 'Home', 'summary': '0-0', 'type': 'home'}
 {'abbreviation': None, 'name': 'Road', 'summary': '0-0', 'type': 'road'}
 {'abbreviation': None, 'name': 'vs. Conf.', 'summary': '0-0', 'type': 'vsconf'}]",23,FALSE,8,"[{'abbreviation': 'Game', 'name': 'overall', 'summary': '0-1', 'type': 'total'}
 {'abbreviation': None, 'name': 'Home', 'summary': '0-0', 'type': 'home'}
 {'abbreviation': None, 'name': 'Road', 'summary': '0-0', 'type': 'road'}
 {'abbreviation': None, 'name': 'vs. Conf.', 'summary': '0-0', 'type': 'vsconf'}]",,,NCSU,TENN,cc0000,ff8200,ffffff,ffffff,NCSU,cc0000,ffffff,TENN,ff8200,ffffff,https://raw.githubusercontent.com/sportsdataverse/wehoop-wbb-raw/main/wbb/json/final/401817573.json,2025-11-04T21:00Z,TRUE,,
401817573,2025-11-04T21:00Z,Tennessee,NC State,Neutral,L,77,80,https://a.espncdn.com/i/teamlogos/ncaa/500/2633_ncw.png,https://a.espncdn.com/i/teamlogos/ncaa/500/152.png,8,9,23,2,,,FALSE,1,Ro Greensboro Invitational,STATUS_FINAL,2,TRUE,9,"[{'abbreviation': 'Game', 'name': 'overall', 'summary': '1-0', 'type': 'total'}
 {'abbreviation': None, 'name': 'Home', 'summary': '0-0', 'type': 'home'}
 {'abbreviation': None, 'name': 'Road', 'summary': '0-0', 'type': 'road'}
 {'abbreviation': None, 'name': 'vs. Conf.', 'summary': '0-0', 'type': 'vsconf'}]",23,FALSE,8,"[{'abbreviation': 'Game', 'name': 'overall', 'summary': '0-1', 'type': 'total'}
 {'abbreviation': None, 'name': 'Home', 'summary': '0-0', 'type': 'home'}
 {'abbreviation': None, 'name': 'Road', 'summary': '0-0', 'type': 'road'}
 {'abbreviation': None, 'name': 'vs. Conf.', 'summary': '0-0', 'type': 'vsconf'}]",,,TENN,NCSU,ff8200,cc0000,ffffff,ffffff,NCSU,cc0000,ffffff,TENN,ff8200,ffffff,https://raw.githubusercontent.com/sportsdataverse/wehoop-wbb-raw/main/wbb/json/final/401817573.json,2025-11-04T21:00Z,TRUE,,
401819603,2025-11-04T03:00Z,Stanford,UNC Greensboro,Home,W,87,42,https://a.espncdn.com/i/teamlogos/ncaa/500/24.png,https://a.espncdn.com/i/teamlogos/ncaa/500/2430.png,99,99,2,24,,,FALSE,1,,STATUS_FINAL,2,TRUE,99,"[{'abbreviation': 'Game', 'name': 'overall', 'summary': '1-0', 'type': 'total'}
 {'abbreviation': None, 'name': 'Home', 'summary': '1-0', 'type': 'home'}
 {'abbreviation': None, 'name': 'Road', 'summary': '0-0', 'type': 'road'}
 {'abbreviation': None, 'name': 'vs. Conf.', 'summary': '0-0', 'type': 'vsconf'}]",24,FALSE,99,"[{'abbreviation': 'Game', 'name': 'overall', 'summary': '0-1', 'type': 'total'}
 {'abbreviation': None, 'name': 'Home', 'summary': '0-0', 'type': 'home'}
 {'abbreviation': None, 'name': 'Road', 'summary': '0-1', 'type': 'road'}
 {'abbreviation': None, 'name': 'vs. Conf.', 'summary': '0-0', 'type': 'vsconf'}]",,,STAN,UNCG,8c1515,3559,ffffff,ffd90a,STAN,8c1515,ffffff,UNCG,3559,ffd90a,https://raw.githubusercontent.com/sportsdataverse/wehoop-wbb-raw/main/wbb/json/final/401819603.json,2025-11-04T03:00Z,TRUE,,
401822217,2025-11-04T03:00Z,UCLA,San Diego State,Neutral,W,77,53,https://a.espncdn.com/i/teamlogos/ncaa/500/26.png,https://a.espncdn.com/i/teamlogos/ncaa/500/21.png,3,99,7,44,,,FALSE,1,,STATUS_FINAL,44,FALSE,99,"[{'abbreviation': 'Game', 'name': 'overall', 'summary': '0-1', 'type': 'total'}
 {'abbreviation': None, 'name': 'Home', 'summary': '0-0', 'type': 'home'}
 {'abbreviation': None, 'name': 'Road', 'summary': '0-0', 'type': 'road'}
 {'abbreviation': None, 'name': 'vs. Conf.', 'summary': '0-0', 'type': 'vsconf'}]",7,TRUE,3,"[{'abbreviation': 'Game', 'name': 'overall', 'summary': '1-0', 'type': 'total'}
 {'abbreviation': None, 'name': 'Home', 'summary': '0-0', 'type': 'home'}
 {'abbreviation': None, 'name': 'Road', 'summary': '0-0', 'type': 'road'}
 {'abbreviation': None, 'name': 'vs. Conf.', 'summary': '0-0', 'type': 'vsconf'}]",,,UCLA,SDSU,2774ae,a6192e,f2a900,0,SDSU,a6192e,0,UCLA,2774ae,f2a900,https://raw.githubusercontent.com/sportsdataverse/wehoop-wbb-raw/main/wbb/json/final/401822217.json,2025-11-04T03:00Z,TRUE,,
401818674,2025-11-04T02:00Z,Oregon,West Georgia,Home,W,100,59,https://a.espncdn.com/i/teamlogos/ncaa/500/2483.png,https://a.espncdn.com/i/teamlogos/ncaa/500/2698.png,99,99,7,46,,,FALSE,1,,STATUS_FINAL,7,TRUE,99,"[{'abbreviation': 'Game', 'name': 'overall', 'summary': '1-0', 'type': 'total'}
 {'abbreviation': None, 'name': 'Home', 'summary': '1-0', 'type': 'home'}
 {'abbreviation': None, 'name': 'Road', 'summary': '0-0', 'type': 'road'}
 {'abbreviation': None, 'name': 'vs. Conf.', 'summary': '0-0', 'type': 'vsconf'}]",46,FALSE,99,"[{'abbreviation': 'Game', 'name': 'overall', 'summary': '0-1', 'type': 'total'}
 {'abbreviation': None, 'name': 'Home', 'summary': '0-0', 'type': 'home'}
 {'abbreviation': None, 'name': 'Road', 'summary': '0-1', 'type': 'road'}
 {'abbreviation': None, 'name': 'vs. Conf.', 'summary': '0-0', 'type': 'vsconf'}]",,,ORE,WGA,00934b,0033a1,fff41b,db1a21,ORE,00934b,fff41b,WGA,0033a1,db1a21,https://raw.githubusercontent.com/sportsdataverse/wehoop-wbb-raw/main/wbb/json/final/401818674.json,2025-11-04T02:00Z,TRUE,,
401826676,2025-11-04T01:00Z,Washington,Seattle U,Home,W,90,43,https://a.espncdn.com/i/teamlogos/ncaa/500/264.png,https://a.espncdn.com/i/teamlogos/ncaa/500/2547.png,99,99,7,29,,,FALSE,1,,STATUS_FINAL,7,TRUE,99,"[{'abbreviation': 'Game', 'name': 'overall', 'summary': '1-0', 'type': 'total'}
 {'abbreviation': None, 'name': 'Home', 'summary': '1-0', 'type': 'home'}
 {'abbreviation': None, 'name': 'Road', 'summary': '0-0', 'type': 'road'}
 {'abbreviation': None, 'name': 'vs. Conf.', 'summary': '0-0', 'type': 'vsconf'}]",29,FALSE,99,"[{'abbreviation': 'Game', 'name': 'overall', 'summary': '0-1', 'type': 'total'}
 {'abbreviation': None, 'name': 'Home', 'summary': '0-0', 'type': 'home'}
 {'abbreviation': None, 'name': 'Road', 'summary': '0-1', 'type': 'road'}
 {'abbreviation': None, 'name': 'vs. Conf.', 'summary': '0-0', 'type': 'vsconf'}]",,,WASH,SEA,33006f,BF2E1A,e8d3a2,c2c3c0,WASH,33006f,e8d3a2,SEA,BF2E1A,c2c3c0,https://raw.githubusercontent.com/sportsdataverse/wehoop-wbb-raw/main/wbb/json/final/401826676.json,2025-11-04T01:00Z,TRUE,,
401809048,2025-11-04T01:00Z,Texas,Incarnate Word,Home,W,123,51,https://a.espncdn.com/i/teamlogos/ncaa/500/251.png,https://a.espncdn.com/i/teamlogos/ncaa/500/2916.png,4,99,23,25,,,FALSE,1,,STATUS_FINAL,23,TRUE,4,"[{'abbreviation': 'Game', 'name': 'overall', 'summary': '1-0', 'type': 'total'}
 {'abbreviation': None, 'name': 'Home', 'summary': '1-0', 'type': 'home'}
 {'abbreviation': None, 'name': 'Road', 'summary': '0-0', 'type': 'road'}
 {'abbreviation': None, 'name': 'vs. Conf.', 'summary': '0-0', 'type': 'vsconf'}]",25,FALSE,99,"[{'abbreviation': 'Game', 'name': 'overall', 'summary': '0-1', 'type': 'total'}
 {'abbreviation': None, 'name': 'Home', 'summary': '0-0', 'type': 'home'}
 {'abbreviation': None, 'name': 'Road', 'summary': '0-1', 'type': 'road'}
 {'abbreviation': None, 'name': 'vs. Conf.', 'summary': '0-0', 'type': 'vsconf'}]",,,TEX,UIW,af5c37,0,ffffff,80808,TEX,af5c37,ffffff,UIW,0,80808,https://raw.githubusercontent.com/sportsdataverse/wehoop-wbb-raw/main/wbb/json/final/401809048.json,2025-11-04T01:00Z,TRUE,,
401822271,2025-11-04T00:30Z,Mississippi State,Davidson,Home,W,66,57,https://a.espncdn.com/i/teamlogos/ncaa/500/344.png,https://a.espncdn.com/i/teamlogos/ncaa/500/2166.png,99,99,23,3,,,FALSE,1,,STATUS_FINAL,23,TRUE,99,"[{'abbreviation': 'Game', 'name': 'overall', 'summary': '1-0', 'type': 'total'}
 {'abbreviation': None, 'name': 'Home', 'summary': '1-0', 'type': 'home'}
 {'abbreviation': None, 'name': 'Road', 'summary': '0-0', 'type': 'road'}
 {'abbreviation': None, 'name': 'vs. Conf.', 'summary': '0-0', 'type': 'vsconf'}]",3,FALSE,99,"[{'abbreviation': 'Game', 'name': 'overall', 'summary': '0-1', 'type': 'total'}
 {'abbreviation': None, 'name': 'Home', 'summary': '0-0', 'type': 'home'}
 {'abbreviation': None, 'name': 'Road', 'summary': '0-1', 'type': 'road'}
 {'abbreviation': None, 'name': 'vs. Conf.', 'summary': '0-0', 'type': 'vsconf'}]",,,MSST,DAV,5d1725,0,c1c6c8,e51837,MSST,5d1725,c1c6c8,DAV,0,e51837,https://raw.githubusercontent.com/sportsdataverse/wehoop-wbb-raw/main/wbb/json/final/401822271.json,2025-11-04T00:30Z,TRUE,,
401818626,2025-11-04T00:30Z,Iowa,Southern,Home,W,86,51,https://a.espncdn.com/i/teamlogos/ncaa/500/2294.png,https://a.espncdn.com/i/teamlogos/ncaa/500/2582.png,21,99,7,26,,,FALSE,1,,STATUS_FINAL,7,TRUE,21,"[{'abbreviation': 'Game', 'name': 'overall', 'summary': '1-0', 'type': 'total'}
 {'abbreviation': None, 'name': 'Home', 'summary': '1-0', 'type': 'home'}
 {'abbreviation': None, 'name': 'Road', 'summary': '0-0', 'type': 'road'}
 {'abbreviation': None, 'name': 'vs. Conf.', 'summary': '0-0', 'type': 'vsconf'}]",26,FALSE,99,"[{'abbreviation': 'Game', 'name': 'overall', 'summary': '0-1', 'type': 'total'}
 {'abbreviation': None, 'name': 'Home', 'summary': '0-0', 'type': 'home'}
 {'abbreviation': None, 'name': 'Road', 'summary': '0-1', 'type': 'road'}
 {'abbreviation': None, 'name': 'vs. Conf.', 'summary': '0-0', 'type': 'vsconf'}]",,,IOWA,SOU,231f20,004B97,fcd116,ffc82d,IOWA,231f20,fcd116,SOU,004B97,ffc82d,https://raw.githubusercontent.com/sportsdataverse/wehoop-wbb-raw/main/wbb/json/final/401818626.json,2025-11-04T00:30Z,TRUE,,
401807941,2025-11-04T00:30Z,Oklahoma State,New Orleans,Home,W,109,48,https://a.espncdn.com/i/teamlogos/ncaa/500/197.png,https://a.espncdn.com/i/teamlogos/ncaa/500/2443.png,22,99,8,25,,,FALSE,1,,STATUS_FINAL,8,TRUE,22,"[{'abbreviation': 'Game', 'name': 'overall', 'summary': '1-0', 'type': 'total'}
 {'abbreviation': None, 'name': 'Home', 'summary': '1-0', 'type': 'home'}
 {'abbreviation': None, 'name': 'Road', 'summary': '0-0', 'type': 'road'}
 {'abbreviation': None, 'name': 'vs. Conf.', 'summary': '0-0', 'type': 'vsconf'}]",25,FALSE,99,"[{'abbreviation': 'Game', 'name': 'overall', 'summary': '0-1', 'type': 'total'}
 {'abbreviation': None, 'name': 'Home', 'summary': '0-0', 'type': 'home'}
 {'abbreviation': None, 'name': 'Road', 'summary': '0-1', 'type': 'road'}
 {'abbreviation': None, 'name': 'vs. Conf.', 'summary': '0-0', 'type': 'vsconf'}]",,,OKST,UNO,fe5c00,005da6,0,a2a9ae,OKST,fe5c00,0,UNO,005da6,a2a9ae,https://raw.githubusercontent.com/sportsdataverse/wehoop-wbb-raw/main/wbb/json/final/401807941.json,2025-11-04T00:30Z,TRUE,,
401813825,2025-11-04T00:00Z,Rhode Island,Manhattan,Away,W,56,38,https://a.espncdn.com/i/teamlogos/ncaa/500/227.png,https://a.espncdn.com/i/teamlogos/ncaa/500/2363.png,99,99,3,13,,,FALSE,1,,STATUS_FINAL,13,FALSE,99,"[{'abbreviation': 'Game', 'name': 'overall', 'summary': '0-1', 'type': 'total'}
 {'abbreviation': None, 'name': 'Home', 'summary': '0-1', 'type': 'home'}
 {'abbreviation': None, 'name': 'Road', 'summary': '0-0', 'type': 'road'}
 {'abbreviation': None, 'name': 'vs. Conf.', 'summary': '0-0', 'type': 'vsconf'}]",3,TRUE,99,"[{'abbreviation': 'Game', 'name': 'overall', 'summary': '1-0', 'type': 'total'}
 {'abbreviation': None, 'name': 'Home', 'summary': '0-0', 'type': 'home'}
 {'abbreviation': None, 'name': 'Road', 'summary': '1-0', 'type': 'road'}
 {'abbreviation': None, 'name': 'vs. Conf.', 'summary': '0-0', 'type': 'vsconf'}]",,,URI,MAN,091f3f,4f8537,5ab3e8,b5b7ba,MAN,4f8537,b5b7ba,URI,091f3f,5ab3e8,https://raw.githubusercontent.com/sportsdataverse/wehoop-wbb-raw/main/wbb/json/final/401813825.json,2025-11-04T00:00Z,TRUE,,
401825726,2025-11-04T00:00Z,Villanova,Lafayette,Home,W,70,38,https://a.espncdn.com/i/teamlogos/ncaa/500/222.png,https://a.espncdn.com/i/teamlogos/ncaa/500/322.png,99,99,4,22,,,FALSE,1,,STATUS_FINAL,4,TRUE,99,"[{'abbreviation': 'Game', 'name': 'overall', 'summary': '1-0', 'type': 'total'}
 {'abbreviation': None, 'name': 'Home', 'summary': '1-0', 'type': 'home'}
 {'abbreviation': None, 'name': 'Road', 'summary': '0-0', 'type': 'road'}
 {'abbreviation': None, 'name': 'vs. Conf.', 'summary': '0-0', 'type': 'vsconf'}]",22,FALSE,99,"[{'abbreviation': 'Game', 'name': 'overall', 'summary': '0-1', 'type': 'total'}
 {'abbreviation': None, 'name': 'Home', 'summary': '0-0', 'type': 'home'}
 {'abbreviation': None, 'name': 'Road', 'summary': '0-1', 'type': 'road'}
 {'abbreviation': None, 'name': 'vs. Conf.', 'summary': '0-0', 'type': 'vsconf'}]",,,VILL,LAF,00205b,790000,13b5ea,a59474,VILL,00205b,13b5ea,LAF,790000,a59474,https://raw.githubusercontent.com/sportsdataverse/wehoop-wbb-raw/main/wbb/json/final/401825726.json,2025-11-04T00:00Z,TRUE,,
401818636,2025-11-04T00:00Z,Maryland,Loyola Maryland,Home,W,80,26,https://a.espncdn.com/i/teamlogos/ncaa/500/120.png,https://a.espncdn.com/i/teamlogos/ncaa/500/2352.png,10,99,7,22,,,FALSE,1,,STATUS_FINAL,7,TRUE,10,"[{'abbreviation': 'Game', 'name': 'overall', 'summary': '1-0', 'type': 'total'}
 {'abbreviation': None, 'name': 'Home', 'summary': '1-0', 'type': 'home'}
 {'abbreviation': None, 'name': 'Road', 'summary': '0-0', 'type': 'road'}
 {'abbreviation': None, 'name': 'vs. Conf.', 'summary': '0-0', 'type': 'vsconf'}]",22,FALSE,99,"[{'abbreviation': 'Game', 'name': 'overall', 'summary': '0-1', 'type': 'total'}
 {'abbreviation': None, 'name': 'Home', 'summary': '0-0', 'type': 'home'}
 {'abbreviation': None, 'name': 'Road', 'summary': '0-1', 'type': 'road'}
 {'abbreviation': None, 'name': 'vs. Conf.', 'summary': '0-0', 'type': 'vsconf'}]",,,MD,L-MD,ce1126,76a7a0,ffffff,c9cbca,MD,ce1126,ffffff,L-MD,76a7a0,c9cbca,https://raw.githubusercontent.com/sportsdataverse/wehoop-wbb-raw/main/wbb/json/final/401818636.json,2025-11-04T00:00Z,TRUE,,
401811123,2025-11-04T00:00Z,South Carolina,Grand Canyon,Home,W,94,54,https://a.espncdn.com/i/teamlogos/ncaa/500/2579.png,https://a.espncdn.com/i/teamlogos/ncaa/500/2253.png,2,99,23,44,,,FALSE,1,,STATUS_FINAL,23,TRUE,2,"[{'abbreviation': 'Game', 'name': 'overall', 'summary': '1-0', 'type': 'total'}
 {'abbreviation': None, 'name': 'Home', 'summary': '1-0', 'type': 'home'}
 {'abbreviation': None, 'name': 'Road', 'summary': '0-0', 'type': 'road'}
 {'abbreviation': None, 'name': 'vs. Conf.', 'summary': '0-0', 'type': 'vsconf'}]",44,FALSE,99,"[{'abbreviation': 'Game', 'name': 'overall', 'summary': '0-1', 'type': 'total'}
 {'abbreviation': None, 'name': 'Home', 'summary': '0-0', 'type': 'home'}
 {'abbreviation': None, 'name': 'Road', 'summary': '0-1', 'type': 'road'}
 {'abbreviation': None, 'name': 'vs. Conf.', 'summary': '0-0', 'type': 'vsconf'}]",,,SC,GCU,73000a,522398,0,ffffff,SC,73000a,0,GCU,522398,ffffff,https://raw.githubusercontent.com/sportsdataverse/wehoop-wbb-raw/main/wbb/json/final/401811123.json,2025-11-04T00:00Z,TRUE,,
401822977,2025-11-04T00:00Z,West Virginia,Purdue Fort Wayne,Home,W,83,47,https://a.espncdn.com/i/teamlogos/ncaa/500/277.png,https://a.espncdn.com/i/teamlogos/ncaa/500/2870.png,99,99,8,45,,,FALSE,1,,STATUS_FINAL,8,TRUE,99,"[{'abbreviation': 'Game', 'name': 'overall', 'summary': '1-0', 'type': 'total'}
 {'abbreviation': None, 'name': 'Home', 'summary': '1-0', 'type': 'home'}
 {'abbreviation': None, 'name': 'Road', 'summary': '0-0', 'type': 'road'}
 {'abbreviation': None, 'name': 'vs. Conf.', 'summary': '0-0', 'type': 'vsconf'}]",45,FALSE,99,"[{'abbreviation': 'Game', 'name': 'overall', 'summary': '0-1', 'type': 'total'}
 {'abbreviation': None, 'name': 'Home', 'summary': '0-0', 'type': 'home'}
 {'abbreviation': None, 'name': 'Road', 'summary': '0-1', 'type': 'road'}
 {'abbreviation': None, 'name': 'vs. Conf.', 'summary': '0-0', 'type': 'vsconf'}]",,,WVU,PFW,eaaa00,cfb991,2855,0,WVU,eaaa00,2855,PFW,cfb991,0,https://raw.githubusercontent.com/sportsdataverse/wehoop-wbb-raw/main/wbb/json/final/401822977.json,2025-11-04T00:00Z,TRUE,,
401818515,2025-11-04T00:00Z,Florida,North Florida,Home,W,96,62,https://a.espncdn.com/i/teamlogos/ncaa/500/57.png,https://a.espncdn.com/i/teamlogos/ncaa/500/2454.png,99,99,23,46,,,FALSE,1,,STATUS_FINAL,23,TRUE,99,"[{'abbreviation': 'Game', 'name': 'overall', 'summary': '1-0', 'type': 'total'}
 {'abbreviation': None, 'name': 'Home', 'summary': '1-0', 'type': 'home'}
 {'abbreviation': None, 'name': 'Road', 'summary': '0-0', 'type': 'road'}
 {'abbreviation': None, 'name': 'vs. Conf.', 'summary': '0-0', 'type': 'vsconf'}]",46,FALSE,99,"[{'abbreviation': 'Game', 'name': 'overall', 'summary': '0-1', 'type': 'total'}
 {'abbreviation': None, 'name': 'Home', 'summary': '0-0', 'type': 'home'}
 {'abbreviation': None, 'name': 'Road', 'summary': '0-1', 'type': 'road'}
 {'abbreviation': None, 'name': 'vs. Conf.', 'summary': '0-0', 'type': 'vsconf'}]",,,FLA,UNF,0021a5,004B8D,fa4616,babcbe,FLA,0021a5,fa4616,UNF,004B8D,babcbe,https://raw.githubusercontent.com/sportsdataverse/wehoop-wbb-raw/main/wbb/json/final/401818515.json,2025-11-04T00:00Z,TRUE,,
401813787,2025-11-04T00:00Z,Texas Tech,North Carolina A&T,Home,W,78,40,https://a.espncdn.com/i/teamlogos/ncaa/500/2641.png,https://a.espncdn.com/i/teamlogos/ncaa/500/2448.png,99,99,8,10,,,FALSE,1,,STATUS_FINAL,8,TRUE,99,"[{'abbreviation': 'Game', 'name': 'overall', 'summary': '1-0', 'type': 'total'}
 {'abbreviation': None, 'name': 'Home', 'summary': '1-0', 'type': 'home'}
 {'abbreviation': None, 'name': 'Road', 'summary': '0-0', 'type': 'road'}
 {'abbreviation': None, 'name': 'vs. Conf.', 'summary': '0-0', 'type': 'vsconf'}]",10,FALSE,99,"[{'abbreviation': 'Game', 'name': 'overall', 'summary': '0-1', 'type': 'total'}
 {'abbreviation': None, 'name': 'Home', 'summary': '0-0', 'type': 'home'}
 {'abbreviation': None, 'name': 'Road', 'summary': '0-1', 'type': 'road'}
 {'abbreviation': None, 'name': 'vs. Conf.', 'summary': '0-0', 'type': 'vsconf'}]",,,TTU,NCAT,da291c,0505aa,0,4684,TTU,da291c,0,NCAT,0505aa,4684,https://raw.githubusercontent.com/sportsdataverse/wehoop-wbb-raw/main/wbb/json/final/401813787.json,2025-11-04T00:00Z,TRUE,,
401818576,2025-11-03T23:30Z,Kentucky,Morehead State,Home,W,75,59,https://a.espncdn.com/i/teamlogos/ncaa/500/96.png,https://a.espncdn.com/i/teamlogos/ncaa/500/2413.png,24,99,23,20,,,FALSE,1,,STATUS_FINAL,23,TRUE,24,"[{'abbreviation': 'Game', 'name': 'overall', 'summary': '1-0', 'type': 'total'}
 {'abbreviation': None, 'name': 'Home', 'summary': '1-0', 'type': 'home'}
 {'abbreviation': None, 'name': 'Road', 'summary': '0-0', 'type': 'road'}
 {'abbreviation': None, 'name': 'vs. Conf.', 'summary': '0-0', 'type': 'vsconf'}]",20,FALSE,99,"[{'abbreviation': 'Game', 'name': 'overall', 'summary': '0-1', 'type': 'total'}
 {'abbreviation': None, 'name': 'Home', 'summary': '0-0', 'type': 'home'}
 {'abbreviation': None, 'name': 'Road', 'summary': '0-1', 'type': 'road'}
 {'abbreviation': None, 'name': 'vs. Conf.', 'summary': '0-0', 'type': 'vsconf'}]",,,UK,MORE,0033a0,094FA3,ffffff,fed91a,UK,0033a0,ffffff,MORE,094FA3,fed91a,https://raw.githubusercontent.com/sportsdataverse/wehoop-wbb-raw/main/wbb/json/final/401818576.json,2025-11-03T23:30Z,TRUE,,
401826628,2025-11-03T23:00Z,James Madison,Kent State,Home,W,80,48,https://a.espncdn.com/i/teamlogos/ncaa/500/256.png,https://a.espncdn.com/i/teamlogos/ncaa/500/2309.png,99,99,27,14,,,FALSE,1,MAC-Sun Belt Challenge,STATUS_FINAL,27,TRUE,99,"[{'abbreviation': 'Game', 'name': 'overall', 'summary': '1-0', 'type': 'total'}
 {'abbreviation': None, 'name': 'Home', 'summary': '1-0', 'type': 'home'}
 {'abbreviation': None, 'name': 'Road', 'summary': '0-0', 'type': 'road'}
 {'abbreviation': None, 'name': 'vs. Conf.', 'summary': '0-0', 'type': 'vsconf'}]",14,FALSE,99,"[{'abbreviation': 'Game', 'name': 'overall', 'summary': '0-1', 'type': 'total'}
 {'abbreviation': None, 'name': 'Home', 'summary': '0-0', 'type': 'home'}
 {'abbreviation': None, 'name': 'Road', 'summary': '0-1', 'type': 'road'}
 {'abbreviation': None, 'name': 'vs. Conf.', 'summary': '0-0', 'type': 'vsconf'}]",,,JMU,KENT,450084,2664,cbb677,eaab00,JMU,450084,cbb677,KENT,2664,eaab00,https://raw.githubusercontent.com/sportsdataverse/wehoop-wbb-raw/main/wbb/json/final/401826628.json,2025-11-03T23:00Z,TRUE,,
401827851,2025-11-03T22:30Z,Oklahoma,Belmont,Home,W,84,67,https://a.espncdn.com/i/teamlogos/ncaa/500/201.png,https://a.espncdn.com/i/teamlogos/ncaa/500/2057.png,6,99,23,18,,,FALSE,1,,STATUS_FINAL,23,TRUE,6,"[{'abbreviation': 'Game', 'name': 'overall', 'summary': '1-0', 'type': 'total'}
 {'abbreviation': None, 'name': 'Home', 'summary': '1-0', 'type': 'home'}
 {'abbreviation': None, 'name': 'Road', 'summary': '0-0', 'type': 'road'}
 {'abbreviation': None, 'name': 'vs. Conf.', 'summary': '0-0', 'type': 'vsconf'}]",18,FALSE,99,"[{'abbreviation': 'Game', 'name': 'overall', 'summary': '0-1', 'type': 'total'}
 {'abbreviation': None, 'name': 'Home', 'summary': '0-0', 'type': 'home'}
 {'abbreviation': None, 'name': 'Road', 'summary': '0-1', 'type': 'road'}
 {'abbreviation': None, 'name': 'vs. Conf.', 'summary': '0-0', 'type': 'vsconf'}]",,,OU,BEL,990000,182142,ffffff,c9262d,OU,990000,ffffff,BEL,182142,c9262d,https://raw.githubusercontent.com/sportsdataverse/wehoop-wbb-raw/main/wbb/json/final/401827851.json,2025-11-03T22:30Z,TRUE,,
401813262,2025-11-03T22:00Z,Alabama,Stetson,Home,W,82,73,https://a.espncdn.com/i/teamlogos/ncaa/500/333.png,https://a.espncdn.com/i/teamlogos/ncaa/500/56.png,99,99,23,46,,,FALSE,1,,STATUS_FINAL,23,TRUE,99,"[{'abbreviation': 'Game', 'name': 'overall', 'summary': '1-0', 'type': 'total'}
 {'abbreviation': None, 'name': 'Home', 'summary': '1-0', 'type': 'home'}
 {'abbreviation': None, 'name': 'Road', 'summary': '0-0', 'type': 'road'}
 {'abbreviation': None, 'name': 'vs. Conf.', 'summary': '0-0', 'type': 'vsconf'}]",46,FALSE,99,"[{'abbreviation': 'Game', 'name': 'overall', 'summary': '0-1', 'type': 'total'}
 {'abbreviation': None, 'name': 'Home', 'summary': '0-0', 'type': 'home'}
 {'abbreviation': None, 'name': 'Road', 'summary': '0-1', 'type': 'road'}
 {'abbreviation': None, 'name': 'vs. Conf.', 'summary': '0-0', 'type': 'vsconf'}]",,,ALA,STET,9e1b32,0a5640,ffffff,56854e,ALA,9e1b32,ffffff,STET,0a5640,56854e,https://raw.githubusercontent.com/sportsdataverse/wehoop-wbb-raw/main/wbb/json/final/401813262.json,2025-11-03T22:00Z,TRUE,,
401818527,2025-11-03T22:00Z,Georgia,Alabama State,Home,W,73,44,https://a.espncdn.com/i/teamlogos/ncaa/500/61.png,https://a.espncdn.com/i/teamlogos/ncaa/500/2011.png,99,99,23,26,,,FALSE,1,,STATUS_FINAL,23,TRUE,99,"[{'abbreviation': 'Game', 'name': 'overall', 'summary': '1-0', 'type': 'total'}
 {'abbreviation': None, 'name': 'Home', 'summary': '1-0', 'type': 'home'}
 {'abbreviation': None, 'name': 'Road', 'summary': '0-0', 'type': 'road'}
 {'abbreviation': None, 'name': 'vs. Conf.', 'summary': '0-0', 'type': 'vsconf'}]",26,FALSE,99,"[{'abbreviation': 'Game', 'name': 'overall', 'summary': '0-1', 'type': 'total'}
 {'abbreviation': None, 'name': 'Home', 'summary': '0-0', 'type': 'home'}
 {'abbreviation': None, 'name': 'Road', 'summary': '0-1', 'type': 'road'}
 {'abbreviation': None, 'name': 'vs. Conf.', 'summary': '0-0', 'type': 'vsconf'}]",,,UGA,ALST,ba0c2f,e9a900,2c2a29,0a0a0a,UGA,ba0c2f,2c2a29,ALST,e9a900,0a0a0a,https://raw.githubusercontent.com/sportsdataverse/wehoop-wbb-raw/main/wbb/json/final/401818527.json,2025-11-03T22:00Z,TRUE,,
401817548,2025-11-03T19:30Z,Vanderbilt,California,Neutral,W,74,65,https://a.espncdn.com/i/teamlogos/ncaa/500/238.png,https://a.espncdn.com/i/teamlogos/ncaa/500/25.png,19,99,23,2,,,FALSE,1,Oui-Play,STATUS_FINAL,23,TRUE,19,"[{'abbreviation': 'Game', 'name': 'overall', 'summary': '1-0', 'type': 'total'}
 {'abbreviation': None, 'name': 'Home', 'summary': '0-0', 'type': 'home'}
 {'abbreviation': None, 'name': 'Road', 'summary': '0-0', 'type': 'road'}
 {'abbreviation': None, 'name': 'vs. Conf.', 'summary': '0-0', 'type': 'vsconf'}]",2,FALSE,99,"[{'abbreviation': 'Game', 'name': 'overall', 'summary': '0-1', 'type': 'total'}
 {'abbreviation': None, 'name': 'Home', 'summary': '0-0', 'type': 'home'}
 {'abbreviation': None, 'name': 'Road', 'summary': '0-0', 'type': 'road'}
 {'abbreviation': None, 'name': 'vs. Conf.', 'summary': '0-0', 'type': 'vsconf'}]",,,VAN,CAL,0,4.10E+43,cfae70,ffc72c,VAN,0,cfae70,CAL,4.10E+43,ffc72c,https://raw.githubusercontent.com/sportsdataverse/wehoop-wbb-raw/main/wbb/json/final/401817548.json,2025-11-03T19:30Z,TRUE,,
401818646,2025-11-03T18:00Z,Nebraska,Northwestern State,Home,W,103,46,https://a.espncdn.com/i/teamlogos/ncaa/500/158.png,https://a.espncdn.com/i/teamlogos/ncaa/500/2466.png,99,99,7,25,,,FALSE,1,,STATUS_FINAL,7,TRUE,99,"[{'abbreviation': 'Game', 'name': 'overall', 'summary': '1-0', 'type': 'total'}
 {'abbreviation': None, 'name': 'Home', 'summary': '1-0', 'type': 'home'}
 {'abbreviation': None, 'name': 'Road', 'summary': '0-0', 'type': 'road'}
 {'abbreviation': None, 'name': 'vs. Conf.', 'summary': '0-0', 'type': 'vsconf'}]",25,FALSE,99,"[{'abbreviation': 'Game', 'name': 'overall', 'summary': '0-1', 'type': 'total'}
 {'abbreviation': None, 'name': 'Home', 'summary': '0-0', 'type': 'home'}
 {'abbreviation': None, 'name': 'Road', 'summary': '0-1', 'type': 'road'}
 {'abbreviation': None, 'name': 'vs. Conf.', 'summary': '0-0', 'type': 'vsconf'}]",,,NEB,NWST,e31937,492F91,ffffff,ed6118,NEB,e31937,ffffff,NWST,492F91,ed6118,https://raw.githubusercontent.com/sportsdataverse/wehoop-wbb-raw/main/wbb/json/final/401818646.json,2025-11-03T18:00Z,TRUE,,
401817556,2025-11-03T17:00Z,Duke,Baylor,Neutral,L,52,58,https://a.espncdn.com/i/teamlogos/ncaa/500/150.png,https://a.espncdn.com/i/teamlogos/ncaa/500/239.png,7,16,2,8,,,FALSE,1,Oui-Play,STATUS_FINAL,8,TRUE,16,"[{'abbreviation': 'Game', 'name': 'overall', 'summary': '1-0', 'type': 'total'}
 {'abbreviation': None, 'name': 'Home', 'summary': '0-0', 'type': 'home'}
 {'abbreviation': None, 'name': 'Road', 'summary': '0-0', 'type': 'road'}
 {'abbreviation': None, 'name': 'vs. Conf.', 'summary': '0-0', 'type': 'vsconf'}]",2,FALSE,7,"[{'abbreviation': 'Game', 'name': 'overall', 'summary': '0-1', 'type': 'total'}
 {'abbreviation': None, 'name': 'Home', 'summary': '0-0', 'type': 'home'}
 {'abbreviation': None, 'name': 'Road', 'summary': '0-0', 'type': 'road'}
 {'abbreviation': None, 'name': 'vs. Conf.', 'summary': '0-0', 'type': 'vsconf'}]",,,DUKE,BAY,00539b,154734,ffffff,ffb81c,BAY,154734,ffb81c,DUKE,00539b,ffffff,https://raw.githubusercontent.com/sportsdataverse/wehoop-wbb-raw/main/wbb/json/final/401817556.json,2025-11-03T17:00Z,TRUE,,
401819923,2025-11-03T17:00Z,Iowa State,St. Thomas-Minnesota,Home,W,85,36,https://a.espncdn.com/i/teamlogos/ncaa/500/66.png,https://a.espncdn.com/i/teamlogos/ncaa/500/2900.png,14,99,8,47,,,FALSE,1,,STATUS_FINAL,8,TRUE,14,"[{'abbreviation': 'Game', 'name': 'overall', 'summary': '1-0', 'type': 'total'}
 {'abbreviation': None, 'name': 'Home', 'summary': '1-0', 'type': 'home'}
 {'abbreviation': None, 'name': 'Road', 'summary': '0-0', 'type': 'road'}
 {'abbreviation': None, 'name': 'vs. Conf.', 'summary': '0-0', 'type': 'vsconf'}]",47,FALSE,99,"[{'abbreviation': 'Game', 'name': 'overall', 'summary': '0-1', 'type': 'total'}
 {'abbreviation': None, 'name': 'Home', 'summary': '0-0', 'type': 'home'}
 {'abbreviation': None, 'name': 'Road', 'summary': '0-1', 'type': 'road'}
 {'abbreviation': None, 'name': 'vs. Conf.', 'summary': '0-0', 'type': 'vsconf'}]",,,ISU,STMN,ae192d,0,ffc72a,,ISU,ae192d,ffc72a,STMN,0,,https://raw.githubusercontent.com/sportsdataverse/wehoop-wbb-raw/main/wbb/json/final/401819923.json,2025-11-03T17:00Z,TRUE,,
401827820,2025-11-03T17:00Z,Ole Miss,Norfolk State,Home,W,87,46,https://a.espncdn.com/i/teamlogos/ncaa/500/145.png,https://a.espncdn.com/i/teamlogos/ncaa/500/2450.png,12,99,23,16,,,FALSE,1,,STATUS_FINAL,23,TRUE,12,"[{'abbreviation': 'Game', 'name': 'overall', 'summary': '1-0', 'type': 'total'}
 {'abbreviation': None, 'name': 'Home', 'summary': '1-0', 'type': 'home'}
 {'abbreviation': None, 'name': 'Road', 'summary': '0-0', 'type': 'road'}
 {'abbreviation': None, 'name': 'vs. Conf.', 'summary': '0-0', 'type': 'vsconf'}]",16,FALSE,99,"[{'abbreviation': 'Game', 'name': 'overall', 'summary': '0-1', 'type': 'total'}
 {'abbreviation': None, 'name': 'Home', 'summary': '0-0', 'type': 'home'}
 {'abbreviation': None, 'name': 'Road', 'summary': '0-1', 'type': 'road'}
 {'abbreviation': None, 'name': 'vs. Conf.', 'summary': '0-0', 'type': 'vsconf'}]",,,MISS,NORF,13294b,0c8968,cf142b,fdb813,MISS,13294b,cf142b,NORF,0c8968,fdb813,https://raw.githubusercontent.com/sportsdataverse/wehoop-wbb-raw/main/wbb/json/final/401827820.json,2025-11-03T17:00Z,TRUE,,
401817556,2025-11-03T17:00Z,Baylor,Duke,Neutral,W,58,52,https://a.espncdn.com/i/teamlogos/ncaa/500/239.png,https://a.espncdn.com/i/teamlogos/ncaa/500/150.png,16,7,8,2,,,FALSE,1,Oui-Play,STATUS_FINAL,8,TRUE,16,"[{'abbreviation': 'Game', 'name': 'overall', 'summary': '1-0', 'type': 'total'}
 {'abbreviation': None, 'name': 'Home', 'summary': '0-0', 'type': 'home'}
 {'abbreviation': None, 'name': 'Road', 'summary': '0-0', 'type': 'road'}
 {'abbreviation': None, 'name': 'vs. Conf.', 'summary': '0-0', 'type': 'vsconf'}]",2,FALSE,7,"[{'abbreviation': 'Game', 'name': 'overall', 'summary': '0-1', 'type': 'total'}
 {'abbreviation': None, 'name': 'Home', 'summary': '0-0', 'type': 'home'}
 {'abbreviation': None, 'name': 'Road', 'summary': '0-0', 'type': 'road'}
 {'abbreviation': None, 'name': 'vs. Conf.', 'summary': '0-0', 'type': 'vsconf'}]",,,BAY,DUKE,154734,00539b,ffb81c,ffffff,BAY,154734,ffb81c,DUKE,00539b,ffffff,https://raw.githubusercontent.com/sportsdataverse/wehoop-wbb-raw/main/wbb/json/final/401817556.json,2025-11-03T17:00Z,TRUE,,
401807516,2025-11-03T16:00Z,UNC,North Carolina Central,Home,W,90,42,https://a.espncdn.com/i/teamlogos/ncaa/500/153.png,https://a.espncdn.com/i/teamlogos/ncaa/500/2428.png,11,99,2,16,,,FALSE,1,,STATUS_FINAL,2,TRUE,11,"[{'abbreviation': 'Game', 'name': 'overall', 'summary': '1-0', 'type': 'total'}
 {'abbreviation': None, 'name': 'Home', 'summary': '1-0', 'type': 'home'}
 {'abbreviation': None, 'name': 'Road', 'summary': '0-0', 'type': 'road'}
 {'abbreviation': None, 'name': 'vs. Conf.', 'summary': '0-0', 'type': 'vsconf'}]",16,FALSE,99,"[{'abbreviation': 'Game', 'name': 'overall', 'summary': '0-1', 'type': 'total'}
 {'abbreviation': None, 'name': 'Home', 'summary': '0-0', 'type': 'home'}
 {'abbreviation': None, 'name': 'Road', 'summary': '0-1', 'type': 'road'}
 {'abbreviation': None, 'name': 'vs. Conf.', 'summary': '0-0', 'type': 'vsconf'}]",,,UNC,NCCU,7bafd4,880023,13294b,c2c3c0,UNC,7bafd4,13294b,NCCU,880023,c2c3c0,https://raw.githubusercontent.com/sportsdataverse/wehoop-wbb-raw/main/wbb/json/final/401807516.json,2025-11-03T16:00Z,TRUE,,
401819578,2025-11-03T16:00Z,Clemson,South Carolina Upstate,Home,W,76,38,https://a.espncdn.com/i/teamlogos/ncaa/500/228.png,https://a.espncdn.com/i/teamlogos/ncaa/500/2908.png,99,99,2,6,,,FALSE,1,,STATUS_FINAL,2,TRUE,99,"[{'abbreviation': 'Game', 'name': 'overall', 'summary': '1-0', 'type': 'total'}
 {'abbreviation': None, 'name': 'Home', 'summary': '1-0', 'type': 'home'}
 {'abbreviation': None, 'name': 'Road', 'summary': '0-0', 'type': 'road'}
 {'abbreviation': None, 'name': 'vs. Conf.', 'summary': '0-0', 'type': 'vsconf'}]",6,FALSE,99,"[{'abbreviation': 'Game', 'name': 'overall', 'summary': '0-1', 'type': 'total'}
 {'abbreviation': None, 'name': 'Home', 'summary': '0-0', 'type': 'home'}
 {'abbreviation': None, 'name': 'Road', 'summary': '0-1', 'type': 'road'}
 {'abbreviation': None, 'name': 'vs. Conf.', 'summary': '0-0', 'type': 'vsconf'}]",,,CLEM,UPST,f56600,8545,ffffff,0,CLEM,f56600,ffffff,UPST,8545,0,https://raw.githubusercontent.com/sportsdataverse/wehoop-wbb-raw/main/wbb/json/final/401819578.json,2025-11-03T16:00Z,TRUE,,